%time,field
1603000000,0.000140544860988
1643000000,0.000105689383426
1694000000,6.56186809451e-05
1735000000,2.11019049133e-05
1770000000,-2.72148329725e-05
1822000000,-7.9031459804e-05
1854000000,-0.000132760843921
1891000000,-0.000188203763645
1938000000,-0.000244396404755
1980000000,-0.00030143302774
2032000000,-0.000357831655038
2066000000,-0.000425674410205
2105000000,-0.000654585214039
2130000000,-0.000745632415262
2164000000,-0.000928604037589
2210000000,-0.000997981421619
2254000000,-0.0010350580783
2291000000,-0.00106514087928
2349000000,-0.00109266730771
2370000000,-0.00111258033316
2402000000,-0.00112591519277
2450000000,-0.00113830548367
2502000000,-0.00111078230168
2531000000,-0.00107761503043
2582000000,-0.00103033985641
2603000000,-0.000955410061761
2660000000,-0.000870836088781
2697000000,-0.000762848784637
2735000000,-0.000638728115244
2801000000,-0.000490255497991
2831000000,-0.000271407009133
2871000000,-0.000103325155683
2887000000,0.00012830649448
2924000000,0.000312001440505
2977000000,0.000537915089592
3015000000,0.000789696715146
3063000000,0.00103640093026
3094000000,0.00211365748875
3125000000,0.00261179002605
3162000000,0.00275521316024
3203000000,0.00263799900017
3271000000,0.00238675264178
3288000000,0.0020110001444
3339000000,0.00170082836797
3383000000,0.00134185844166
3401000000,0.0010102567724
3455000000,0.000647427782604
3486000000,0.000380543172147
3543000000,5.83380791318e-05
3581000000,-0.000154514201302
3621000000,0.00100792420014
3650000000,0.00126549418309
3694000000,0.00118590894594
3734000000,0.00101748544339
3773000000,0.000802104138135
3808000000,0.000580804649531
3808000000,0.000303488316096
3883000000,-0.00171722872395
3929000000,-0.00275905123883
3968000000,-0.00337205194599
4024000000,-0.00350375562993
4051000000,-0.00348381579913
4084000000,-0.00321266031131
4163000000,-0.00287067831226
4189000000,-0.00239360191538
4206000000,-0.00194411000589
4252000000,-0.00154857406509
4311000000,-0.0012182193333
4331000000,-0.000736734165757
4360000000,-0.000492548862945
4413000000,-0.000176025075488
4476000000,3.57210601832e-05
4500000000,0.000324799214506
4530000000,-0.00105399702107
4578000000,-0.00138121869909
4615000000,-0.00133013275215
4652000000,-0.00114449416078
4706000000,-0.000944290448644
4734000000,0.00100376780941
4777000000,0.00251108967262
4816000000,0.00349906396393
4847000000,0.0036192983785
4890000000,0.00349979251335
4942000000,0.00214135940855
4968000000,0.00193082510579
5027000000,0.0020835617209
5059000000,0.00227144244561
5094000000,0.00239691331504
5159000000,0.00253068217623
5193000000,0.00261848977606
5231000000,0.00261252664423
5241000000,0.00147201451695
5321000000,0.000450559806355
5356000000,-0.000315809196176
5383000000,-0.000687310035697
5401000000,-0.000942737012561
5490000000,-0.00109623955839
5524000000,-0.00127635415693
5545000000,9.6063859662e-05
5581000000,0.000474632397674
5614000000,0.000409236597712
5657000000,0.000239469066072
5694000000,7.65517838204e-05
5737000000,-0.000114436225444
5791000000,-0.00145055152959
5807000000,-0.00255788338165
5860000000,-0.00275155168598
5905000000,-0.00269385976047
5940000000,-0.00253794953652
5991000000,-0.00227556265924
6038000000,-0.00204429734572
6065000000,-0.00206285240841
6103000000,-0.00217485786691
6128000000,-0.0022079339663
6166000000,-0.00218060206924
6215000000,-0.00210692046298
6248000000,-0.00199710427634
6298000000,-0.000153963651601
6345000000,0.000940687871177
6386000000,0.00171593391604
6403000000,0.00229022596874
6466000000,0.00242394086156
6496000000,0.000804729632286
6559000000,0.000444738716935
6585000000,0.000490369682424
6610000000,0.000748636063029
6642000000,0.000956108026536
6693000000,0.00113167558016
6774000000,0.00185422096497
6774000000,0.00216869702662
6821000000,0.00225973284269
6850000000,0.00216845090147
6892000000,0.00195616733788
6945000000,0.00170249032541
6971000000,0.00204313602867
7013000000,0.00216962228545
7055000000,0.00218510455764
7084000000,0.000887298590003
7131000000,-0.00161321216549
7168000000,-0.00330055597495
7221000000,-0.00409303441691
7255000000,-0.00455398785347
7291000000,-0.00458481176518
7336000000,-0.00446191212674
7361000000,-0.00415393155588
7413000000,-0.00278927308358
7459000000,-0.00245367094541
7487000000,-0.00244165244357
7535000000,-0.00249014087705
7579000000,-0.00224609347937
7624000000,-0.00192636257067
7667000000,-0.00159882564539
7697000000,-0.0011679841269
7739000000,-0.000886263749782
7776000000,-0.000615472029367
7837000000,-0.000353288556557
7869000000,-0.000113067246344
7886000000,-0.00108694210904
7948000000,-0.00136612421555
7967000000,-0.00139786585391
8026000000,-0.00120799542829
8066000000,-0.00101386439682
8086000000,-0.00081351961721
8142000000,0.00100284943805
8172000000,0.00208673142963
8241000000,0.00261881415903
8243000000,0.00295063916161
8295000000,0.00291871763274
8334000000,0.00278252213053
8378000000,0.00205680288757
8418000000,0.00196768087497
8450000000,0.00205555693001
8496000000,0.00214671348029
8536000000,0.00161924450782
8577000000,0.00115293737414
8616000000,0.000772499237459
8651000000,0.00047783208498
8689000000,0.000190623969483
8725000000,1.49646285279e-05
8779000000,0.00106338590396
8832000000,0.00128729790889
8850000000,0.00130866678198
8894000000,0.00114413245386
8941000000,0.000982530990111
8968000000,0.000775072487753
9013000000,0.000561025425861
9056000000,-0.00130989528851
9091000000,-0.00236502819875
9129000000,-0.00296774841949
9180000000,-0.00312457053059
9228000000,-0.00310666653009
9270000000,-0.00290783825642
9319000000,-0.00257855574249
9323000000,-0.00225571030416
9367000000,-0.00227129704333
9405000000,-0.00212150051139
9447000000,-0.00188435348571
9509000000,-0.00242836733153
9527000000,-0.00257139516454
9568000000,-0.00253774792297
9631000000,-0.00243431709776
9682000000,-0.0022769393718
9722000000,-0.000387703505731
9760000000,0.00113747420869
9790000000,0.00208578218622
9820000000,0.00268747592122
9850000000,0.00275549726641
9880000000,0.00265421453397
9926000000,0.00110602412273
9983000000,0.000832980387888
10025000000,0.000962671330255
10048000000,0.00115521509895
10099000000,0.00174481618495
10144000000,0.00199717418526
10180000000,0.00205654479184
10222000000,0.00195558861499
10248000000,0.00176512197933
10289000000,0.00151336057242
10325000000,0.00130799405168
10363000000,0.00102129777783
10418000000,0.00171154808594
10454000000,0.00191063853156
10500000000,0.00188648480952
10534000000,0.00180732243262
10573000000,0.00191079910385
10618000000,0.00180097721751
10665000000,0.00162344016728
10694000000,-0.000470832886401
10741000000,-0.001820228094
10776000000,-0.00268984791542
10818000000,-0.00300322012856
10849000000,-0.00300528502188
10893000000,-0.00318021759782
10951000000,-0.00315439363755
10979000000,-0.00293219325052
11005000000,-0.00260956201699
11057000000,-0.00226756416231
11110000000,-0.00190361974981
11143000000,-0.00155224718875
11158000000,-0.00119472956262
11216000000,-0.000784286454432
11252000000,-0.000507508136507
11301000000,-0.00148508690132
11337000000,-0.00172725354179
11377000000,-0.00168343212841
11427000000,-0.00154708349093
11444000000,-0.00138791334854
11490000000,0.000363821850149
11542000000,0.00150703540605
11571000000,0.00210478023345
11629000000,0.00247127400205
11661000000,0.00108123416992
11683000000,0.000742501247312
11762000000,0.000883052501858
11791000000,0.00115178195634
11811000000,0.00134686563903
11858000000,0.00152327759008
11909000000,0.00169959614981
11929000000,0.00187510338565
11999000000,0.00215145181801
12038000000,0.00221661715528
12072000000,0.00198933933587
12103000000,0.00178000733823
12126000000,0.00146876407415
12184000000,0.0011385436724
12240000000,0.000814975255464
12269000000,0.000417919234925
12291000000,0.00155965486336
12341000000,0.00184568210653
12383000000,0.00172156957496
12420000000,0.00153644141923
12459000000,-0.000443011527429
12498000000,-0.00175150313451
12524000000,-0.00248487882827
12590000000,-0.00283341562353
12610000000,-0.00301243279993
12650000000,-0.0029351232542
12722000000,-0.00277361881357
12742000000,-0.00187238753045
12770000000,-0.00175774674695
12828000000,-0.00184209759162
12851000000,-0.00195337307278
12891000000,-0.00200408286604
12936000000,-0.00145275971782
12970000000,-0.00100621288244
13019000000,-0.000671547238131
13052000000,-0.000374621955865
13098000000,-0.000163663066159
13128000000,-0.00115216759584
13179000000,-0.0013940519331
13227000000,-0.00136613218428
13240000000,-0.00124511963603
13299000000,-0.001002857721
13323000000,-0.000804911782708
13372000000,0.00109098573776
13413000000,0.00222271748792
13451000000,0.00277550683936
13499000000,0.00304238500543
13540000000,0.00302063110409
13560000000,0.00310578516239
13620000000,0.00296076306167
13643000000,0.00274111846506
13715000000,0.00242939386959
13743000000,0.00203274803585
13780000000,0.00169352714751
13810000000,0.0021445848307
13868000000,0.00226804321296
13897000000,0.00226278892539
13948000000,0.0021407706148
13970000000,0.0019997838012
14023000000,0.000213017199207
14045000000,-0.000892749688298
14096000000,-0.0015979975599
14123000000,-0.00195402009991
14170000000,-0.00212141973617
14199000000,-0.000674377726382
14247000000,-0.000428351518737
14316000000,-0.000531601666348
14342000000,-0.000746618781693
14375000000,-0.000908074621128
14431000000,-0.00164734617471
14456000000,-0.00204221760202
14487000000,-0.0021507382629
14532000000,-0.00209639495094
14571000000,-0.00191662069627
14607000000,-0.00169085644814
14644000000,-0.00134770945483
14696000000,-0.00110603600725
14739000000,-0.0017240337627
14777000000,-0.00159303798978
14815000000,-0.00150055869576
14863000000,-0.00139733524274
14895000000,0.000408285974157
14928000000,0.00148259111137
14974000000,0.00209819562982
15020000000,0.0024309322746
15048000000,0.00250412865993
15104000000,0.0010807199469
15141000000,0.000832439829623
15186000000,0.000915257456607
15205000000,0.00110346669882
15272000000,0.00123691704621
15296000000,0.00140691963304
15335000000,0.00193013329201
15371000000,0.00212688845457
15422000000,0.00210555906096
15451000000,0.00195976854441
15494000000,0.00171092502019
15539000000,0.00142641183938
15572000000,0.00116236392602
15624000000,0.000853848253457
15651000000,0.00165073544736
15687000000,0.00185937232186
15736000000,0.00182991688002
15776000000,0.001711121322
15810000000,0.00155955402199
15851000000,0.00137380302355
15885000000,-0.000708472726801
15941000000,-0.00182412824302
15990000000,-0.0025333065027
16035000000,-0.00299387534315
16063000000,-0.00314977634891
16090000000,-0.00293324744072
16153000000,-0.00269160524741
16165000000,-0.00192373023147
16209000000,-0.00186658408043
16258000000,-0.00194100658399
16293000000,-0.00156868570643
16344000000,-0.00120290539102
16388000000,-0.00088930432416
16435000000,-0.000574998724617
16440000000,-0.000245649033139
16489000000,-5.40054156709e-05
16531000000,8.27925016512e-05
16566000000,-0.000910494932615
16610000000,-0.00114864951623
16661000000,-0.00111397266776
16703000000,-0.00100784144994
16735000000,-0.000841335943234
16769000000,-0.000691086860626
16814000000,-0.000487525879098
16861000000,0.00141021320392
16894000000,0.00248841349082
16934000000,0.00305519227091
16978000000,0.00337174198682
17023000000,0.00338202810952
17073000000,0.00322359093916
17105000000,0.00289578831121
17157000000,0.0024776789728
17183000000,0.002580196876
17206000000,0.00276908426633
17262000000,0.00279279131841
17290000000,0.00273395608199
17343000000,0.00153146617178
17377000000,0.000621909279999
17418000000,-0.000161175105986
17456000000,-0.000755974225328
17488000000,-0.000998273693813
17527000000,-0.00107017909636
17574000000,0.000332714950327
17613000000,0.0010075671559
17648000000,0.00067148908939
17690000000,0.000370166178032
17726000000,0.000140482861912
17768000000,-0.00119635942418
17823000000,-0.00190622301168
17849000000,-0.00231984241976
17885000000,-0.00240061438475
17925000000,-0.00238019527571
17974000000,-0.00176505544727
18034000000,-0.00130126201575
18061000000,-0.000803418302413
18094000000,-0.000515737950576
18139000000,-0.00123902644352
18200000000,-0.00167524032468
18229000000,-0.00185171194992
18256000000,-0.00171912608509
18302000000,-0.00158708602054
18351000000,-0.00145405824609
18372000000,-0.00127683134675
18407000000,-0.00111535979453
18451000000,0.000846009977559
18485000000,0.00194529138296
18526000000,0.00253059130656
18589000000,0.00274866962156
18635000000,0.00139186230598
18660000000,0.000832753487542
18704000000,0.00118355938604
18722000000,0.00147062272084
18770000000,0.00190860308209
18813000000,0.00203564790213
18859000000,0.00195551918813
18930000000,0.00178361521061
18940000000,0.00143258716595
18966000000,0.00118709980504
19024000000,0.000927923176049
19053000000,0.00068493398508
19092000000,0.000411508505813
19129000000,0.00134291599868
19171000000,0.00181268770464
19211000000,0.00161250571964
19263000000,0.00141665451122
19302000000,0.00123920723534
19326000000,0.00103944716545
19379000000,-0.000897155642895
19427000000,-0.00255991718987
19445000000,-0.00346295217434
19484000000,-0.00332896688738
19533000000,-0.00317460927481
19580000000,-0.00286613483391
19619000000,-0.00204059565977
19650000000,-0.00193135654509
19699000000,-0.00201361739207
19733000000,-0.00209248568042
19771000000,-0.00212883966656
19808000000,-0.00131191139527
19861000000,-0.000766758748649
19908000000,-0.000306272071558
19941000000,5.09896851405e-06
19983000000,0.000295540918981
20020000000,0.000465569863179
20073000000,-0.00067058037964
20107000000,-0.00128368736333
20149000000,-0.00121810588852
20197000000,-0.000884551293253
20234000000,-0.000591394724085
20251000000,-0.00039578093653
20303000000,-0.00027254922953
20336000000,0.00135145714832
20377000000,0.00212025449593
20428000000,0.00253335616498
20456000000,0.00264836258858
20510000000,0.00258360540585
20539000000,0.00238525573065
20585000000,0.00213374838822
20638000000,0.00176845887509
20662000000,0.00189323615379
20701000000,0.00206103337115
20724000000,0.00210343469234
20763000000,0.00206560821394
20806000000,0.00198578091312
20850000000,0.0018642165992
20890000000,8.96451763916e-05
20925000000,-0.00155978008968
20993000000,-0.00200065226951
21009000000,-0.00224762439427
21060000000,-0.00232124491703
21086000000,-0.000829114960004
21147000000,-0.000546448079388
21185000000,-0.000643792300605
21205000000,-0.000821222036728
21256000000,-0.00098390989976
21301000000,-0.00168271908035
21332000000,-0.0019971626022
21379000000,-0.00206657783038
21403000000,-0.00197624805145
21460000000,-0.00179581692949
21498000000,-0.00136423544409
21542000000,-0.000990494500741
21573000000,-0.000633830762859
21631000000,-0.00138678912251
21647000000,-0.00170243453396
21699000000,-0.00160127726723
21755000000,-0.00148113235701
21780000000,-0.00132917403801
21817000000,-0.00116455550375
21869000000,0.00082671034811
21903000000,0.00221938987688
21922000000,0.00293458327644
21996000000,0.00315842996659
22017000000,0.00328327895447
22046000000,0.00311856803039
22103000000,0.00201664840566
22130000000,0.00183444330207
22169000000,0.00193461395059
22208000000,0.00205841275748
22238000000,0.00181846662426
22292000000,0.00147585250404
22321000000,0.00124693072232
22372000000,0.000952892554167
22412000000,0.000696993874217
22475000000,0.000434048732037
22500000000,0.000193937586679
22532000000,0.00118831657187
22571000000,0.00143454788873
22602000000,0.00140425619621
22640000000,0.00128028790374
22685000000,0.00112094105264
22740000000,0.000939906356869
22778000000,0.000715659837557
22804000000,-0.00124692645705
22856000000,-0.00241556910101
22894000000,-0.00306983658995
22924000000,-0.00327625737044
22961000000,-0.0032516523663
22994000000,-0.00311026193785
23066000000,-0.00276742345734
23088000000,-0.00242319862754
23119000000,-0.00241456960991
23170000000,-0.0024565267507
23224000000,-0.00246661196823
23247000000,-0.00130766513623
23281000000,-0.000508933506284
23330000000,0.000284888996568
23364000000,0.000583541789341
23411000000,0.000769933734213
23445000000,0.00100274229371
23487000000,-0.00038869323143
23531000000,-0.000691752389301
23574000000,-0.00063237341592
23610000000,-0.000476172731395
23657000000,-0.000303117512117
23689000000,0.00168511426425
23739000000,0.00283224121113
23768000000,0.00340853652271
23817000000,0.00363180461192
23860000000,0.00355533340663
23902000000,0.00337137966325
23922000000,0.00306076357299
23965000000,0.00271747754476
24029000000,0.00259101283218
24045000000,0.00266849231629
24108000000,0.00268683535192
24139000000,0.00155836363763
24155000000,0.000728989940908
24212000000,0.000179481213068
24242000000,-0.000261241515388
24308000000,-0.000487974945655
24334000000,-0.000738663351392
24382000000,0.000577553136796
24413000000,0.001205148456
24449000000,0.000903167595452
24489000000,0.000647252257544
24537000000,0.000438354368493
24574000000,-0.00106907236479
24617000000,-0.00196787245733
24642000000,-0.0024167205451
24700000000,-0.0026919668657
24734000000,-0.00269261943213
24763000000,-0.0025206241703
24814000000,-0.00225507039537
24855000000,-0.00200289496336
24896000000,-0.00200652284195
24938000000,-0.00205387719694
24968000000,-0.00207570089354
25027000000,-0.00205856545406
25066000000,-0.0019992551685
25098000000,-0.000624976787536
25168000000,0.000351797663814
25193000000,0.00123334301999
25208000000,0.00183034075663
25230000000,0.00184929172747
25302000000,0.000249012158047
25345000000,-0.00051102684433
25370000000,-0.000152268864132
25405000000,0.000146592269936
25443000000,0.000360709858992
25491000000,0.00144600830268
25531000000,0.00200898196823
25580000000,0.00225707840367
25606000000,0.0022724106681
25643000000,0.00217978845194
25686000000,0.00201533321604
25712000000,0.00178540891129
25762000000,0.00146487263938
25809000000,0.00124276424218
25844000000,0.00175201877662
25893000000,0.0018883336456
25927000000,0.00187215678142
25969000000,0.00179406690301
26016000000,0.00167677597956
26047000000,0.00153062367564
26084000000,0.0013456485804
26121000000,-0.000577934394753
26159000000,-0.00171155421945
26218000000,-0.00231504613382
26261000000,-0.00252331343305
26291000000,-0.00116355380106
26325000000,-0.000581389651504
26378000000,-0.000990545177045
26408000000,-0.00129178475346
26459000000,-0.0019852614155
26488000000,-0.00225198962848
26530000000,-0.00227140872926
26569000000,-0.00212477954578
26613000000,-0.00189426355277
26649000000,-0.00159679769793
26690000000,-0.00130074512793
26726000000,-0.000970557630269
26760000000,-0.0017660706062
26806000000,-0.00196861269684
26850000000,-0.00194005915605
26906000000,-0.0018248533519
26935000000,-0.00164001650448
26963000000,0.000426456507373
27000000000,0.00177831438789
27057000000,0.00247210939048
27086000000,0.00290101026832
27120000000,0.00297245400983
27160000000,0.00294973530055
27211000000,0.00171343023587
27252000000,0.00149346447309
27286000000,0.0016003393366
27341000000,0.00174032150948
27362000000,0.00185255406709
27400000000,0.00179769887902
27462000000,0.00173467728799
27485000000,0.00149379963428
27528000000,0.00121002739295
27569000000,0.000976358491213
27610000000,0.000697170180284
27644000000,0.00151947127011
27684000000,0.00173079760358
27730000000,0.0017073833675
27769000000,0.00160614833791
27814000000,0.0014681661239
27856000000,0.00128213440499
27885000000,-0.000676612547425
27929000000,-0.00172211468954
27980000000,-0.0023819062553
28018000000,-0.00263374899317
28053000000,-0.00272989168082
28084000000,-0.00263236994443
28130000000,-0.00170444081319
28163000000,-0.00156053142497
28222000000,-0.00164609747542
28253000000,-0.00174847199266
28288000000,-0.00159727444197
28340000000,-0.00138060001002
28366000000,-0.00115636485468
28414000000,-0.000931462996923
28452000000,-0.000696034076178
28482000000,-0.000450873887859
28521000000,-0.00126914004983
28560000000,-0.00147475890645
28606000000,-0.00145387798914
28648000000,-0.0013558937029
28687000000,-0.00122041176443
28719000000,-0.00104655509441
28766000000,0.000772392175857
28803000000,0.00177343150664
28847000000,0.00235600349742
28890000000,0.0025749178894
28932000000,0.00261473013633
28972000000,0.00251694338766
29012000000,0.00171928384406
29053000000,0.00159975440769
29104000000,0.00167379683325
29124000000,0.0017628519703
29164000000,0.00182314242609
29203000000,0.00137253036089
29264000000,0.0010212477411
29294000000,0.000692973056092
29330000000,0.000437015753362
29392000000,0.000223084420697
29412000000,2.96457387537e-07
29446000000,0.000917485601245
29486000000,0.00114033404196
29522000000,0.00110668389174
29566000000,0.000995705927266
29611000000,0.000858662674819
29652000000,0.000687850624055
29681000000,0.000560268382054
29751000000,0.000339872965619
29773000000,-0.0014085065383
29804000000,-0.00230226996432
29841000000,-0.00272729639625
29896000000,-0.00278445088653
29919000000,-0.00270030816336
29962000000,-0.00246396111125
30029000000,-0.00216944405465
30059000000,-0.00206744653353
30090000000,-0.00216322040017
30127000000,-0.00221113161197
30167000000,-0.00219430453138
30212000000,-0.000946428210645
30281000000,-0.000162882763003
30296000000,0.000567812512159
30337000000,0.000886373953169
30362000000,0.00115498093787
30393000000,0.0012606104545
30441000000,-3.89397498042e-05
30483000000,-0.00029171422955
30547000000,-0.000217081211636
30570000000,0.000115003445092
30616000000,0.000333645410199
30643000000,0.00175138067859
30693000000,0.0024425577961
30730000000,0.00279239355627
30778000000,0.00282839778311
30809000000,0.00282750513538
30846000000,0.0025397891814
30879000000,0.00189482330566
30944000000,0.00191420914733
30983000000,0.00197491033162
31014000000,0.00198220039474
31045000000,0.00193903939575
31083000000,0.00047903419012
31128000000,-0.000387392961353
31169000000,-0.000973277170148
31211000000,-0.0012641614303
31254000000,-0.00147080666214
31284000000,-0.000122130450411
31342000000,0.000160590554773
31368000000,9.19750663254e-05
31400000000,-5.59268886313e-05
31442000000,-0.000226142738513
31482000000,-0.000399557987022
31528000000,-0.0015589986648
31574000000,-0.0020038538056
31617000000,-0.00219478262163
31669000000,-0.00215861762301
31680000000,-0.00204425102483
31723000000,-0.00181906393692
31762000000,-0.0015370146806
31817000000,-0.00178621411364
31870000000,-0.00188553606731
31917000000,-0.00191597145021
31946000000,-0.00185911755164
31980000000,-0.00175972329299
32010000000,-0.0016333840995
32057000000,0.000107461242093
32093000000,0.000798567016265
32132000000,0.00169399386184
32196000000,0.00219329844666
32223000000,0.00245267589133
32252000000,0.000991882859022
32291000000,0.000714859477131
32330000000,0.000837563503898
32366000000,0.00104758139053
32415000000,0.00186991217609
32455000000,0.0022220911422
32493000000,0.00230025852675
32535000000,0.0021992650075
32574000000,0.00198878282573
32613000000,0.0017143046412
32643000000,0.00179488526126
32688000000,0.0016770953769
32741000000,0.00152468437997
32769000000,0.00187630834623
32807000000,0.00195472872212
32860000000,0.00192975913384
32883000000,0.00181695122437
32931000000,0.00166291306799
32971000000,-0.000273317380246
33022000000,-0.00142290214821
33070000000,-0.00233655554056
33097000000,-0.00286271206258
33132000000,-0.00290922997374
33171000000,-0.00275803206531
33225000000,-0.001511329094
33258000000,-0.00128504895477
33299000000,-0.00139369309535
33324000000,-0.00164496447929
33375000000,-0.00168611811161
33419000000,-0.00159673556781
33451000000,-0.00143332003598
33489000000,-0.00118454691267
33528000000,-0.000963637302735
33563000000,-0.00072042612725
33633000000,-0.00141444634516
33656000000,-0.00178567631825
33691000000,-0.00166103876129
33720000000,-0.00153764204866
33769000000,-0.00141735713109
33802000000,-0.00127347380554
33867000000,-0.00108952839745
33900000000,0.000780625260549
33928000000,0.00199181263372
33961000000,0.00255283130342
34009000000,0.00282126885334
34043000000,0.00281321685663
34081000000,0.00268612049675
34126000000,0.0018509572237
34169000000,0.00172584446845
34204000000,0.00176460646938
34252000000,0.00166528248595
34280000000,0.00146399075265
34339000000,0.00125625323503
34375000000,0.00099475703686
34420000000,0.00077663038023
34459000000,0.000529341932837
34496000000,0.000321915216939
34542000000,0.00117588282212
34567000000,0.00140077406687
34613000000,0.00135945582361
34654000000,0.00125233764382
34714000000,0.00153631847102
34758000000,0.00154946217227
34769000000,0.00132983990667
34808000000,0.00107589396953
34845000000,0.000838072251059
34898000000,0.0006311216702
34933000000,-0.00107011033612
34988000000,-0.00201678133321
35020000000,-0.0025337324983
35048000000,-0.00267305116245
35087000000,-0.00265342228472
35136000000,-0.00246516604309
35183000000,-0.002185305824
35220000000,-0.00214903903378
35261000000,-0.00220985479222
35290000000,-0.00225503030357
35330000000,-0.00225287455303
35366000000,-0.00220248286399
35409000000,-0.000701575834529
35449000000,0.000280853818445
35490000000,0.000712699302401
35524000000,0.00105238610469
35574000000,0.00118801414859
35598000000,-0.000168063653272
35656000000,0.014153777383
35688000000,0.0374456161403
35746000000,0.061255623679
35775000000,0.0839492921482
35802000000,0.103029161999
35865000000,0.11801862109
35890000000,0.130689338204
35932000000,0.135276126569
35972000000,0.13368647389
36010000000,0.131788758672
36039000000,0.122794639567
36083000000,0.113361701511
36136000000,0.101629373455
36170000000,0.0874020750864
36230000000,0.07604260505
36245000000,0.0550612396057
36288000000,0.0458109450894
36331000000,0.0286928298735
36370000000,0.0179228264276
36406000000,0.00174371525286
36449000000,-0.00838105139745
36480000000,-0.0201437803922
36539000000,-0.0292059446133
36567000000,-0.0372940340818
36594000000,-0.0444138828162
36690000000,-0.0477005566035
36697000000,-0.0559674438827
36747000000,-0.057433158844
36772000000,-0.0615359945667
36823000000,-0.0612500848029
36851000000,-0.0616726632901
36899000000,-0.0603201415808
36938000000,-0.0583396456314
36978000000,-0.0555111446226
37024000000,-0.0511818377665
37052000000,-0.0471911958434
37109000000,-0.0421521036136
37142000000,-0.0373458117691
37177000000,-0.0315964216911
37205000000,-0.025262109492
37280000000,-0.0195644100896
37281000000,-0.0132535496554
37321000000,-0.00718979649729
37360000000,-0.00192993108579
37402000000,0.00446874273174
37440000000,0.00908499804712
37494000000,0.0157681565989
37528000000,0.0218387516982
37562000000,0.0274104834577
37628000000,0.0313777228977
37652000000,0.0360956258959
37692000000,0.0399811422358
37725000000,0.0433151754192
37764000000,0.0472464510537
37829000000,0.049596505873
37849000000,0.0533356784354
37880000000,0.0549296696275
37949000000,0.057397939756
37964000000,0.0590594587108
38009000000,0.0604641518768
38060000000,0.0612341497915
38086000000,0.0617982776776
38137000000,0.0622370835566
38176000000,0.0620993562054
38215000000,0.0622294796185
38244000000,0.046959058597
38299000000,0.0244613583826
38335000000,0.000830563720001
38365000000,-0.0216304217534
38409000000,-0.0395810860381
38448000000,-0.0547526103034
38485000000,-0.0653141309051
38539000000,-0.0713555644054
38579000000,-0.0716683083219
38602000000,-0.070424903167
38630000000,-0.0635694504132
38686000000,-0.0570203003928
38731000000,-0.0447073353872
38772000000,-0.0339871309217
38813000000,-0.0197350749782
38859000000,-0.00314492842251
38880000000,0.0102908188903
38920000000,0.026023784311
38965000000,0.0350578992149
39013000000,0.0501578747651
39048000000,0.0587348568518
39100000000,0.0740775188664
39123000000,0.0820170251506
39161000000,0.0919698971095
39201000000,0.10123379015
39262000000,0.106773750417
39289000000,0.111091842527
39349000000,0.112616371382
39381000000,0.117068152401
39406000000,0.116781208292
39451000000,0.118803250539
39483000000,0.117563195845
39530000000,0.102464058867
39569000000,0.0787097851844
39611000000,0.0533997901263
39644000000,0.0289655563591
39683000000,0.0066053925692
39723000000,-0.0108281926857
39767000000,-0.0240188084741
39816000000,-0.032210360212
39850000000,-0.0384880209428
39886000000,-0.0390563687557
39918000000,-0.038722323445
39986000000,-0.0337228884514
40011000000,-0.0271828446016
40045000000,-0.018919366636
40112000000,-0.010028442967
40131000000,0.000257548887649
40164000000,0.0108976950509
40200000000,0.0168762227595
40239000000,0.0286824129922
40291000000,0.0360022594296
40344000000,0.0470972561027
40377000000,0.0530429237494
40417000000,0.0621009431804
40449000000,0.0687309728978
40488000000,0.0733596264846
40529000000,0.0806446991476
40580000000,0.0817381307761
40610000000,0.0858533289968
40649000000,0.0859275904671
40681000000,0.0880638291779
40744000000,0.087180071312
40782000000,0.0868232388112
40798000000,0.0851305994844
40842000000,0.0829505053546
40875000000,0.0802515096003
40951000000,0.0766116976382
40980000000,0.0721922075812
41012000000,0.0679232028365
41049000000,0.0639566509264
41086000000,0.0600331901354
41128000000,0.0553705219907
41172000000,0.0509542060267
41212000000,0.0464633290598
41244000000,0.0418345410028
41318000000,0.0378201200633
41358000000,0.0322010211906
41372000000,0.0273513299114
41409000000,0.0228873706621
41445000000,0.0198339555522
41485000000,0.0156494489932
41524000000,0.0125841639478
41568000000,0.00912742939314
41614000000,0.00639996525686
41663000000,0.00388835167151
41680000000,0.00081972754928
41730000000,0.0141227275934
41780000000,0.0331960281997
41806000000,0.0551947338313
41847000000,0.0746594157589
41880000000,0.0913584541247
41920000000,0.103494608624
41963000000,0.111716007173
42016000000,0.115788088811
42054000000,0.115566576188
42095000000,0.113618452369
42140000000,0.104901059206
42175000000,0.0976440900924
42209000000,0.0838564509615
42247000000,0.073018670223
42290000000,0.057371167307
42341000000,0.0443099135231
42386000000,0.0296702341531
42418000000,0.0152019446983
42440000000,0.00421350315451
42486000000,-0.0108605459186
42522000000,-0.01812454162
42576000000,-0.0313921911465
42613000000,-0.0368448632949
42682000000,-0.0470815039168
42703000000,-0.0547723591073
42740000000,-0.060899405683
42776000000,-0.0644819679544
42804000000,-0.0666938033194
42850000000,-0.0696530261197
42882000000,-0.0691372201853
42943000000,-0.0708421791561
42971000000,-0.0693456597314
43000000000,-0.0690171604127
43044000000,-0.0661315055917
43086000000,-0.0641746982896
43121000000,-0.0609223482721
43166000000,-0.0569774598004
43196000000,-0.05270787479
43258000000,-0.0478385636639
43299000000,-0.0428452062191
43336000000,-0.0385536765572
43368000000,-0.0327488334634
43416000000,-0.0296374860633
43461000000,-0.0230898385468
43500000000,-0.0162166503007
43532000000,-0.0105433029349
43569000000,-0.00602390375369
43626000000,-0.0018142107147
43652000000,0.00272672714215
43689000000,0.00542391491761
43724000000,0.00961694882963
43765000000,0.0115370288369
43806000000,0.0147140246536
43843000000,0.0162376614471
43887000000,0.0184280103622
43925000000,0.0195703666125
43968000000,0.0210499030418
44025000000,0.0219699646485
44047000000,0.022061707981
44086000000,0.0227025722521
44131000000,0.0222927599577
44170000000,0.0223050668154
44206000000,0.0215420935922
44240000000,0.0209928151335
44277000000,0.0198900337433
44345000000,0.0187370055531
44359000000,0.0171551311923
44407000000,0.0176032821913
44438000000,0.0153416549524
44485000000,0.0133329284025
44525000000,0.0113210987883
44580000000,0.00989747739577
44619000000,0.0081148933001
44657000000,0.006806065477
44682000000,0.00513749414616
44732000000,0.00342885600139
44766000000,0.00228251392392
44795000000,0.00125785007474
44851000000,0.000441642401504
44887000000,-0.000658451567122
44931000000,-0.00116904379468
44960000000,-0.00214760706082
45000000000,-0.00246573529912
45051000000,-0.00326223303934
45099000000,-0.00355682131684
45156000000,-0.00412288724119
45170000000,-0.00446868111477
45210000000,-0.0046311986794
45265000000,-0.0048078626294
45301000000,-0.00472390691059
45330000000,-0.00480650074857
45376000000,-0.00465512925689
45405000000,-0.00458279769415
45459000000,-0.00435463567586
45484000000,-0.00289259779895
45559000000,-0.00279294775876
45595000000,-0.00307266310147
45618000000,-0.00353569085371
45662000000,-0.00384345356631
45700000000,-0.00413120693241
45729000000,-0.00438328395598
