%time,field
325000000,0.0231941744661
330000000,0.0292048326589
340000000,0.0279500398534
348000000,0.0297277326596
360000000,0.026771180243
370000000,0.0478336251182
380000000,0.0437194331372
388000000,0.0422382756198
395000000,0.0375379818813
404000000,0.0282902626663
422000000,0.0246023177153
431000000,0.0215190118854
440000000,0.018601129763
451000000,0.0169277411138
462000000,0.0143747276528
471000000,0.0120108974465
482000000,0.00978288499319
486000000,0.0128517358458
503000000,0.0108288354087
508000000,0.00899344164224
508000000,0.007346325101
510000000,0.00588444923498
510000000,0.0105580260951
510000000,0.00909487905617
510000000,0.00773872854989
510000000,0.00649731684832
510000000,0.00537406675304
585000000,0.00978556681698
585000000,0.00856357203999
585000000,0.00740946961836
585000000,0.00633450770478
628000000,0.00969866444684
634000000,0.00851595157781
634000000,0.00739366835218
634000000,0.00634418647592
672000000,0.00537562078606
679000000,0.00791918503397
691000000,0.0105742347678
692000000,0.00941498135966
711000000,0.00829134031687
726000000,0.00722066771178
739000000,0.0079402182956
751000000,0.00690559995129
765000000,0.00593585696748
765000000,0.00503894823522
765000000,0.00421948828346
765000000,0.00347957550015
794000000,0.00281883066841
800000000,0.00384629377699
810000000,0.00324397425015
821000000,0.00502914454805
823000000,0.00440385751256
842000000,0.00381266145962
847000000,0.00454895596626
848000000,0.00396983556859
848000000,0.00342453112939
873000000,0.00291820361821
874000000,0.00245395217576
874000000,0.00203325772721
911000000,0.00278231227682
919000000,0.00237922217594
929000000,0.00294185870456
937000000,0.00254862569126
939000000,0.00218173440753
959000000,0.00184384725841
959000000,0.00153635734848
959000000,0.00125979675942
959000000,0.0010137711663
997000000,0.00153211593639
1011000000,0.0012975739393
1019000000,0.0018376248378
1028000000,0.00159759752147
1029000000,0.0013727221089
1051000000,0.0011648495509
1059000000,0.00126870956597
1067000000,0.00108977571392
1079000000,0.000917384193536
1083000000,0.000761020804049
1083000000,0.000620779942235
1111000000,0.000754108188097
1119000000,0.000637586685591
1134000000,0.000525272332138
1138000000,0.000425064397795
1153000000,0.000684329030195
1162000000,0.000584796779079
1171000000,0.000644578151439
1182000000,0.000552472192804
1192000000,0.000467458105898
1203000000,0.000389938978664
1213000000,0.000320068065789
1231000000,0.000368426304925
1251000000,0.000306179680643
1251000000,0.00025015016638
1262000000,0.000200283705181
1262000000,0.000156359995888
1273000000,0.000210491319403
1282000000,0.000172310719996
1289000000,0.000138222987098
1300000000,0.000263664435067
1312000000,0.000228357178572
1319000000,0.000195174352653
1331000000,0.000163653757202
1345000000,0.000308400599612
1352000000,0.000270030972409
1357000000,0.000232760083272
1357000000,0.000197095250461
1381000000,0.0120297183315
1392000000,0.0112855613265
1401000000,0.0104452734291
1410000000,0.0130241057907
1421000000,0.0118978409774
1431000000,0.0107425273961
1442000000,0.00959020782051
1451000000,0.00846601072156
1461000000,0.00835944632622
1471000000,0.00727957318748
1480000000,0.00626421283171
1491000000,0.00532225393604
1502000000,0.0196146850204
1511000000,0.0179228431028
1519000000,0.0161868049717
1526000000,0.0144552498889
1543000000,0.0217122507485
1549000000,0.0195328374369
1550000000,0.0173768293269
1550000000,0.0152875202669
1582000000,0.0132977147232
1592000000,0.015233521725
1602000000,0.0132524180504
1608000000,0.0129712613733
1621000000,0.0111581933519
1631000000,0.00947887881893
1642000000,0.00794250954655
1654000000,0.00655336636829
1662000000,-0.00696403923799
1676000000,-0.0073084311498
1676000000,-0.00741658720885
1676000000,-0.00733625544467
1702000000,-0.00972361703217
1712000000,-0.00921856545199
1723000000,-0.00861465902651
1736000000,-0.00735128443499
1742000000,-0.00668102884711
1753000000,-0.00600350681422
1765000000,-0.00533534421534
1772000000,-0.00468948646609
1782000000,-0.00409877716221
1793000000,-0.00352231271228
1794000000,-0.00298920150733
1813000000,-0.0025020454047
1821000000,-0.00158191110576
1831000000,-0.00120128605167
1840000000,-0.000885686641264
1848000000,-0.000162926919395
1861000000,3.44971450843e-05
1870000000,0.00018966965503
1880000000,0.000308153706794
1886000000,0.0007109204921
1902000000,0.000752293516576
1912000000,0.000768608084626
1920000000,0.000764883680747
1931000000,0.000745501715429
1936000000,0.000852330904178
1948000000,0.000804289879743
1961000000,0.000749391198791
1967000000,0.000690419144177
1983000000,0.000554622402718
1991000000,0.000498058719737
2000000000,0.000443420244231
2009000000,0.00039156357643
2022000000,4.98076659788e-05
2032000000,2.45214040708e-05
2041000000,5.54972009815e-06
2052000000,-7.91259559012e-06
2061000000,-0.000667620910205
2069000000,-0.000632898914524
2074000000,-0.000589814120831
2090000000,-0.000541069981674
2103000000,-0.00152035324427
2103000000,-0.00139751698136
2118000000,-0.00126736046809
2118000000,-0.00113427237437
2142000000,-0.00100220310885
2151000000,-0.0024698659846
2155000000,-0.002242781936
2159000000,-0.00201148449913
2182000000,-0.0221661727751
2191000000,-0.0207184657089
2196000000,-0.0191112406631
2206000000,-0.0174147042731
2221000000,-0.0156860829517
2230000000,-0.0271686424824
2236000000,-0.0246227522898
2236000000,-0.0220629694653
2258000000,-0.0282716631816
2267000000,-0.0253271832793
2273000000,-0.0224375578855
2274000000,-0.0196565961631
2274000000,-0.0170234238702
2308000000,-0.0145656565447
2319000000,-0.0182668926247
2329000000,-0.0158078442893
2342000000,-0.0135144074629
2350000000,-0.0159655453706
2358000000,-0.0137468250048
2358000000,-0.0116896282176
2359000000,-0.00980566421224
2391000000,-0.00965986916418
2400000000,-0.00803572766729
2400000000,-0.00657485701066
2407000000,-0.00500101668015
2407000000,-0.00387281257543
2433000000,-0.00289646164766
2433000000,-0.00206163009329
2434000000,-0.0013570433177
2470000000,0.0122333045921
2477000000,0.011863624735
2492000000,0.0113073354033
2501000000,0.0127673479655
2508000000,0.0118451073794
2521000000,0.0108534593038
2522000000,0.00982935598823
2540000000,0.00880254854738
2544000000,0.00779661730183
2544000000,0.00541810524917
2544000000,0.00459740654225
2573000000,0.00148107180287
2590000000,0.000943271679074
2602000000,0.000498332135652
2611000000,0.00013646408301
2622000000,-0.000151883483162
2630000000,-0.00181467410363
2640000000,-0.00189464933656
2641000000,-0.00321544399406
2658000000,-0.00310782685
2669000000,-0.00295390287238
2677000000,-0.00276697042408
2690000000,-0.00255828496959
2695000000,-0.00343618681854
2709000000,-0.00314144045205
2720000000,-0.00283956618956
2731000000,-0.00253894742848
2738000000,-0.00324918129788
2749000000,-0.00290224547859
2759000000,-0.00256488409594
2769000000,-0.00224270921175
2779000000,-0.00193989966401
2788000000,-0.00243711737508
2802000000,-0.00213125785934
2810000000,-0.00227474118044
2818000000,-0.0019819487445
2832000000,-0.00170833236511
2839000000,-0.00145604950529
2850000000,-0.00122642585312
2861000000,-0.000938261255483
2871000000,-0.000759800202367
2876000000,-0.000604182226684
2891000000,0.00011391408236
2898000000,0.000195738191795
2912000000,0.000253720504779
2922000000,0.000291500209517
2923000000,0.000312255361266
2933000000,0.00154416433382
2934000000,0.00146966861977
2946000000,0.00137556506961
2946000000,0.00126824750111
2974000000,0.00305517018177
2991000000,0.0028188156132
2998000000,0.00256641635052
3010000000,0.0293939865856
3019000000,0.0275827863323
3029000000,0.0255330245885
3038000000,0.0233435789732
3048000000,0.0387576192703
3052000000,0.0355432113619
3072000000,0.0322134513944
3079000000,0.0288654666756
3085000000,0.0255782055006
3085000000,0.0224123441445
3085000000,0.0194137431799
3127000000,0.0166139940527
3138000000,0.0241786980146
3138000000,0.0212331531443
3152000000,0.0262160229778
3159000000,0.0231176426696
3159000000,0.0201563004366
3180000000,0.0173697978321
3192000000,0.017862903115
3200000000,0.0152994139143
3208000000,0.0129353427421
3221000000,0.0117576254185
3231000000,0.00976286023845
3238000000,0.00797095458147
3251000000,0.00637933261553
3260000000,0.00439506418693
3269000000,0.00321653047158
3281000000,0.00221507291787
3290000000,0.00137554048448
3299000000,-0.0148877893787
3299000000,-0.0145355640079
3299000000,-0.0139330170247
3299000000,-0.0131466151542
3299000000,-0.0122329010739
3337000000,-0.0112392862277
3337000000,-0.0128141675055
3337000000,-0.0115970652647
3338000000,-0.0103783895354
3338000000,-0.00850156460423
3403000000,-0.00739799859983
3411000000,-0.00636262477634
3420000000,-0.00311627401077
3424000000,-0.00239208298409
3446000000,-0.00176751377327
3450000000,-0.00123533044786
3461000000,0.000900128945588
3472000000,0.00116742604375
3483000000,0.00135251757289
3491000000,0.00260450066722
3501000000,0.0025973321016
3508000000,0.00253441930415
3516000000,0.00242910561432
3516000000,0.00229292432506
3542000000,0.00213557058973
3551000000,-0.00311602972322
3559000000,-0.00295492129338
3568000000,-0.00276053987475
3580000000,-0.00789857396582
3588000000,-0.007319857176
3596000000,-0.00669831347128
3610000000,-0.00605680587443
3622000000,-0.0104524022673
3628000000,-0.00949414324243
3632000000,-0.00852489197594
3647000000,-0.00756865352084
3662000000,-0.0113876580879
3676000000,-0.010248819933
3710000000,-0.0091204178311
3710000000,-0.00698054937479
3710000000,-0.00599945451674
3710000000,-0.00992120744347
3710000000,-0.00880511268495
3741000000,-0.00772636042669
3749000000,-0.0128726600579
3762000000,-0.0115587156114
3762000000,-0.0102626227967
3762000000,-0.00900978802083
3786000000,-0.0118622998589
3800000000,-0.0104933634158
3827000000,-0.00917759863635
3827000000,-0.0079331918674
3850000000,-0.00677276812526
3850000000,-0.00570481860604
3880000000,-0.00473394874258
3880000000,-0.00308515716041
3884000000,0.0152623009672
3893000000,0.0239725705992
3902000000,0.0268578576114
3906000000,0.0251590488129
3915000000,0.0232590471942
3920000000,0.0212432594829
3920000000,0.0191814132657
3947000000,0.00753809162827
3959000000,0.00614200107146
3959000000,0.00490705101484
3960000000,0.00382680181803
3989000000,-0.0216932433448
3998000000,-0.020855065495
3998000000,-0.0197255007465
3998000000,-0.0183914840361
4029000000,-0.0334127005905
4041000000,-0.0309085194989
4050000000,-0.0282406000736
4055000000,-0.0255040742044
4071000000,-0.0325483549112
4081000000,-0.0292860675944
4089000000,-0.0260579734991
4100000000,-0.0283726095635
4112000000,-0.0250362073642
4122000000,-0.0218448046602
4131000000,-0.0188393984755
4141000000,-0.0183592186608
4150000000,-0.0156671458293
4159000000,-0.0131940180946
4171000000,-0.0109487336435
4181000000,-0.00871091827194
4191000000,-0.0069277162167
4203000000,-0.00537198622896
4210000000,-0.00402521217556
4221000000,0.0115793012378
4227000000,0.0117448812235
4236000000,0.0116113119523
4238000000,0.0112465582209
4260000000,0.00862451250006
4269000000,0.00808299398802
4275000000,0.00747548415102
4288000000,0.00682948697536
4299000000,0.00333482772747
4310000000,0.00283754225571
4323000000,0.00238214031013
4332000000,0.00196983943658
4341000000,-0.000571705839824
4351000000,-0.000754103862974
4364000000,-0.00088141063102
4369000000,-0.000962495218472
4379000000,-0.00258108411694
4389000000,-0.00249845131999
4404000000,-0.00237820089365
4405000000,-0.00223103069386
4415000000,-0.00206608221149
4432000000,-0.0029539781208
4438000000,-0.00270389797129
4438000000,-0.00244751270838
4462000000,-0.00301783791014
4471000000,-0.00272290467091
4479000000,-0.00243099198991
4492000000,-0.00252663976153
4502000000,-0.00223474317879
4507000000,-0.00195644329842
4511000000,-0.00169522952364
4512000000,-0.00145346789167
4536000000,-0.00123276660963
4551000000,-0.00103360650904
4551000000,0.0137682608149
4551000000,0.013007498809
4582000000,0.01211455255
4582000000,0.0240848271247
4593000000,0.0223401059233
4609000000,0.0204608922019
4621000000,0.0185191853425
4628000000,0.0258716987387
4638000000,0.0234045193496
4649000000,0.0209340841306
4660000000,0.0271326939684
4671000000,0.0242586904062
4678000000,0.0214481257151
4691000000,0.0187503424456
4700000000,0.0212501293249
4710000000,0.0185595878092
4718000000,0.0160216650526
4731000000,0.0136608093045
4739000000,0.0166598804967
4749000000,0.0143601968027
4762000000,0.0122237888156
4767000000,0.0102641285525
4788000000,0.00848751029516
4788000000,0.0068953693292
4788000000,0.00912149523791
4811000000,0.0113095547649
4820000000,0.00977839608853
4830000000,0.00835058077007
4837000000,0.00703641436917
4843000000,0.00584114390714
4861000000,0.00657118878606
4866000000,0.00549833730381
4878000000,0.00452821208131
4878000000,0.00366075553957
4878000000,0.00289346393587
4910000000,0.00436026775207
4918000000,0.00365459879919
4941000000,0.00301517876603
4941000000,0.00244272978831
4941000000,0.00193580893627
4954000000,0.00149188187344
4970000000,0.00217596937072
4979000000,0.00177725923373
4988000000,0.00142228546369
5001000000,0.00121397904566
5012000000,0.000935196275537
5021000000,0.000477367959619
5030000000,0.000284080212974
5041000000,0.00012476942301
5051000000,-4.22792946647e-06
5059000000,-0.00010624419611
5070000000,-0.00147240224693
5077000000,-0.00145825932747
5091000000,-0.00141463729905
5101000000,-0.00134875063481
5110000000,-0.00865243379809
5120000000,-0.00806777866183
5131000000,-0.0074264944959
5142000000,-0.00789720802824
5152000000,-0.00715116288574
5158000000,-0.00640304909576
5170000000,-0.00567003823965
5181000000,-0.00406026417449
5187000000,-0.00345149244371
5195000000,-0.00289421567264
5195000000,-0.00238984000803
5195000000,-0.00193840853585
5195000000,-0.00153886576302
5241000000,-4.28722901483e-05
5251000000,0.0014451825653
5260000000,0.00154724833683
5270000000,0.00159371300364
5280000000,0.0015954950683
5291000000,0.00156209840121
5297000000,0.00150163461985
5309000000,-0.00291823257059
5323000000,-0.00274031935059
5331000000,-0.00656655417836
5338000000,-0.00611256365314
5350000000,-0.00561678294378
5360000000,-0.00509910431947
5362000000,-0.0045758557442
5378000000,-0.00765738882322
5392000000,-0.00695274014801
5397000000,-0.00624060111597
5397000000,-0.00553839907078
5397000000,-0.00485971180628
5432000000,-0.00734741592872
5439000000,-0.00666186855889
5449000000,-0.00589668580053
5462000000,-0.00905963828962
5470000000,-0.00813373014069
5495000000,-0.00722054954796
5495000000,-0.00633785095491
5498000000,-0.00549881967621
5505000000,0.00637033606327
5521000000,0.00637157826826
5533000000,0.00929576000141
5542000000,0.00886693315783
5549000000,0.00833194380342
5561000000,0.0077254594761
5570000000,0.00665463286244
5581000000,0.00601015236106
5590000000,0.00536943797675
5601000000,0.00474594727715
5612000000,0.00272703515716
5621000000,0.00225381184089
5631000000,0.00183251727078
5637000000,0.00146164345582
5651000000,-0.000670411456581
5661000000,-0.00083934556292
5672000000,-0.000951827046392
5682000000,-0.00101711967361
5692000000,-0.00104373747848
5699000000,-0.00328541534161
5710000000,-0.00312411216342
5718000000,-0.00292449446015
5725000000,-0.00269915819126
5736000000,-0.00245912779472
5749000000,-0.00221270145879
5758000000,-0.00196670368423
5775000000,-0.0249233652187
5778000000,-0.0231766451001
5795000000,-0.0388446429621
5803000000,-0.0357224852923
5820000000,-0.0324605715099
5820000000,-0.0291616573408
5831000000,-0.033898948527
5846000000,-0.030230738745
5855000000,-0.0266614509828
5862000000,-0.0266204208431
5872000000,-0.0231855427669
5882000000,-0.0199585362388
5892000000,-0.0184307836732
5901000000,-0.0156015585808
5911000000,-0.0130219292517
5918000000,-0.0106966468166
5929000000,-0.00862400696456
5943000000,-0.00514696309838
5951000000,-0.00364659757757
5957000000,-0.00238272268601
5971000000,-0.00133325161762
5978000000,0.0126580969414
5986000000,0.0125376188156
5997000000,0.0121619740809
6011000000,0.0115937384366
6020000000,0.0127326947775
6026000000,0.0118082713705
6037000000,0.0108151622059
6037000000,0.00979008758745
6060000000,0.00876270666562
6070000000,0.00655660453381
6077000000,0.00566145321436
6090000000,0.00482864221719
6099000000,0.00406350034642
6110000000,0.00196413708193
6148000000,0.00143394575857
6148000000,0.000604006273321
6148000000,0.000289815790858
6161000000,-0.000754198892901
6165000000,-0.000914565829953
6178000000,0.0206830004106
6178000000,0.0193141814425
6195000000,0.0178006358721
6196000000,0.016206820886
6213000000,0.0145853097374
6228000000,0.0282194792674
6240000000,0.0258262661333
6248000000,0.0233614776578
6261000000,0.0321848996927
6268000000,0.0290325078334
6281000000,0.0258957450536
6290000000,0.0303042692934
6296000000,0.0269554986864
6300000000,0.0237101276635
6320000000,0.0206196785124
6328000000,0.0177205564421
6339000000,0.0208378198903
6351000000,0.0180435056638
6362000000,0.0154348839264
6370000000,0.0130312856251
6380000000,0.0140127067166
6389000000,0.0118700796473
6398000000,0.00991446522719
6412000000,0.00814951796476
6420000000,0.00657429081974
6431000000,0.00750651175943
6440000000,0.00615617681395
6448000000,0.00495225568182
6457000000,0.00450341352282
6467000000,0.00353858560139
6479000000,0.00269759948166
6486000000,-0.0180019435208
6496000000,-0.0174188856844
6511000000,-0.0165710068996
6522000000,-0.0155334998456
6529000000,-0.0189343271154
6541000000,-0.0174352227227
6551000000,-0.0158648497579
6558000000,-0.0142736206099
6571000000,-0.0122052236947
6579000000,-0.0107114129146
6591000000,-0.00929594549379
6602000000,-0.00797389455807
6611000000,-0.00675480509925
6615000000,-0.00395609035813
6626000000,-0.00306816311491
6640000000,-0.00230105150176
6653000000,-0.00164642756679
6661000000,0.000860596564915
6671000000,0.00118820820978
6679000000,0.00141869040131
6691000000,0.00368579551456
6702000000,0.00363409941459
6710000000,0.00351097858767
6718000000,0.00333425015071
6728000000,0.00311934953004
6740000000,0.00522149026116
6751000000,0.00481393963247
6761000000,0.00438435666789
6769000000,0.00394700517239
6779000000,0.0061931007025
6791000000,0.00561467041996
6802000000,0.00503247852546
6810000000,0.00446053334037
6819000000,0.00390947874875
6831000000,0.0144360304612
6840000000,0.0132411002077
6852000000,0.0120026280384
6861000000,0.0158167932855
6865000000,0.0143048643202
6877000000,0.0127927955937
6890000000,0.0113148824404
6899000000,0.00989711572469
6910000000,0.0124751811746
6922000000,0.0109938458434
6930000000,0.00958077683792
6941000000,0.00825326078985
6953000000,0.00671211533258
6962000000,0.00560539469872
6970000000,0.00146644207345
6982000000,0.000750583121911
6995000000,0.000170335946784
7003000000,-0.000289664198535
7015000000,-0.000644402141615
7028000000,-0.000908115305927
7044000000,0.000644326492627
7044000000,0.000474646409313
7049000000,0.000287316517963
7060000000,0.00184012356012
7072000000,0.00161158761902
7076000000,0.00139734379433
7076000000,0.00119937392612
7093000000,0.00101889323045
7115000000,0.000464644441529
7123000000,0.000343740165992
7133000000,0.000243149331577
7141000000,-0.000825045449263
7148000000,-0.000828799033313
7161000000,-0.000810105298011
7171000000,-0.0260907312205
7176000000,-0.0246238944922
7192000000,-0.0229134881356
7202000000,-0.0210497394999
7211000000,-0.0375606777718
7219000000,-0.0345895104506
7229000000,-0.0314722480546
7239000000,-0.0283077461568
7245000000,-0.0251766873841
7253000000,-0.0221424262738
7270000000,-0.031185187857
7277000000,-0.027710305483
7290000000,-0.0340212703128
7308000000,-0.0302840003145
7314000000,-0.0266567772665
7318000000,-0.0231984604444
7318000000,-0.0199508135796
7319000000,-0.0169428022415
7319000000,-0.0141906995303
7319000000,-0.0117018786945
7339000000,-0.0158786868384
7339000000,-0.0134998184789
7370000000,-0.0113203080234
7370000000,-0.00934669791768
7370000000,-0.00758038226679
7370000000,-0.0113685192828
7427000000,-0.00967103731499
7427000000,-0.00811481702679
7427000000,-0.00670471297041
7458000000,-0.00544138202646
7462000000,-0.00796639413407
7479000000,-0.00674800125639
7491000000,-0.00770137025832
7501000000,-0.00657720413656
7511000000,-0.00554276389881
7519000000,-0.00460219638103
7524000000,-0.00375678726034
7537000000,-0.0017092483935
7547000000,-0.00113186185034
7561000000,-0.000651035785556
7572000000,0.0139213969961
7578000000,0.0133675804749
7587000000,0.0126324887708
7599000000,0.0117709711992
7610000000,-0.273261401464
7622000000,-0.256426351576
7626000000,-0.237421706446
7639000000,-0.217134426249
7649000000,-0.623659660465
7659000000,-0.579477389346
7670000000,-0.531742583141
7679000000,-0.482233704369
7691000000,-0.432436781817
7699000000,-0.834320344608
7710000000,-0.76074638691
7720000000,-0.685757106861
7731000000,-1.04147644065
7743000000,-0.94565592951
7746000000,-0.849059055505
7764000000,-0.753971207559
7773000000,-0.66220577102
7785000000,-0.954938738882
7791000000,-0.852717974961
7797000000,-0.753173650069
7804000000,-0.65793429124
7820000000,-0.839983431409
7830000000,-0.740326292143
7839000000,-0.645305403696
7839000000,-0.556064839015
7859000000,-0.631215120143
7869000000,-0.546930306374
7880000000,-0.468391908814
7893000000,-0.396136318696
7902000000,-0.330455267236
7910000000,-0.349508759827
7923000000,-0.292357594079
7931000000,-0.201462642638
7940000000,-0.158140992125
7951000000,-0.120614000968
7962000000,-0.0885129631489
7970000000,0.032976674725
7977000000,0.0499784966737
7983000000,0.0620828917621
7999000000,0.0700620281972
8011000000,0.0745977448367
8018000000,0.279402795612
8030000000,0.266062424541
8039000000,0.249365748764
8039000000,0.230385286954
8085000000,0.210041511396
8085000000,0.168141967362
8086000000,0.14762706604
8086000000,0.10920415453
8121000000,0.556937758158
8131000000,0.853312505627
8141000000,1.14615428275
8151000000,1.05596652354
8162000000,0.960963746455
8170000000,1.15794607222
8180000000,1.04489499498
8190000000,0.932119649285
8201000000,0.822080046095
8212000000,0.716720773343
8221000000,0.61738709284
8229000000,0.525014980998
8240000000,0.873912282099
8251000000,0.772030003123
8261000000,1.04196664891
8269000000,0.925872666025
8275000000,0.813400597913
8293000000,0.706300179272
8295000000,1.00044515956
8311000000,0.883184307851
8320000000,0.770690490245
8331000000,0.950552663906
8340000000,0.83603588833
8350000000,0.726828827917
8357000000,0.624255445236
8369000000,0.529179762097
8380000000,0.779512586186
8391000000,0.67912421132
8414000000,0.584520273144
8414000000,0.496588943808
8419000000,0.655595622596
8431000000,0.569092547445
8441000000,0.487909132034
8453000000,0.412759941683
8460000000,0.344026769331
8471000000,0.532950136165
8481000000,0.463394433022
8491000000,0.397908579005
8500000000,0.536132609852
8512000000,0.468840068157
8516000000,0.405091383925
8530000000,0.345555436661
8537000000,0.290658157286
8550000000,0.382875144956
8560000000,0.330080214312
8570000000,0.280905165117
8581000000,0.235689942851
8591000000,0.326763712405
8600000000,0.281375335711
8609000000,0.272463928868
8620000000,0.231609222474
8630000000,0.194039957229
8642000000,0.159920285855
8653000000,0.184306461507
8661000000,0.15400290199
8670000000,0.126528971616
8679000000,0.101892281073
8679000000,0.080052719173
8699000000,0.00444546989208
8709000000,-0.00851827778172
8718000000,-0.0186367301834
8720000000,-0.0262930216985
8741000000,-0.0775190016248
8751000000,-0.0784697668349
8759000000,-0.0775600100361
8770000000,-0.0751958256547
8779000000,-0.182770354871
8789000000,-0.171103718367
8799000000,-0.158135054263
8807000000,-0.266163214485
8820000000,-0.245527696609
8826000000,-0.223833540304
8837000000,-0.201769638268
8849000000,-0.179904739495
8862000000,-0.158671122362
8869000000,-0.304539172279
8897000000,-0.276206275402
8897000000,-0.247687308673
8897000000,-0.219675338331
8897000000,-0.192682062586
8897000000,-0.167090459927
8928000000,-0.321975162307
8941000000,-0.520551250693
8951000000,-0.474073940835
8959000000,-0.426807676335
8970000000,-0.379972160055
8983000000,-0.558366060057
8992000000,-0.509197726371
8996000000,-0.45366443593
8997000000,-0.399699935508
9018000000,-0.593642101787
9034000000,-0.538995988005
9040000000,-0.477788789569
9040000000,-0.660259960578
9059000000,-0.591111034172
9072000000,-0.523334172824
9079000000,-0.458143013323
9094000000,-0.635456212786
9104000000,-0.56289745638
9110000000,-0.493040577417
9119000000,-0.426867841321
9126000000,-0.365079071041
9141000000,-0.308121383807
9152000000,-0.472108450192
9161000000,-0.412459568386
9169000000,-0.356138413968
9182000000,-0.539985712473
9188000000,-0.477888406872
9199000000,-0.418157514544
9209000000,-0.361624197605
9209000000,-0.308887498525
9209000000,-0.260335055949
9234000000,-0.21615846125
9251000000,-0.378069924727
9261000000,-0.330048191077
9269000000,-0.525155521947
9289000000,-0.410510909307
9298000000,-0.242469801831
9312000000,-0.198764371218
9320000000,-0.159785783003
9329000000,-0.125390603744
9341000000,0.18151711825
9350000000,0.191538454127
9357000000,0.195249558727
9383000000,0.193888695676
9383000000,0.188569537502
9398000000,0.180252853221
9411000000,0.477720533137
9425000000,0.44769261597
9425000000,0.414122990037
9456000000,0.378522688758
9456000000,0.342096465248
9456000000,0.704522250457
9456000000,0.646361348727
9456000000,0.586172707544
9481000000,0.778661120073
9492000000,0.955825094029
9500000000,0.865117329991
9511000000,0.774395433369
9521000000,0.685695373506
9531000000,0.66945346364
9541000000,0.584858124234
9551000000,0.505271811325
9562000000,0.431418603855
9570000000,0.369993414751
9580000000,0.308334642865
9588000000,0.253006297969
9602000000,0.203918896719
9606000000,0.0976375798858
9619000000,0.0642778830889
9633000000,0.0367650334331
9642000000,0.0144878682614
9652000000,-0.08143013772
9662000000,-0.0903772654911
9670000000,-0.0951971966118
9682000000,-0.0966524412191
9692000000,-0.095395905539
9701000000,-0.0920189583934
9712000000,-0.291407655885
9720000000,-0.279853815781
9732000000,-0.259209836791
9743000000,-0.583184326399
9750000000,-0.539724309035
9760000000,-0.493132113769
9770000000,-0.445094910233
9777000000,-0.633736789787
9793000000,-0.57210519557
9802000000,-0.510484043195
9814000000,-0.450259658191
9823000000,-0.392471667701
9832000000,-0.699746356366
9839000000,-0.627130002834
9842000000,-0.555576049352
9862000000,-0.8048487862
9872000000,-0.720956603931
9883000000,-0.638452298223
9891000000,-0.558891166143
9901000000,-0.875643537325
9910000000,-0.781496100923
9922000000,-0.689518779312
9931000000,-0.601304767467
9942000000,-0.828967003273
9952000000,-0.733699909558
9962000000,-0.641954354881
9972000000,-0.555042896101
9982000000,-0.790384511602
9992000000,-0.694439799503
10001000000,-0.603009216942
10009000000,-0.517171748387
10019000000,-0.437731481594
10031000000,-0.615220698599
10042000000,-0.534565150783
10050000000,-0.726745030733
10061000000,-0.641143246389
10067000000,-0.559074845509
10080000000,-0.481622717149
10080000000,-0.409589614228
10101000000,-0.343465201534
10107000000,-0.520273651066
10119000000,-0.450666271219
10131000000,-0.385489974602
10137000000,-0.325275008327
10150000000,-0.419678864475
10156000000,-0.360160965196
10170000000,-0.504339211162
10182000000,-0.442998571229
10192000000,-0.384590642648
10198000000,-0.329757669198
10212000000,-0.27897700275
10222000000,-0.293766265632
10231000000,-0.24793449652
10238000000,-0.206139443177
10248000000,-0.168448687484
10261000000,-0.225208212733
10272000000,-0.190502941146
10280000000,-0.158727783038
10291000000,-0.129987912456
10302000000,-0.10334820286
10307000000,-0.0807163711218
10322000000,-0.0609711842617
10331000000,-0.0385316712367
10340000000,-0.0243677301362
10350000000,-0.0125493568753
10361000000,-0.00285236115879
10366000000,0.0503439774664
10385000000,0.0535532021054
10385000000,0.0549485181579
10394000000,0.0548848905169
10394000000,0.0536723902609
10420000000,0.11446390024
10427000000,0.110283109069
10431000000,0.10291186224
10451000000,0.0948408213143
10462000000,0.460142807251
10472000000,0.427165056105
10482000000,0.391646686767
10492000000,0.354923316371
10501000000,0.31806610251
10509000000,0.281925572381
10522000000,0.247152791216
10531000000,0.755955037861
10541000000,0.689811843663
10549000000,1.31672426183
10559000000,1.21078603123
10573000000,1.10012518191
10579000000,1.58993956892
10587000000,1.44520908039
10603000000,1.29879725857
10613000000,1.69466322873
10621000000,1.52255438583
10632000000,1.35285441346
10639000000,1.18885579283
10650000000,1.03302400909
10662000000,1.33856215879
10671000000,1.17663076721
10688000000,1.02271021903
10688000000,0.878552572973
10709000000,1.11553183497
10710000000,0.970667352639
10727000000,0.834822247559
10727000000,0.709130882353
10741000000,0.865065093349
10751000000,0.746484201422
10758000000,0.636414949765
10771000000,0.535492103445
10787000000,0.615735976042
10787000000,0.523264348817
10794000000,0.43876263345
10794000000,0.362441466223
10794000000,0.294272154226
10827000000,0.234056947007
10839000000,0.247985044536
10839000000,0.198676128111
10852000000,0.155489806228
10871000000,0.101441615151
10874000000,0.0703988107008
10874000000,0.0444909135121
10895000000,0.0232031789958
10912000000,-0.0680797267392
10927000000,-0.0771440739572
10927000000,-0.0823981973586
10937000000,-0.0845274708768
10937000000,-0.0841350306405
10957000000,-0.0817657847005
10970000000,-0.206932907571
10982000000,-0.486607412919
10993000000,-0.453975713374
10999000000,-0.417901140866
11009000000,-0.379914865535
11010000000,-0.341263437879
11022000000,-0.302948471665
11022000000,-0.453750099552
11022000000,-0.406049062961
11022000000,-0.359172554206
11070000000,-0.671528222008
11080000000,-0.605288214844
11091000000,-0.801526572695
11099000000,-0.72286844515
11113000000,-0.64453707229
11129000000,-0.56818063213
11132000000,-0.495082731999
11141000000,-0.734545932116
11151000000,-0.652771705312
11162000000,-0.573465487468
11172000000,-0.776579527829
11180000000,-0.688540117489
11191000000,-0.603547231012
11206000000,-0.522848839008
11206000000,-0.447329728818
11207000000,-0.377555148179
11229000000,-0.599356457101
11232000000,-0.524358450138
11232000000,-0.453295757534
11261000000,-0.386956513296
11271000000,-0.622746350735
11278000000,-0.547281632722
11291000000,-0.712151540961
11301000000,-0.630997658325
11313000000,-0.552677004506
11321000000,-0.47835853691
11322000000,-0.408910092203
11342000000,-0.600816780693
11350000000,-0.52569512573
11355000000,-0.454518580394
11355000000,-0.388039999062
11376000000,-0.482463215251
11384000000,-0.41685142646
11395000000,-0.355638211363
11411000000,-0.299267156349
11421000000,-0.432018366702
11431000000,-0.374076425686
11441000000,-0.31984740544
11452000000,-0.356254482193
11462000000,-0.305359097501
11471000000,-0.258260603866
11481000000,-0.215227276122
11489000000,-0.176353171841
11502000000,-0.244822918877
11508000000,-0.208482015804
11515000000,-0.175036932063
11529000000,-0.144609449156
11534000000,-0.152870520637
11552000000,-0.126450186463
11558000000,-0.102687207177
11569000000,-0.101234121328
11582000000,-0.0815035234532
11591000000,-0.0640141165517
11600000000,-0.0486850123405
11612000000,-0.0183962734474
11624000000,-0.00799570298812
11633000000,0.000460633495624
11641000000,0.00719194879327
11669000000,0.012418099736
11669000000,0.0163392594397
11669000000,0.019138477106
11687000000,0.0766461533999
11693000000,0.0741910467377
11703000000,0.136558418384
11712000000,0.127917163776
11720000000,0.118289440404
11732000000,0.10809972996
11740000000,0.221983069616
11756000000,0.204689977511
11756000000,0.186488854214
11767000000,0.167988287949
11767000000,0.149664961631
11787000000,0.131889133807
11801000000,0.227932534029
11809000000,0.204484575745
11809000000,0.181431950446
11810000000,0.159199536528
11836000000,0.266549320012
11850000000,0.238270719837
11861000000,0.453052332616
11872000000,0.411337542145
11876000000,0.369234384492
11885000000,0.327764292064
11901000000,0.287718136327
11911000000,0.131497900573
11919000000,0.102847709493
11929000000,0.0779316369571
11939000000,-0.179078204771
11951000000,-0.182491298462
11960000000,-0.18114926662
11969000000,-0.17609650828
11982000000,-0.511247126048
11991000000,-0.48168219032
12001000000,-0.447662701826
12001000000,-0.619383008198
12001000000,-0.569675907176
12023000000,-0.517825355284
12040000000,-0.465478966068
12040000000,-0.413906218838
12059000000,-0.506480784284
12070000000,-0.450452222158
12079000000,-0.396336796369
12089000000,-0.344958305139
12100000000,-0.296891003227
12112000000,-0.387949796214
12124000000,-0.338984487104
12132000000,-0.292952845039
12147000000,-0.250276864334
12147000000,-0.211208957224
12160000000,-0.255211485105
12172000000,-0.218450143947
12180000000,-0.0847458459489
12189000000,-0.0603061431996
12213000000,-0.0398809852178
12213000000,-0.0230949449977
12222000000,-0.00956058259856
12231000000,0.220267025173
12242000000,0.215213655789
12249000000,0.206154400656
12250000000,0.194138398746
12271000000,0.493720042419
12282000000,0.459128563116
12288000000,0.767368352854
12301000000,0.707096422411
12311000000,0.643478486359
12321000000,0.578644700553
12331000000,0.514292368261
12337000000,0.829188752195
12348000000,0.747420301016
12361000000,0.665971871107
12370000000,0.586574024721
12377000000,0.510546872851
12388000000,0.438879292575
12395000000,0.372233420586
12406000000,0.733349737568
12424000000,0.650844505352
12429000000,1.25013712443
12446000000,1.13419408243
12456000000,1.01707528003
12467000000,0.901669524993
12467000000,0.790179216319
12485000000,0.684320277358
12494000000,0.585290026739
12502000000,1.30992511748
12512000000,1.17658105802
12523000000,1.04480351756
12529000000,1.26059288035
12533000000,1.11810198838
12548000000,0.980459392481
12548000000,0.849776099232
12549000000,0.727467502508
12581000000,1.03187597254
12591000000,0.903132960051
12601000000,0.781128836265
12613000000,0.955346890922
12619000000,0.833768853022
12627000000,0.719036765555
12631000000,0.612247048967
12631000000,0.514100838061
12632000000,0.424939981321
12632000000,0.344849277922
12677000000,0.579777930795
12691000000,0.77003177498
12699000000,0.678932959058
12703000000,0.591699932258
12717000000,0.509456026218
12736000000,0.594949703683
12736000000,0.515426121037
12744000000,0.440953690377
12745000000,0.372126261487
12745000000,0.309332254904
12745000000,0.252722100905
12789000000,0.341158715464
12803000000,0.287553402754
12813000000,0.238635558711
12821000000,0.263736819207
12830000000,0.220339268736
12849000000,0.181007485408
12858000000,0.145805325314
12862000000,0.114629511742
12873000000,0.161490786173
12882000000,0.132998175657
12891000000,0.0696831883695
12899000000,0.0492054888292
12910000000,0.0318089002078
12921000000,0.0172760345187
12932000000,0.00531768888269
12940000000,-0.0156402591814
12951000000,-0.0226133858855
12963000000,-0.0277209379021
12971000000,-0.130846222582
12982000000,-0.126644720542
12993000000,-0.120572584382
13018000000,-0.113157495081
13019000000,-0.096022200334
13032000000,-0.185506651732
13043000000,-0.170184697566
13052000000,-0.298744716528
13062000000,-0.274790971633
13072000000,-0.249770414753
13072000000,-0.224485941646
13072000000,-0.199554883708
13072000000,-0.175458531635
13105000000,-0.152550306393
13129000000,-0.131085532647
13134000000,-0.111230528052
13144000000,-0.373690597141
13151000000,-0.339884144654
13159000000,-0.305611583649
13171000000,-0.534740537771
13185000000,-0.486477930839
13191000000,-0.437508495762
13198000000,-0.389076975568
13198000000,-0.342153180389
13221000000,-0.297464240748
13231000000,-0.511348296919
13237000000,-0.455486379935
13253000000,-0.401198261923
13262000000,-0.349362383259
13272000000,-0.550037211043
13274000000,-0.488520808158
13285000000,-0.429035441052
13297000000,-0.372475979587
13307000000,-0.319483790833
13321000000,-0.533987909493
13329000000,-0.766487852437
13342000000,-0.689548391517
13351000000,-0.613378445384
13362000000,-0.539538126187
13367000000,-0.670430868755
13381000000,-0.59122554708
13392000000,-0.515462825684
13399000000,-0.444106797018
13411000000,-0.377817982822
13422000000,-0.317003604571
13431000000,-0.43534129573
13442000000,-0.374395074309
13455000000,-0.31788457153
13460000000,-0.465809935618
13472000000,-0.405645969242
13480000000,-0.349036573634
13491000000,-0.46981100918
13501000000,-0.411489804641
13512000000,-0.356222031604
13520000000,-0.304594534556
13532000000,-0.426007318167
13541000000,-0.3717947787
13551000000,-0.320636485586
13559000000,-0.273024400124
13559000000,-0.22929227625
13577000000,-0.359291548819
13590000000,-0.314397519417
13602000000,-0.271901577338
13602000000,-0.232214902801
13620000000,-0.315944508766
13634000000,-0.274922845876
13639000000,-0.236341698671
13639000000,-0.200568118564
13663000000,-0.307209316273
13669000000,-0.273919071435
13675000000,-0.23812965205
13691000000,-0.204497871827
13699000000,-0.245203161294
13714000000,-0.212051362523
13718000000,-0.1811093292
13718000000,-0.15259589491
13742000000,-0.126634729398
13754000000,-0.196875624252
13764000000,-0.170432398246
13781000000,-0.145696631438
13798000000,-0.122859337299
13798000000,-0.102051329495
13806000000,-0.083309892174
13812000000,-0.114135640266
13824000000,-0.150135670012
13833000000,-0.130565647264
13842000000,-0.112158761377
13851000000,-0.0950793339149
13861000000,-0.0912744788891
13870000000,-0.0763432217968
13887000000,-0.0628240202831
13892000000,-0.0507212771307
13895000000,-0.0400053888606
13905000000,-0.030618085688
13918000000,-0.0224924757921
13930000000,-0.0155470711511
13931000000,-0.00970122269711
13948000000,0.0133721109133
13957000000,0.0162094877344
13957000000,0.018109544106
13957000000,0.0192266149042
13987000000,0.0581975693912
13998000000,0.0556847269777
13998000000,0.0524689438026
14017000000,0.048770374602
14022000000,0.0872939152374
14038000000,0.0804275968986
14038000000,0.0732235239141
14038000000,0.0659116208278
14070000000,0.124765818255
14078000000,0.11377858223
14078000000,0.102568237684
14078000000,0.091432478092
14104000000,0.154167865208
14118000000,0.139603232252
14118000000,0.124986959992
14142000000,0.197673054204
14152000000,0.179029405456
14160000000,0.160303957638
14170000000,0.232235402326
14181000000,0.209144442777
14190000000,0.186243020091
14201000000,0.164002100389
14210000000,0.142777604852
14222000000,0.215518063434
14232000000,0.191207622107
14236000000,0.167742488369
14236000000,0.145467438347
14237000000,0.124625210363
14253000000,0.195890583027
14278000000,0.172413475658
14288000000,0.150014306896
14300000000,0.224983548894
14312000000,0.200120251269
14327000000,0.176000959798
14332000000,0.153016076576
14342000000,0.131434713482
14352000000,0.205799815529
14373000000,0.181965463044
14373000000,0.159068619927
14381000000,0.23114844073
14396000000,0.205606170033
14396000000,0.180831862032
14396000000,0.157213951622
14419000000,0.135036736513
14426000000,0.114489204737
14429000000,0.174239401948
14449000000,0.152012589628
14456000000,0.131052744698
14467000000,0.111559821455
14475000000,0.0936539681665
14486000000,0.186063391069
14493000000,0.237125994334
14510000000,0.214407947616
14520000000,0.18993169287
14530000000,0.166350403012
14540000000,0.144001679872
14553000000,0.123121688966
14562000000,0.166468277238
14569000000,0.145427050182
14579000000,0.125536284421
14592000000,0.157663466239
14597000000,0.139187959171
14610000000,0.120252791054
14620000000,0.154121731703
14629000000,0.136532554632
14642000000,0.118346246598
14651000000,0.101323830469
14659000000,0.0856055008871
14672000000,0.0712732787462
14678000000,0.0836797970428
14692000000,0.0706040128063
14701000000,0.0586839786506
14710000000,0.0479436764273
14724000000,0.0704823494078
14735000000,0.0599534421268
14741000000,0.0502918965204
14752000000,0.0652176761593
14761000000,0.0559998372912
14772000000,0.0456227139794
14780000000,0.0379186928007
14791000000,0.0309742754317
14814000000,0.0247843817197
14814000000,0.0193354904004
14833000000,0.0145916904514
14833000000,0.010509896749
14841000000,0.00715159492005
14864000000,0.00423551983143
14864000000,0.00182651904697
14876000000,-0.000128866557168
14884000000,-0.0160109205718
14892000000,-0.0162674821833
14903000000,-0.0305367547993
14912000000,-0.0291998451012
14916000000,-0.0275027910219
14916000000,-0.0255583316421
14935000000,-0.0234620094315
14948000000,-0.0455763691555
14958000000,-0.0418368122741
14971000000,-0.0613767694699
14980000000,-0.0560660425517
14991000000,-0.0506288556668
15004000000,-0.0452126344846
15010000000,-0.0673043029334
15022000000,-0.0607220194283
15026000000,-0.0541710435678
15051000000,-0.0477941894972
15051000000,-0.0416966700448
15051000000,-0.035955068269
15071000000,-0.0678951637489
15083000000,-0.0605193191264
15094000000,-0.0533462998422
15102000000,-0.0739704115477
15110000000,-0.0657992756181
15121000000,-0.0578800401221
15128000000,-0.0807358442523
15136000000,-0.0718698893475
15151000000,-0.0632643913324
15159000000,-0.0550560340405
15159000000,-0.0473446886503
15173000000,-0.0401981379952
15181000000,-0.0336555534076
15212000000,-0.0277347578278
15212000000,-0.0224345464383
15212000000,-0.0177414458031
15230000000,-0.0472893976024
15242000000,-0.0418889610408
15251000000,-0.0742283519598
15261000000,-0.105128366923
15271000000,-0.0956492419573
15284000000,-0.086021763394
15293000000,-0.0764922123536
15310000000,-0.0672526663739
15310000000,-0.0584476669331
15318000000,-0.050185739283
15330000000,-0.0425358166772
15341000000,-0.0717212401417
15348000000,-0.0633199394707
15360000000,-0.0552615642499
15368000000,-0.0476549103879
15376000000,-0.0405732994489
15389000000,-0.0870627492714
15393000000,-0.0779023252921
15408000000,-0.0689222152026
15421000000,-0.0602848097174
15424000000,-0.107843104532
15433000000,-0.0967175278966
15436000000,-0.0857645748804
15448000000,-0.112229319635
15465000000,-0.099735765571
15481000000,-0.116318356007
15488000000,-0.103086953144
15501000000,-0.110843796336
15512000000,-0.0974667151452
15519000000,-0.0847249972457
15533000000,-0.0727700284313
15541000000,-0.0617074385065
15545000000,-0.051594418543
15560000000,-0.0424561021025
15571000000,-0.0433384625617
15580000000,-0.0428374484394
15587000000,-0.0354235090856
15600000000,-0.0287727296512
15611000000,-0.0228767109075
15622000000,-0.0177071292659
15632000000,-0.0214288123466
15639000000,-0.0170851013968
15650000000,-0.0132669216272
15657000000,-0.00994907640995
15670000000,-0.00709952622359
15681000000,-0.00536406624183
15692000000,-0.00330456733407
15700000000,-0.00159897537895
15711000000,-0.0031885912928
15719000000,-0.0019095139914
15730000000,-0.000849912419496
15735000000,1.28257934929e-05
15750000000,0.000699493865958
15760000000,0.00123018158405
15772000000,0.00162654243089
15772000000,0.00620147720634
15788000000,0.0062749504039
15795000000,0.0162740165596
15809000000,0.0153490946297
15819000000,0.0215505624017
15831000000,0.0199076957971
15839000000,0.018170369259
15851000000,0.016397262544
15856000000,0.0146359038644
15872000000,0.0179295006801
15881000000,0.0159654865012
15889000000,0.0233599429636
15900000000,0.0210269740344
15908000000,0.0187174846537
15914000000,0.016479013224
15931000000,0.0143464725394
15940000000,0.0393791151226
15951000000,0.0357248356353
15958000000,0.0320449963539
15972000000,0.0284269040435
15983000000,0.0290228099095
15995000000,0.0254578665075
15999000000,0.0220771292382
16011000000,0.0161212434251
16021000000,0.0133612205781
16028000000,0.0108849178992
16037000000,0.00868707887859
16049000000,0.00303336850021
16064000000,0.00157213514193
16071000000,0.000382109886786
16082000000,-0.000568221391897
16091000000,0.0226680557827
16101000000,0.0206053153225
16101000000,0.0185137303597
16122000000,0.0164468007147
16132000000,0.0144451927143
16141000000,0.0319904239536
16150000000,0.0289073550329
16160000000,0.0258247791344
16171000000,0.0228116182857
16177000000,0.0372906856125
16192000000,0.0334710656584
16201000000,0.0297063605406
16220000000,0.0260689215018
16222000000,0.0387741584186
16232000000,0.0351176714399
16238000000,0.0310579780277
16247000000,0.0271563482147
16260000000,0.0377259286014
16271000000,0.0334916227221
16281000000,0.0293972954958
16290000000,0.0255063759714
16298000000,0.0352226548863
16298000000,0.0310161468963
16298000000,0.0269996870679
16301000000,0.0232230719931
16318000000,0.0197214815281
16327000000,0.0289783789571
16327000000,0.0252771339392
16371000000,0.0322135370002
16373000000,0.0283868796443
16390000000,0.0247278475968
16398000000,0.0212837613189
16410000000,0.0180877979916
16411000000,0.0253367290409
16426000000,0.0224189041624
16442000000,0.0193688293054
16451000000,0.0233861543628
16452000000,0.0203648533672
16469000000,0.0175216733605
16479000000,0.0148833583124
16485000000,0.0124661250613
16501000000,0.0178372661975
16509000000,0.0154328420717
16509000000,0.0131866412909
16524000000,0.0111158754256
16524000000,0.00922960756122
16551000000,0.0118120579945
16561000000,0.0100441430239
16574000000,0.0126083478327
16579000000,0.0108856585049
16585000000,0.00927975181329
16597000000,0.00780199803527
16597000000,0.00645850615472
16620000000,0.00671404585748
16631000000,0.00554822670043
16637000000,0.00450216152888
16651000000,0.00357390426387
16657000000,0.00359951425939
16666000000,0.00284173767662
16675000000,0.00217790975713
16691000000,0.00160295201136
16695000000,0.00111180651118
16712000000,0.000257372808197
16719000000,-5.72232226363e-05
16730000000,-0.000305958354569
16742000000,-0.00214495685544
16750000000,-0.00218976090548
16761000000,-0.00217786823816
16770000000,-0.00212109519463
16781000000,-0.00430034140245
16791000000,-0.00403869694362
16801000000,-0.00374310729844
16808000000,-0.0227007910156
16808000000,-0.0212184025051
16830000000,-0.0195759100817
16841000000,-0.0178440069737
16850000000,-0.0193095260525
16853000000,-0.0173574384946
16872000000,-0.0154309408204
16880000000,-0.0135676941527
16899000000,-0.0101412554129
16899000000,-0.00858477263694
16915000000,-0.00716598960838
16926000000,-0.00588736916053
16940000000,-0.00474774636196
16942000000,-0.00121348642345
16949000000,-0.0004962626091
16959000000,8.05638882583e-05
16972000000,0.00053407284002
16979000000,0.00088035222809
16991000000,0.00354370643793
17001000000,0.00357139593536
17012000000,0.00351428751299
17022000000,0.00339175793701
17029000000,0.00529324682345
17042000000,0.00495244577752
17042000000,0.00457475770457
17043000000,0.0059400924048
17043000000,0.00542599030916
17058000000,0.0049012318773
17086000000,0.00437992896294
17099000000,0.00525345413717
17110000000,0.00469292044018
17130000000,0.00414866114664
17130000000,0.00362963582466
17141000000,0.00406372057854
17148000000,0.00356012438371
17162000000,0.00308620825788
17162000000,0.00264673789754
17183000000,0.00224449935664
17190000000,-0.0198806258117
17201000000,-0.018810613269
17212000000,-0.0346842716318
17219000000,-0.0322594443536
17233000000,-0.0296229554493
17243000000,-0.0268786578492
17253000000,-0.0241104976676
17267000000,-0.0213855101773
17276000000,-0.0187553574683
17283000000,-0.0271213763078
17292000000,-0.0351373263998
17302000000,-0.0315648134714
17312000000,-0.0280397383115
17322000000,-0.024630549713
17330000000,-0.0269013914566
17340000000,-0.0235260862958
17341000000,-0.020336276487
17357000000,-0.01736490083
17357000000,-0.0146318561221
17382000000,-0.0121478198717
17382000000,-0.015080561727
17391000000,-0.0127585685626
17400000000,-0.0106399516125
17407000000,-0.0117419676023
17428000000,-0.00986170023142
17438000000,-0.00815680893036
17452000000,-0.00662834424882
17462000000,-0.00759265810358
17470000000,-0.00624937437128
17472000000,-0.0050483236116
17491000000,-0.00398625973479
17502000000,-0.00305833225043
17513000000,-0.00225682873208
17521000000,-0.00157287827398
17529000000,-0.00205508000302
17540000000,-0.00150633806029
17551000000,-0.00143514953636
17557000000,-0.00101468686408
17572000000,0.0199552411731
17581000000,0.0190697171104
17589000000,0.0179459072961
17603000000,0.0166600499391
17612000000,0.0194533156904
17622000000,0.0177542485982
17631000000,0.0160195197393
17636000000,0.0142953283011
17651000000,0.0117598592215
17666000000,0.0102045993633
17669000000,0.00875190040425
17678000000,0.00741259255902
17691000000,0.00619259041617
17702000000,0.00290170260234
17713000000,0.00206365852967
17721000000,0.00135801912288
17731000000,0.000772711600884
17741000000,-0.00217142638654
17752000000,-0.00240150523336
17761000000,-0.00252784138463
17769000000,-0.00256953912063
17784000000,-0.00254362160612
17788000000,-0.00246537489203
17801000000,-0.00234763197505
17808000000,-0.00220139473283
17820000000,-0.00592939360739
17829000000,-0.00549788183787
17838000000,-0.00503371645832
17849000000,-0.00890172119231
17858000000,-0.00815420606789
17868000000,-0.00738202556211
17875000000,-0.010054492653
17875000000,-0.00909828577277
17901000000,-0.0081404406242
17913000000,-0.0100565427984
17920000000,-0.00897330104
17931000000,-0.00791849634994
17941000000,-0.00909388050071
17951000000,-0.008013283098
17955000000,-0.00698241062938
17972000000,-0.00601381725491
17980000000,-0.0078867757988
17990000000,-0.00689487807399
18000000000,-0.00595918577933
18011000000,-0.00793522628774
18023000000,-0.00698049442948
18030000000,-0.00607285357322
18040000000,-0.00522241590873
18052000000,-0.00443627353083
18063000000,-0.00620057851474
18071000000,-0.0054002899697
18082000000,-0.00464994494758
18094000000,-0.00395582844468
18102000000,-0.00529580870492
18106000000,-0.00460730518613
18114000000,-0.00396334000722
18129000000,-0.00336894931686
18139000000,-0.00282706415372
18150000000,-0.00233877484454
18153000000,-0.00322114417638
18171000000,-0.00394344780148
18181000000,-0.0034472397166
18190000000,-0.00298160068637
18201000000,-0.00255066427552
18202000000,-0.00155594412563
18202000000,-0.00123954673738
18228000000,-0.000965185751486
18229000000,-0.000730307086164
18251000000,-0.000531949953413
18263000000,0.0246841726543
18271000000,0.0231823023618
18278000000,0.021476338496
18289000000,0.0196475280919
18301000000,0.0356648030221
18311000000,0.0325872529579
18321000000,0.029429403133
18330000000,0.0262788339128
18341000000,0.0364789423964
18350000000,0.0327919607537
18361000000,0.0291473257859
18372000000,0.0256197525622
18383000000,0.0309728832125
18383000000,0.0273278506892
18384000000,0.0238400529979
18412000000,0.0262625738735
18421000000,0.0228750889209
18431000000,0.0196903850238
18435000000,0.0167371619539
18450000000,0.0140330797238
18464000000,0.0115856388961
18475000000,0.0143423356905
18481000000,0.0120929081649
18491000000,0.0124568946166
18501000000,0.0104629724223
18513000000,0.00865511055077
18522000000,0.00703505384686
18530000000,0.00559873887769
18540000000,0.00625585619855
18551000000,0.00504903955674
18551000000,0.00398272177212
18569000000,0.00305123382407
18569000000,0.00887818383214
18585000000,0.00782976068622
18592000000,0.00682755880055
18612000000,0.00588347882149
18620000000,0.00832790857289
18623000000,0.00730180323032
18640000000,0.00632842535499
18647000000,-0.0118038291813
18653000000,-0.0116554094316
18671000000,-0.011277659372
18680000000,-0.010728162277
18692000000,-0.010055593568
18702000000,-0.00930110111372
18713000000,-0.0084987639632
18719000000,-0.0153461986439
18731000000,-0.0140159645722
18741000000,-0.0145754466968
18752000000,-0.013109050081
18761000000,-0.011660145576
18767000000,-0.00670573072223
18781000000,-0.00558412739366
18790000000,-0.00457513307369
18804000000,-0.0036773918401
18810000000,-0.00288738815045
18821000000,-0.00219990109368
18828000000,0.00112654409588
18837000000,0.00146096074945
18851000000,0.00169230397535
18859000000,0.00389200705625
18873000000,0.00383192063936
18882000000,0.00369960837821
18893000000,0.00351339849695
18902000000,0.00483293865847
18911000000,0.0044806969367
18918000000,0.00410403308816
18918000000,0.00371671469019
18935000000,0.00332979589286
18949000000,0.00417698736604
18961000000,0.00373599039785
18972000000,-0.00660638927878
18983000000,-0.00646395196738
18992000000,-0.00620409034209
19004000000,-0.00585853878418
19015000000,-0.00545301420825
19015000000,-0.00500929478296
19031000000,-0.00454575920794
19036000000,-0.0040767748364
19047000000,-0.0108659446879
19052000000,-0.0187528670488
19069000000,-0.0173513646609
19079000000,-0.0158562848849
19091000000,-0.0143205221434
19102000000,-0.0178870070291
19116000000,-0.0160775530901
19139000000,-0.0142895677158
19139000000,-0.012558422912
19164000000,-0.0109106340261
19164000000,-0.00793540278422
19188000000,-0.00662871584635
19188000000,-0.00544864073149
19194000000,-0.00898992660657
19202000000,-0.0110298442796
19212000000,-0.00970854723137
19223000000,-0.013589957816
19224000000,-0.0120688677851
19236000000,-0.0105978010643
19236000000,-0.00919963871083
19261000000,-0.0114361215695
19270000000,-0.0100078708363
19279000000,-0.00865621641895
19291000000,-0.00739523770044
19302000000,-0.00829694938136
19303000000,-0.00710534307772
19303000000,-0.00600582944575
19303000000,-0.00500336235994
19308000000,-0.00409979993394
19351000000,-0.00552452226003
19361000000,-0.00468973836281
19372000000,-0.00392490172112
19387000000,-0.00407344200695
19402000000,-0.00340259032852
19402000000,-0.00279657214401
19402000000,-0.00225517234136
19402000000,-0.00177679131674
19402000000,-0.00135869667043
19402000000,-0.00099749072487
19451000000,-0.000689177823231
19455000000,-0.00117642066638
19469000000,0.0129778579531
19476000000,0.012431402634
19495000000,0.0151538288079
19504000000,0.0141224607085
19512000000,0.0129945568207
19517000000,0.0118159192606
19531000000,0.0106236026359
19542000000,0.00854244719823
19548000000,0.00745647100641
19558000000,0.00643463021673
19571000000,0.003660339667
19581000000,0.00289575935472
19592000000,0.00222945501855
19597000000,0.00165542600335
19610000000,0.00116667887658
19619000000,-0.00857474202589
19624000000,-0.00829320407362
19633000000,-0.00788506192473
19649000000,-0.0073863254373
19661000000,-0.0115146483121
19670000000,-0.0106267351989
19681000000,-0.00968884503269
19690000000,-0.00873268844615
19700000000,-0.00995443956061
19713000000,-0.00889880237887
19721000000,-0.00786758956251
19731000000,-0.00673925388481
19740000000,-0.00581434263598
19751000000,-0.0049554138701
19762000000,-0.00416788111691
19766000000,-0.00221264983412
19767000000,-0.00164785055476
19789000000,-0.00116624047963
19799000000,-0.000761049410263
19810000000,-0.000425138910124
19822000000,-0.00015145324636
19833000000,0.00138707341467
19841000000,0.00146906976807
19852000000,0.00150005633575
19860000000,0.00112010085647
19870000000,0.00109964076652
19871000000,0.00105799423122
19892000000,0.00100045845937
19902000000,0.000287727931535
19912000000,0.000250284374832
19922000000,0.000214016671372
19932000000,0.00017938031508
19942000000,0.000146615457111
19951000000,-0.000105053042506
19962000000,-0.00011963326161
19971000000,3.17404252732e-05
19982000000,1.57885842328e-05
19992000000,1.27306898529e-06
20002000000,-1.18886498792e-05
20009000000,-2.39363589494e-05
20020000000,0.000702919096931
20029000000,0.00065079582926
20030000000,0.000593087065896
20051000000,0.000532465541762
20060000000,0.00179217551823
20066000000,0.00164605571433
20081000000,0.00149160969329
20089000000,0.00133396626287
20101000000,0.00299251862737
20112000000,0.00272384514345
20122000000,0.00244886363488
20130000000,0.00217492179209
20141000000,0.0269176583025
20150000000,0.0252286654661
20163000000,0.0233281053965
20171000000,0.0213053357151
20178000000,0.0192314139714
20191000000,0.0171641741447
20197000000,0.0307772937217
20209000000,0.0425395624879
20222000000,0.0387958957277
20230000000,0.0349743311122
20243000000,0.0311776458054
20249000000,0.0274854959776
20260000000,0.0239588886596
20271000000,0.0241577356313
20281000000,0.0208461481183
20290000000,0.0177682899381
20301000000,0.0162471456205
20311000000,0.0136102553496
20339000000,0.011226070372
20339000000,0.00909472161188
20339000000,0.00721075849229
20355000000,0.00556382988367
20355000000,0.00414059941193
20369000000,0.00292153988087
20389000000,0.00189792448886
20389000000,0.00104818775571
20389000000,0.000354571827988
20389000000,-0.000200160222002
20429000000,-0.0178882665516
20439000000,-0.0172023240202
20443000000,-0.0162768059969
20452000000,-0.0206719787426
20464000000,-0.019099223296
20466000000,-0.0174321293885
20478000000,-0.01572822293
20492000000,-0.0140334120127
20492000000,-0.0123836734614
20515000000,-0.00596707527885
20519000000,-0.00480450997936
20529000000,-0.00378058299391
20540000000,-0.000312469060244
20540000000,0.000286862606662
20560000000,0.0007530520473
20560000000,0.00110398909777
20580000000,0.00260535967966
20592000000,0.00270448867846
20598000000,0.0027227632673
20598000000,0.00267708449028
20621000000,-0.000715709836494
20631000000,-0.00064493771722
20637000000,-0.000573764604704
20647000000,-0.00050384407881
20657000000,-0.00443220391235
20667000000,-0.00410701573992
20678000000,-0.00375745275197
20694000000,-0.00778342042405
20699000000,-0.00718183043273
20711000000,-0.00654623536585
20722000000,-0.00589753985499
20734000000,-0.00525294150646
20744000000,-0.00837794062823
20753000000,-0.00754334539977
20761000000,-0.00671510920395
20765000000,-0.00591070022767
20765000000,-0.00806785173643
20791000000,-0.00715171123444
20804000000,-0.00626822936259
20809000000,-0.00543005644537
20821000000,-0.00737404623644
20834000000,-0.00647246642516
20844000000,-0.00561546930938
20850000000,-0.00481312367118
20854000000,-0.00407164710539
20866000000,0.00865479975012
20882000000,0.00846355808909
20882000000,0.00812521279683
20899000000,0.0104701590191
20911000000,0.00978071699598
20920000000,0.00902009935856
20931000000,0.00822061426881
20940000000,0.00652283992376
20948000000,0.00577691878774
20960000000,0.00506199584269
20966000000,0.00245504623266
20982000000,0.00194910988796
20987000000,0.00150882211407
21001000000,0.0011301628426
21002000000,0.000808654135038
21019000000,0.00053951048181
21024000000,-0.00205299528053
21032000000,-0.00207723464733
21046000000,-0.00204703377284
21065000000,-0.00197494406196
21065000000,-0.0261047504263
21066000000,-0.0245234680995
21090000000,-0.022725956715
21111000000,-0.0366160051802
21111000000,-0.0336147719241
21122000000,-0.0304943380566
21128000000,-0.0366178887783
21139000000,-0.032995137227
21156000000,-0.0293990826719
21158000000,-0.0259053259346
21172000000,-0.0225701847795
21180000000,-0.0240029683231
21181000000,-0.0207969069987
21203000000,-0.0178031689797
21210000000,-0.0150445470853
21219000000,-0.012532869228
21231000000,-0.0125518714591
21244000000,-0.010393367129
21253000000,0.0090475916801
21262000000,0.00973457720771
21271000000,0.0100588540402
21282000000,0.0100897408152
21293000000,0.0098887200565
21301000000,0.0120366680617
21310000000,0.0113571124052
21317000000,0.01056782774
21317000000,0.00970975352577
21317000000,0.00881664805471
21317000000,0.00791571499866
21361000000,0.005137920091
21372000000,0.00439523461497
21380000000,0.000599306868858
21390000000,0.000155900748376
21404000000,-0.00019699796064
21408000000,-0.00235213300695
21422000000,-0.00250869908445
21431000000,-0.00253145459707
21442000000,-0.00249313118936
21451000000,-0.00240762967268
21461000000,-0.00389695696035
21475000000,-0.00364831360536
21481000000,-0.00337143917689
21487000000,-0.00307865338756
21498000000,-0.0041913280526
21511000000,-0.00381386172919
21518000000,-0.00343203443579
21530000000,0.00283946020545
21541000000,0.00287400673339
21548000000,0.0028348582301
21559000000,0.00273902461
21559000000,0.00260068423075
21580000000,0.00243194337045
21587000000,0.00803673446418
21599000000,0.00745002918333
21599000000,0.00681897500773
21599000000,0.0117566277028
21628000000,0.0107522711355
21639000000,0.00971812015906
21651000000,0.00868389049834
21660000000,0.0135324259414
21671000000,0.0121715910543
21676000000,0.0108245740904
21690000000,0.00951853930264
21700000000,0.0133185378554
21708000000,0.0118208471229
21714000000,0.0103741520833
21729000000,0.0141805442971
21740000000,0.0125898921931
21752000000,0.0110522996526
21759000000,0.0095908077194
21770000000,0.00822214536836
21781000000,0.0113966649196
21793000000,0.00996344922078
21800000000,0.0086090115339
21812000000,0.00734690102046
21822000000,0.0105200120389
21828000000,0.00917544753546
21838000000,0.00790831238758
21856000000,0.0104922433191
21865000000,0.00920576226207
21874000000,0.00798461053746
21883000000,0.00684175094879
21888000000,0.00578611851667
21902000000,0.00776085107212
21910000000,0.00670355721893
21921000000,0.00571836981329
21926000000,0.00735477332226
21930000000,0.00636553901009
21949000000,0.00544200330167
21961000000,0.00459089964192
21968000000,-0.0130017959879
21981000000,-0.012667031034
21991000000,-0.0121212629335
22001000000,-0.0114215448037
22006000000,-0.0139241103735
22010000000,-0.0128542342529
22019000000,-0.0117248947176
22042000000,-0.0105741284512
22048000000,-0.0081666653065
22060000000,-0.00713348693495
22067000000,-0.0061614076585
22081000000,-0.00525898273513
22090000000,-0.00196725456936
22100000000,-0.00137545110575
22109000000,-0.000879943692073
22122000000,-0.000471598810454
22130000000,0.0179486456273
22140000000,0.0170998829182
22149000000,0.0160467248174
22162000000,0.0148564052255
22171000000,0.023867889209
22182000000,0.0219288725974
22190000000,0.0199085998363
22209000000,0.0178697298615
22217000000,0.0158619258889
22231000000,0.0187988449064
22231000000,0.0166533191429
22239000000,0.0145891474732
22239000000,0.0126353356241
22260000000,0.0125327942309
22268000000,0.0107501362541
22268000000,0.00910434085996
22268000000,0.00760329776339
22268000000,0.00625019743899
22294000000,-0.00476476961143
22294000000,-0.00521290583237
22294000000,-0.00544931761962
22342000000,-0.00648055952119
22351000000,-0.00638235548848
22360000000,-0.00613869700615
22361000000,-0.00580887885742
22382000000,-0.00355214765554
22394000000,-0.00323979992428
22400000000,-0.00292058737884
22408000000,-0.000513716910836
22418000000,-0.000327006974203
22429000000,-0.00017160757656
22437000000,-4.43226830047e-05
22449000000,0.00157068131949
22450000000,0.00156653732096
22470000000,0.00152914280878
22480000000,0.00146675511927
22490000000,0.00138618457406
22501000000,0.00129328229899
22511000000,0.00210753818308
22521000000,0.00195070313798
22527000000,0.00178507160684
22533000000,0.00161632377831
22547000000,0.00176296001403
22559000000,0.00158334773491
22570000000,0.00140864487221
22580000000,0.00124190483592
22590000000,0.000854219689791
22592000000,0.00072254442083
22603000000,0.000604965188914
22621000000,0.000501296384745
22621000000,-0.0191160294999
22640000000,-0.0179170844283
22650000000,-0.0165679908425
22658000000,-0.0151312142169
22676000000,-0.0272229309772
22679000000,-0.0249025153898
22690000000,-0.0331897919343
22699000000,-0.0301885595999
22706000000,-0.0271445597996
22722000000,-0.0241351637177
22731000000,-0.0281167282536
22735000000,-0.0249579197637
22736000000,-0.0219069531766
22751000000,-0.0190100678933
22763000000,-0.0162991285448
22779000000,-0.013795455862
22791000000,-0.0115110777525
22801000000,-0.0143306999061
22810000000,-0.01218748873
22819000000,-0.0155229571257
22831000000,-0.0134054786075
22838000000,-0.0114347238109
22849000000,-0.00962368821211
22859000000,-0.00889294539497
22872000000,-0.00736529719685
22879000000,-0.0059950585707
22891000000,-0.00477975551222
22900000000,-0.00459128687428
22912000000,-0.00360826618441
22921000000,-0.00275140143891
22931000000,-0.00201319298424
22941000000,-0.000567893740349
22951000000,-9.31813953798e-05
22960000000,0.000283755020155
22969000000,0.00153111926851
22981000000,0.00172541858885
22989000000,0.00181662284247
23011000000,0.00184854415806
23011000000,0.00183309230152
23021000000,0.00379095078029
23029000000,0.00359475012108
23037000000,0.00335981786809
23052000000,0.00464068917253
23059000000,0.00426600146092
23070000000,0.00387531302038
23081000000,0.00348095854134
23088000000,0.00572824941509
23089000000,0.00519431353685
23094000000,0.00465722914874
23120000000,0.00412965449906
23131000000,0.00626566113972
23140000000,0.00562113552952
23150000000,0.00498713892482
23161000000,0.00437558280779
23162000000,0.00655755030569
23174000000,0.00586066340393
23180000000,0.00517949445807
23200000000,0.00452642374562
23205000000,0.00642723398593
23220000000,0.00569839558519
23228000000,0.00499588242056
23240000000,0.00432947073366
23251000000,0.00659066707754
23262000000,0.00583179772477
23265000000,0.00510269182138
23280000000,0.00441282357464
23280000000,0.00376941483986
23311000000,0.00317725823699
23315000000,0.00263833871754
23323000000,0.0042713946046
23329000000,0.00369959513318
23342000000,0.00316543058825
23349000000,0.00267263026443
23360000000,0.0056402014215
23372000000,0.00503484529532
23380000000,0.00444379345232
23390000000,0.00387739428547
23399000000,0.00624618878998
23412000000,0.00557144970301
23413000000,0.0049140149785
23430000000,0.00680828449336
23438000000,0.00606009282807
23450000000,0.00652405655709
23462000000,0.00576452170342
23472000000,0.00503598997806
23478000000,0.00434820674278
23490000000,0.00370817269678
23501000000,0.00426147176036
23509000000,0.00366101483046
23521000000,0.00310484773103
23531000000,0.00360123745777
23537000000,0.00307818035172
23545000000,0.00259625584103
23561000000,0.0021576668983
23571000000,0.00176258243376
23579000000,0.0014105747617
23591000000,0.00187488682093
23602000000,0.00156069777374
23608000000,0.00127734546216
23619000000,0.00154937614011
23633000000,0.00129754121728
23634000000,0.00106914991172
23652000000,0.00107396992857
23657000000,0.000879500911046
23668000000,0.000705752594617
23668000000,0.000552137016756
23692000000,0.000418285843327
23702000000,0.000302873262866
23712000000,0.000835996003234
23727000000,0.000710921460128
23731000000,0.000595895848127
23741000000,0.000396878066711
23750000000,0.000308993984988
23760000000,0.000232520241536
23761000000,0.000166618236939
23780000000,0.000132745077542
23790000000,8.39006300096e-05
23801000000,4.31382214341e-05
23807000000,9.7369847277e-06
23817000000,-0.000431818914021
23823000000,-0.000425362796019
23840000000,-0.000410993653722
23850000000,-0.000390592627846
23862000000,-0.00100714612786
23873000000,-0.000942367739194
23880000000,-0.00087025697294
23889000000,-0.000794191204204
23899000000,-0.000716548644363
23913000000,-0.00154451893667
23918000000,-0.00141373795163
23930000000,-0.00127907516581
23934000000,-0.00114455237414
23951000000,-0.00225085366136
23973000000,-0.00204664796254
23973000000,-0.00183995731124
23973000000,-0.00163572671376
23973000000,-0.00143802954546
23973000000,-0.002488980407
23973000000,-0.00224176692539
23973000000,-0.00199639585902
23973000000,-0.00175805051462
23973000000,-0.00153074732394
23973000000,-0.00131704369747
24055000000,-0.00273496027509
24070000000,-0.00471707966732
24079000000,-0.00431611531573
24090000000,-0.00390276934655
24101000000,-0.00480427369642
24109000000,-0.00431400694559
24118000000,-0.00383071069989
24118000000,-0.00336369728427
24140000000,-0.00450559332196
24152000000,-0.00400163036543
24162000000,-0.00351417187641
24170000000,-0.00305075293751
24181000000,-0.00261673685845
24186000000,-0.00221570274818
24199000000,-0.00332039614045
24210000000,-0.00289389402247
24221000000,-0.00249244898331
24231000000,-0.00428414966415
24242000000,-0.00381225226236
24248000000,0.000822447436133
24261000000,0.0010079840593
24268000000,0.00113218948176
24276000000,0.00120532501665
24284000000,0.00123665086248
24300000000,-0.00349135221219
24310000000,-0.00321735004881
24317000000,-0.00292855481988
24317000000,-0.00263475699776
24341000000,-0.00604915650097
24354000000,-0.0055490968884
24364000000,-0.00503013119059
24377000000,-0.00450777471106
24377000000,-0.00399441824302
24390000000,-0.00613655276372
24399000000,-0.00552330455862
24410000000,-0.00758637104709
24420000000,-0.00685143039883
24430000000,-0.00611867915209
24441000000,-0.00540355369845
24448000000,-0.00471841250925
24462000000,-0.00346568050459
24470000000,-0.00290347324396
24471000000,-0.00239509067597
24471000000,-0.00194041276982
24501000000,-0.0020521425698
24510000000,-0.00167153138107
24518000000,-0.0013335842792
24531000000,-0.00103689660997
24540000000,-0.00129380504327
24552000000,-0.00104145601998
24567000000,-0.000818999514966
24572000000,-0.000625096010908
24583000000,-0.000457968945436
24592000000,-0.0013343653645
24601000000,-0.0011507158272
24610000000,-0.000979757045643
24615000000,-0.000822690809473
24627000000,-0.00148305016084
24642000000,-0.00130836162286
24649000000,-0.00114120919684
24659000000,-0.00183999256693
24671000000,-0.00163734170206
24680000000,-0.00144062413013
24696000000,-0.00125286947249
24705000000,-0.00107684991948
24710000000,-0.00164361632487
24723000000,-0.00145468443194
24730000000,-0.00171486231156
24741000000,-0.00151516725348
24746000000,-0.00132366187591
24758000000,-0.0011426272969
24769000000,-0.00097449224049
24781000000,-0.00163126154464
24792000000,-0.00144388030612
24799000000,-0.00126334758754
24808000000,-0.00109225837983
24822000000,-0.000932476967544
24831000000,-0.000872235967447
24840000000,-0.000732383438398
24851000000,-0.000605430747871
24862000000,-0.000491690824563
24872000000,-0.00881716184512
24880000000,-0.00824526443333
24889000000,-0.00760886254441
24900000000,-0.00693617631773
24911000000,-0.00625046771548
24919000000,-0.0101811632512
24931000000,-0.0092129384573
24942000000,-0.012669428814
24954000000,-0.0114664890612
24958000000,-0.0102611752714
24971000000,-0.00879121093865
24981000000,-0.00767375912675
24992000000,-0.00662152490499
24999000000,-0.00564414917777
25010000000,-0.00419886500311
25019000000,-0.00341547352752
25024000000,-0.00272168278562
25027000000,-0.00211395754905
25034000000,-0.00158733425533
25034000000,-0.00113720701019
25072000000,-0.000757312468892
25080000000,0.000642004082104
25090000000,0.00274084002981
25100000000,0.00275213355789
25109000000,0.00269915082363
25121000000,0.00259717919217
25127000000,0.00245816798399
25137000000,0.00330077693419
25151000000,0.00305817124222
25159000000,0.00279831309072
25170000000,0.00253067657667
25180000000,0.00399353890318
25189000000,0.00361828889954
25200000000,0.00324113172928
25210000000,0.00287067315824
25218000000,0.00384120954459
25229000000,0.00342512366388
25240000000,0.00302022163357
25251000000,0.00263284418087
25261000000,0.00420486125664
25270000000,0.0037499679937
25281000000,0.00330664751116
25289000000,0.0028824934338
25303000000,0.00403534968371
25313000000,0.00356100214672
25319000000,0.00310667579592
25331000000,0.00267828446394
25340000000,0.00415924241344
25350000000,0.00367828456517
25363000000,0.00321609039877
25370000000,0.00448132417307
25380000000,0.00398060171168
25392000000,0.00349650295248
25399000000,0.00303581356166
25399000000,0.00260422356767
25399000000,0.00220497332479
25399000000,0.00373955517318
25435000000,0.00330382052155
25452000000,0.00456958559653
25463000000,0.00408205935553
25472000000,0.00360601838873
25483000000,0.00314935641921
25491000000,0.00271830616953
25502000000,0.00392243753682
25514000000,0.00345911798152
25520000000,0.00301558274851
25532000000,0.00402331291543
25542000000,0.00355550640651
25552000000,0.00310623158729
25563000000,0.00268206140951
25570000000,0.0034109588759
25580000000,0.0029858245774
25591000000,0.00258345374372
25598000000,0.00220787812116
25612000000,0.00186168419967
25620000000,0.00251723243217
25632000000,0.00217016211575
25638000000,0.00184738788717
25664000000,0.00155099196924
25664000000,0.00208947805086
25668000000,0.00179746719566
25675000000,0.00152638809004
25688000000,0.00127792564441
25704000000,0.00173202009077
25711000000,0.00148625941471
25718000000,0.00125874149894
25718000000,0.00105067589965
25741000000,0.0013345079752
25751000000,0.00113949287108
25759000000,0.000959676298851
25772000000,0.00120043587214
25781000000,0.00103011225642
25792000000,0.000872280393717
25802000000,0.000727917909974
25812000000,0.000738354964496
25821000000,0.000613179195618
25832000000,0.000500411768997
25841000000,0.000399949575909
25849000000,0.000473779535878
25865000000,0.000386789125206
25871000000,0.000309221057344
25871000000,0.000240752932927
25891000000,0.000181081003759
25900000000,0.000124686574387
25912000000,8.13151096123e-05
25920000000,4.51141310688e-05
25929000000,1.5305743527e-05
25942000000,3.12740859022e-06
25951000000,-1.67842729271e-05
25962000000,-3.2338828983e-05
25972000000,-4.40539839462e-05
25983000000,5.34682089142e-06
25992000000,-3.70781397723e-06
26002000000,-1.08973718594e-05
26011000000,-0.000117851432999
26021000000,-0.000116635342925
26034000000,-0.000113285754044
26039000000,-0.000108166815081
26039000000,-0.000101827992
26039000000,-9.46128576854e-05
26069000000,5.06487209935e-05
26082000000,5.06717059313e-05
26091000000,4.9373960232e-05
26099000000,4.70134578268e-05
26113000000,4.41903627777e-05
26115000000,4.0908925391e-05
26132000000,-1.1954601521e-05
26144000000,-1.20603782787e-05
26151000000,0.000200005749929
26160000000,0.000187752049925
26167000000,0.000173606118571
26181000000,0.000219516519532
26189000000,0.000200320497269
26198000000,0.000180713615598
26207000000,0.000161519262367
26216000000,0.000142627482639
26226000000,0.000365307287204
26241000000,0.000332589781849
26260000000,0.000299547195231
26266000000,0.000266935439821
26269000000,0.000235237654731
26285000000,0.000448441804596
26295000000,0.000404033699903
26300000000,0.000478087087126
26307000000,0.000428321580622
26321000000,0.000379519618958
26333000000,0.000685548689112
26342000000,0.000618305679945
26353000000,0.000551644020642
26353000000,0.000487026512347
26370000000,0.000202076698296
26381000000,0.000156429499128
26393000000,0.000116830707186
26406000000,8.33881317913e-05
26412000000,5.52218786407e-05
26418000000,3.18948402801e-05
26433000000,0.000440716865008
26441000000,0.000398138975764
26452000000,0.000321524723633
26463000000,0.000281926088795
26469000000,0.000244859376641
26483000000,0.000210250216297
26492000000,0.000617534554569
26505000000,0.000561698762546
26509000000,0.000505034306043
26522000000,0.000449029721749
26533000000,0.000560372019857
26542000000,0.000498464684295
26552000000,0.000438723187769
26562000000,0.000381834114068
26572000000,0.00082421509525
26587000000,0.000746642641758
26591000000,0.000668689792541
26598000000,0.000592171825404
26598000000,0.000518632574983
26599000000,0.000449303010008
26631000000,0.000965162366389
26641000000,0.000871659141295
26651000000,0.000778658147478
26663000000,0.00109389121942
26671000000,0.000979793483744
26684000000,0.0008678516972
26693000000,0.000760468558927
26700000000,0.00141183941739
26709000000,0.00127183864788
26720000000,0.00113325049188
26731000000,0.000998533833591
26741000000,0.000869991133606
26753000000,0.0010253449387
26767000000,0.00089695071882
26775000000,0.00077571588465
26784000000,0.000983483537958
26793000000,0.000862406699386
26796000000,0.000747627832903
26818000000,0.000640413648513
26832000000,0.000541447754626
26832000000,0.000451469457197
26836000000,0.000370518157666
26853000000,0.00115066689338
26862000000,0.00103534790057
26862000000,0.000921248059772
26872000000,0.000810646029539
26879000000,0.000705241034957
26901000000,0.000606377225492
26909000000,0.00104279555502
26922000000,0.000926775236656
26929000000,0.000814625542825
26937000000,0.00157187206793
26952000000,0.00142364484858
26957000000,0.001274744639
26971000000,0.00112874429779
26982000000,0.00178254809724
26987000000,0.00159789063508
27001000000,0.00141656795013
27011000000,0.0012419505977
27024000000,0.00199564689895
27025000000,0.00178092010726
27040000000,0.00157168105237
27051000000,0.00235280964201
27060000000,0.00210535494473
27065000000,0.00186316462025
27082000000,0.00163053996564
27091000000,0.00235746472496
27101000000,0.00209685977463
27106000000,0.00184439776625
27122000000,0.00160404529074
27134000000,0.0013785754603
27142000000,0.00116995861278
27151000000,0.00197719870296
27162000000,0.00173963985553
27171000000,0.00254314267515
27181000000,0.00227180896023
27192000000,0.00200691185807
27205000000,0.00175300790311
27212000000,0.00151360314393
27220000000,0.00239522252327
27230000000,0.00212737277793
27245000000,0.00186845273688
27251000000,0.00162242922656
27259000000,0.00139206486844
27266000000,0.00117908724006
27277000000,0.00197638559372
27288000000,0.00173501629908
27301000000,0.00150574090584
27308000000,0.0012912174505
27319000000,0.00246119839719
27319000000,0.00219283280853
27319000000,0.0019319373158
27319000000,0.00296051918868
27319000000,0.00264468872488
27372000000,0.00233631623293
27378000000,0.00293833931234
27393000000,0.00260340071549
27398000000,0.00228108139394
27408000000,0.00197562715308
27421000000,0.00253772958918
27432000000,0.00222087819702
27432000000,0.00192112542412
27432000000,0.0016418603684
27461000000,0.00250649532084
27468000000,0.00220730714343
27479000000,0.00192168831194
27487000000,0.00240155168824
27500000000,0.00211139353141
27511000000,0.00183504064784
27523000000,0.00157618133907
27531000000,0.00238213418559
27541000000,0.00210098941509
27551000000,0.00183212313847
27558000000,0.00157885725068
27569000000,0.00134405124123
27574000000,0.00112866445388
27589000000,0.00158348086992
27598000000,0.00136649141372
27611000000,0.00116505615315
27620000000,0.000980239344255
27630000000,0.0014890697155
27634000000,0.00129444580952
27634000000,0.00111204950775
27634000000,0.000943077309446
27634000000,0.00120996838515
27673000000,0.00106056060722
27673000000,0.000909104917058
27704000000,0.00127847496466
27712000000,0.00112186541781
27719000000,0.000973408845431
27724000000,0.000834157804386
27741000000,0.000835051883694
27749000000,0.000711355456355
27757000000,0.000598522347114
27771000000,0.000278481103981
27781000000,0.000198424445091
27790000000,0.000131170871209
27801000000,7.48260948294e-05
27809000000,2.91626768318e-05
27828000000,-7.14974876181e-06
27840000000,0.000450285022942
27840000000,0.000401201923122
27840000000,0.00030821185199
27871000000,0.000265616694149
27879000000,-4.83893905254e-05
27898000000,-6.56629865299e-05
27903000000,-7.72615450946e-05
27911000000,0.000296448252534
27919000000,0.000269533741561
27926000000,6.60730976798e-05
27941000000,4.94604423603e-05
27941000000,3.49537925489e-05
27960000000,2.33591294996e-05
27960000000,1.41285541305e-05
27980000000,0.000168360571086
27991000000,0.000153262259298
28001000000,0.000138338967127
28011000000,0.000123924675635
28020000000,-8.50974983465e-05
28031000000,-8.680376052e-05
28040000000,-8.57635459753e-05
28051000000,-0.000151660848043
28061000000,-0.00014338591855
28072000000,-0.000133325937193
28083000000,-0.000121828241007
28083000000,-0.000110165514471
28101000000,-0.000431699949634
28101000000,-0.000399401340516
28121000000,-0.000364321676377
28130000000,-0.000328236486348
28143000000,-0.000614294839836
28148000000,-0.000559316590802
28162000000,-0.000503187320026
28171000000,-0.000447337722629
28179000000,-0.00307383883859
28191000000,-0.00284945895318
28200000000,-0.0026082674448
28211000000,-0.00437475216165
28222000000,-0.00401488981489
28231000000,-0.00364125443965
28232000000,-0.00326518550527
28250000000,-0.00352356084306
28256000000,-0.00313205687128
28266000000,-0.00275282734792
28282000000,-0.00239236868815
28283000000,-0.00205414736413
28298000000,-0.00222796439111
28307000000,-0.00191027814778
28307000000,-0.00161662175517
28307000000,-0.0013485532602
28307000000,-0.0011064943762
28351000000,-0.000923579432544
28354000000,-0.00073143909024
28355000000,-0.000563058967723
28381000000,-0.000319421578183
28392000000,-0.000200526927793
28401000000,-0.000101964007711
28412000000,-2.15624315931e-05
28420000000,4.25641902901e-05
28428000000,0.000280455575006
28438000000,0.000306519428035
28452000000,0.000320527749792
28460000000,0.000616333223762
28470000000,0.000596316806351
28482000000,0.000567479653146
28495000000,0.000532346241605
28499000000,0.000820102281316
28511000000,0.000760388648121
28519000000,0.00069671139698
28532000000,0.00063107085803
28538000000,0.000916970454895
28549000000,0.00083079569777
28551000000,0.000744530558938
28571000000,0.000659986725034
28571000000,0.000968647183964
28592000000,0.000870277360517
28600000000,0.000773415959316
28611000000,0.00105697833104
28621000000,0.00094756460174
28630000000,0.000840309208479
28642000000,0.000737097900748
28652000000,0.00257990554498
28661000000,0.0023805098107
28669000000,0.00217004936752
28682000000,0.00195571543725
28692000000,0.00116199838461
28701000000,0.000987949564191
28711000000,0.000828853564868
28721000000,0.000685064091588
28726000000,0.000466617442151
28739000000,0.000358496880315
28748000000,0.000265414723341
28754000000,0.000186130529403
28772000000,0.000119528301079
28772000000,6.43572660619e-05
28792000000,-0.000144934530966
28792000000,-0.000170866932381
28808000000,-0.000187336667647
28808000000,-0.000195912308772
28831000000,-6.76972079426e-05
28838000000,-7.30061217585e-05
28849000000,-7.56682615e-05
28861000000,-8.55478915437e-05
28868000000,-8.33511658438e-05
28868000000,-7.96897250581e-05
28868000000,-7.48101719581e-05
28868000000,-6.9357663981e-05
28868000000,0.000101373713812
28919000000,9.66914018935e-05
28931000000,9.09173256301e-05
28943000000,8.44622316009e-05
28949000000,7.75278107398e-05
28958000000,0.000233668201451
28958000000,0.000216793151152
28958000000,0.000312041765619
