%time,field
351000000,0.00422524395645
364000000,0.000966600311733
374000000,0.0121914513518
381000000,0.00899496080973
391000000,0.0104067070336
399000000,0.00757937826302
400000000,-0.0161296075528
422000000,-0.0167328836273
422000000,-0.0148981305197
439000000,-0.0153578697898
451000000,-0.0265868008492
462000000,-0.024966119966
469000000,-0.0232512229753
481000000,-0.0212700440627
491000000,-0.00518919409703
501000000,-0.00390115514954
512000000,-0.0027988279365
522000000,-0.00186906576218
532000000,-0.00109612328664
537000000,-0.00122140773267
543000000,-0.000669768416514
560000000,-0.00022160186394
571000000,0.000134590673074
574000000,0.000410601952543
595000000,-0.00435502028917
596000000,-0.00390225581953
611000000,-0.00345937307943
620000000,-0.00303410338939
631000000,-0.00757955914957
642000000,-0.00688277584418
655000000,-0.00618101919735
659000000,-0.00549112637688
671000000,-0.00482552914046
686000000,-0.00807470574287
691000000,-0.0110555439165
701000000,-0.0100209630956
711000000,-0.00898289117834
726000000,-0.00796489792146
739000000,-0.00838898280932
751000000,-0.00737719418362
752000000,-0.00641581440043
752000000,-0.0055154778355
765000000,-0.0046833611177
765000000,-0.00392357174408
794000000,-0.00323733484585
798000000,-0.00382190210744
798000000,-0.00321250576002
819000000,-0.00454244627462
824000000,-0.00394080439618
840000000,-0.00337889273201
848000000,-0.00384529273273
857000000,-0.00331817405155
866000000,-0.00282877737156
879000000,-0.00237999880767
886000000,-0.00197320215467
900000000,-0.00160857822356
910000000,-0.0021432370836
921000000,-0.00180687365325
929000000,-0.00212762640309
938000000,-0.00181553655185
948000000,-0.00152877814626
959000000,-0.00126834401073
959000000,-0.00103445835365
959000000,-0.000826696820993
991000000,-0.000644127717984
997000000,-0.00104833825314
1010000000,-0.000876598946067
1019000000,-0.00139250544702
1026000000,-0.00121111809116
1035000000,-0.00104043289133
1051000000,-0.000881988552769
1057000000,-0.00120662134687
1067000000,-0.00106278077187
1079000000,-0.000913522317068
1083000000,-0.000774589718416
1083000000,-0.000646809886392
1111000000,-0.00116543261758
1119000000,-0.00102456579725
1128000000,-0.000889546941345
1138000000,-0.000762156424845
1151000000,-0.00189491649
1162000000,-0.00170569647703
1170000000,-0.00250675586231
1182000000,-0.00226459069651
1192000000,-0.00202156583479
1203000000,-0.00178326663519
1213000000,-0.00155400974103
1231000000,-0.002831020432
1251000000,-0.00252926158884
1251000000,-0.00223293503092
1262000000,-0.00194756052078
1262000000,-0.00167714762869
1273000000,-0.00364415884656
1285000000,-0.00328728043598
1292000000,-0.00293026452048
1300000000,-0.00469869515279
1311000000,-0.00424272038671
1319000000,-0.00378603783797
1330000000,-0.00333986991269
1341000000,-0.00551089073559
1352000000,-0.0049403504258
1371000000,-0.00437851550282
1371000000,-0.00383638724881
1381000000,0.00535134497306
1391000000,0.0053120169045
1401000000,0.0051637980167
1410000000,0.0041938680691
1421000000,0.00394684085339
1431000000,0.00366555008343
1443000000,0.00336339588243
1443000000,0.00305146181054
1463000000,-0.000865074547029
1470000000,-0.000930469804216
1480000000,-0.000959322475593
1497000000,-0.000958717323248
1497000000,-0.0222027281858
1511000000,-0.0208839291166
1520000000,-0.0193758322675
1520000000,-0.0177517861617
1542000000,-0.0289400371903
1552000000,-0.0264485339465
1569000000,-0.0238915895751
1572000000,-0.0213404539649
1584000000,-0.0188511534123
1592000000,-0.0245372574223
1602000000,-0.0217508749126
1608000000,-0.0230776842364
1623000000,-0.0202994111536
1631000000,-0.0176546624664
1639000000,-0.0151744656296
1649000000,-0.0128795775002
1657000000,0.00165571826883
1676000000,0.00278664511655
1676000000,0.00361621950261
1693000000,0.00418966016621
1703000000,0.00553817274331
1709000000,0.00565628686743
1722000000,0.00562331022929
1733000000,0.00242286211663
1739000000,0.00235624757782
1753000000,0.00225158233498
1769000000,0.00211913337091
1774000000,0.00196769928201
1780000000,-0.0028150453015
1793000000,-0.00267598046345
1797000000,-0.00250627559557
1798000000,-0.00231630103965
1821000000,-0.00584068875715
1832000000,-0.00543052303636
1840000000,-0.0049861872902
1850000000,-0.00748166729191
1861000000,-0.00683113092641
1868000000,-0.00616571594865
1880000000,-0.00550356696694
1886000000,-0.00741736060182
1900000000,-0.00664714407589
1908000000,-0.00589169455814
1920000000,-0.00516503980851
1931000000,-0.00447731937562
1936000000,-0.00614888234811
1948000000,-0.00541911270841
1961000000,-0.00472343753019
1972000000,-0.00407021874437
1980000000,-0.00550583745348
1991000000,-0.00482968630801
2001000000,-0.00418979671541
2009000000,-0.00359282339036
2021000000,-0.00470184672798
2032000000,-0.00409334785623
2042000000,-0.00352345917517
2052000000,-0.00299664423462
2060000000,-0.00372866359691
2069000000,-0.00322041709204
2073000000,-0.00274941536509
2090000000,-0.00231836325751
2103000000,-0.00264482418334
2103000000,-0.00224848575812
2118000000,-0.00188757906358
2118000000,-0.0015623838972
2137000000,-0.00127310467833
2150000000,-0.00105401858275
2161000000,-0.000830811235412
2172000000,-0.000638561341406
2182000000,0.0170712831448
2191000000,0.0161545526994
2192000000,0.0150685297156
2195000000,0.0138736806474
2211000000,0.012618831077
2219000000,0.0229069926897
2234000000,0.0208769828698
2240000000,0.0188076818127
2247000000,0.0249087666458
2270000000,0.0224120889259
2272000000,0.0199413622744
2280000000,0.0175456850949
2300000000,0.0152626098774
2311000000,0.0131196539277
2322000000,0.0159792047602
2329000000,0.0138414992197
2341000000,0.0118451346004
2350000000,0.0150861478257
2364000000,0.0130790621429
2365000000,0.0112024534983
2381000000,0.0094710568834
2392000000,0.00892168290615
2401000000,0.00743525949733
2411000000,0.00609591291544
2422000000,0.00630197845451
2431000000,0.0051744183091
2441000000,0.00416878174438
2451000000,0.00328162863661
2461000000,0.00250789945448
2469000000,-0.0143175743131
2479000000,-0.0138299894835
2488000000,-0.0131372826431
2501000000,-0.0177924268754
2508000000,-0.0164978821243
2522000000,-0.015109716779
2522000000,-0.013678650743
2536000000,-0.0122457599891
2549000000,-0.010843485997
2561000000,-0.00891057359509
2568000000,-0.00767668207022
2576000000,-0.00509358313813
2591000000,-0.00413164180482
2597000000,-0.00328223220766
2611000000,-0.00254032560326
2622000000,-0.00189972254366
2631000000,0.000461108812749
2641000000,0.000809758519564
2641000000,0.00313151799787
2658000000,0.00317922923403
2671000000,0.003144694165
2676000000,0.00304628305411
2691000000,0.00289979925663
2701000000,0.00492180199052
2710000000,0.00457940258338
2720000000,0.00420645733887
2731000000,0.00381801371868
2738000000,0.005782703803
2750000000,0.00523938905877
2751000000,0.00469344005243
2751000000,0.0041576737645
2779000000,0.00364197171905
2791000000,0.00565309681716
2800000000,0.00504060815193
2806000000,0.00708455127883
2819000000,0.00635316638074
2831000000,0.00563432834877
2839000000,0.00494154719556
2853000000,0.00428486635834
2858000000,0.00620832797352
2869000000,0.00548018164672
2882000000,0.00478383220475
2890000000,0.00664188108706
2898000000,0.00589239441245
2922000000,0.00516976446093
2922000000,0.00448481649672
2922000000,0.00384493847909
2922000000,0.00556042097683
2945000000,0.00489086113923
2965000000,0.00425412023094
2966000000,0.0036575242784
2966000000,0.00513202908494
2988000000,0.00450409191046
2998000000,0.00390910464373
2998000000,0.00158464826869
3020000000,0.00117376074932
3029000000,0.000824639618721
3038000000,0.000532021778511
3048000000,-0.00227586339062
3062000000,-0.00233130842358
3068000000,-0.00232199448494
3085000000,-0.0022615791687
3085000000,-0.00216227142952
3085000000,-0.00203463879811
3085000000,-0.00188713496298
3127000000,-0.00172733985254
3127000000,-0.00476141780253
3127000000,-0.00440637436777
3151000000,-0.0074496404278
3159000000,-0.00684859539878
3170000000,-0.00622047337303
3180000000,-0.00558479937327
3186000000,-0.00863986621964
3200000000,-0.00780181067424
3208000000,-0.00696518574217
3221000000,-0.00944219266418
3230000000,-0.00847553107233
3239000000,-0.00752235526199
3247000000,-0.00660155899067
3262000000,-0.00889459367406
3271000000,-0.00788487836931
3279000000,-0.00691109481146
3279000000,-0.0059874522756
3303000000,0.00804396343687
3309000000,0.0080673960484
3322000000,0.00790647211789
3330000000,0.00760449889267
3341000000,0.00719807673126
3352000000,0.00671846701651
3361000000,0.00929385815037
3371000000,0.00853561474217
3381000000,0.00774885567483
3391000000,0.00712472495997
3403000000,0.00633652321618
3411000000,0.00557571408901
3424000000,0.00272354200992
3424000000,0.00218969317154
3450000000,0.00172211771321
3452000000,0.00131721166841
3464000000,-0.00124079039327
3469000000,-0.00139803765212
3479000000,-0.00148819659164
3491000000,-0.00439826315121
3501000000,-0.00422094948382
3506000000,-0.00398438874023
3514000000,-0.00370650019549
3514000000,-0.00340235048656
3537000000,-0.00308470147601
3550000000,-0.0265749034343
3558000000,-0.024671440187
3569000000,-0.0226170034179
3584000000,-0.034226472881
3588000000,-0.0311921433205
3591000000,-0.0281009813746
3609000000,-0.0250346634758
3617000000,-0.0300275318813
3622000000,-0.0266644783064
3632000000,-0.0234159346792
3647000000,-0.0203304833659
3662000000,-0.0205810397461
3676000000,-0.0177422663363
3682000000,-0.0151076037896
3682000000,-0.0126926755382
3682000000,-0.0105045498235
3710000000,-0.00854443355756
3710000000,-0.0073226656884
3710000000,-0.00577123365107
3742000000,-0.00441915130406
3749000000,-0.00136863264269
3762000000,-0.00048618845657
3762000000,0.000220204117239
3762000000,0.000771782424878
3786000000,0.00425091948973
3800000000,0.00436070406441
3827000000,0.0043492426579
3827000000,0.00424237273723
3850000000,0.00406267561422
3850000000,0.00382970569204
3880000000,0.00355952877632
3880000000,0.00296078954154
3884000000,0.00841614715605
3891000000,0.00967451522331
3902000000,0.00885643547028
3905000000,0.00804864337561
3905000000,0.00723054616224
3905000000,0.00642259131636
3905000000,0.00564073553444
3952000000,0.00296298946976
3957000000,0.00238960533631
3957000000,0.00188276363994
3973000000,0.00143997895153
3988000000,0.0122305315285
3997000000,0.0111592252017
4011000000,0.0100634439347
4011000000,0.00897288164067
4028000000,0.0158634033083
4041000000,0.0143806892943
4050000000,0.0128888683189
4061000000,0.01142333171
4072000000,0.0166494704885
4081000000,0.0149024993975
4091000000,0.0131903771252
4099000000,0.015869659478
4111000000,0.0140296261611
4121000000,0.0122640615326
4131000000,0.0105970586663
4142000000,0.0125351113406
4151000000,0.010907032329
4159000000,0.00937812643892
4170000000,0.00796174737223
4182000000,0.00899542042316
4191000000,0.00776007799887
4201000000,0.0065557738562
4209000000,0.00545841435232
4220000000,-0.0115310064377
4228000000,-0.0115184054096
4238000000,-0.011250436837
4247000000,-0.0107890100512
4259000000,-0.013814557556
4271000000,-0.0128992857255
4277000000,-0.0118906735851
4289000000,-0.0108316581877
4299000000,-0.00897097565756
4311000000,-0.00795528415256
4311000000,-0.00697855801001
4331000000,-0.00605442688816
4341000000,-0.00336233001384
4351000000,-0.0026898195749
4359000000,-0.00210171963215
4360000000,-0.00159311332156
4380000000,0.000987232410064
4390000000,0.00122496973972
4399000000,0.00138306583911
4399000000,0.00147500758531
4418000000,0.00151315435865
4431000000,0.00381818023768
4438000000,0.00362402661546
4438000000,0.00338805654874
4439000000,0.00581747497968
4471000000,0.00538764739578
4478000000,0.0049262717271
4489000000,0.0075654642309
4498000000,0.0069027589831
4512000000,0.0062239004421
4515000000,0.0055478390144
4528000000,0.00488914203886
4541000000,0.00425893256876
4554000000,0.00366526758665
4577000000,0.024154339025
4577000000,0.0223293776611
4582000000,0.020389549388
4583000000,0.0334810030831
4593000000,0.0306383016188
4609000000,0.027710035367
4610000000,0.0247810527996
4628000000,0.0267792595379
4638000000,0.0237395318513
4649000000,0.0208117812761
4663000000,0.0181587238575
4669000000,0.0155609417338
4682000000,0.0131651566948
4691000000,0.0109822976727
4700000000,0.0081884212959
4712000000,0.006489405147
4720000000,0.00500548273645
4733000000,0.00372420233908
4739000000,-0.000760363401667
4749000000,-0.00146249169897
4762000000,-0.00198242790887
4767000000,-0.00234710350119
4780000000,-0.00258121257879
4780000000,-0.00270695613424
4780000000,-0.00730192286118
4810000000,-0.0112368213997
4820000000,-0.0105926105837
4832000000,-0.00984656505933
4838000000,-0.00903698401289
4848000000,-0.00819552779781
4861000000,-0.0130913001828
4870000000,-0.0118819635085
4878000000,-0.0106614434928
4891000000,-0.00945938889041
4902000000,-0.00829874628376
4911000000,-0.0123126104057
4918000000,-0.0109811777331
4941000000,-0.00968477675441
4954000000,-0.00844443439615
4954000000,-0.00727611641265
4954000000,-0.00619068648414
4968000000,-0.0106110619088
4973000000,-0.00935434427232
4983000000,-0.0081528221253
4999000000,-0.0126718685015
5012000000,-0.0112453413792
5022000000,-0.0152055491734
5028000000,-0.0135762213146
5045000000,-0.011986394587
5051000000,-0.0104633632466
5061000000,-0.00902713234385
5069000000,-0.0108783866845
5077000000,-0.00946961376963
5077000000,-0.00814518845597
5099000000,-0.00691726974514
5111000000,0.0110245702794
5121000000,0.0109222719699
5131000000,0.0105991147001
5141000000,0.0142724758665
5151000000,0.0134230316377
5157000000,0.0124553653058
5171000000,0.0114162110091
5182000000,0.00946152524796
5189000000,0.00844382541454
5204000000,0.00745508616923
5204000000,0.00651120734633
5205000000,0.00562349641839
5205000000,0.00480062894418
5241000000,0.00178984789465
5251000000,-0.00205149905426
5261000000,-0.00230397371986
5270000000,-0.0024488527229
5277000000,-0.00250579804826
5291000000,-0.00249257936656
5301000000,-0.00242386936109
5311000000,-0.0274918869086
5322000000,-0.0257705187788
5332000000,-0.039269167305
5342000000,-0.0363016234202
5350000000,-0.0331482847578
5361000000,-0.0299197278866
5372000000,-0.026704180382
5378000000,-0.0318642669316
5392000000,-0.0283897616548
5405000000,-0.0250143452435
5405000000,-0.0217929212297
5419000000,-0.0187651140352
5431000000,-0.0196460958153
5444000000,-0.0169801164165
5451000000,-0.0144098556047
5462000000,-0.012599331839
5472000000,-0.0104457439627
5494000000,-0.00851405194105
5494000000,-0.00680061519939
5500000000,-0.00529772005331
5512000000,0.011344127673
5522000000,0.0114590883258
5525000000,0.0137669368364
5536000000,0.0132386518019
5549000000,0.0125261998343
5561000000,0.0116845255101
5569000000,0.0088452714464
5581000000,0.0079825470991
5591000000,0.00712432767165
5601000000,0.00628833267923
5612000000,0.00317554984806
5621000000,0.00256424626293
5628000000,0.00202481413598
5638000000,0.00155397399413
5651000000,-0.000674475433863
5660000000,-0.000911206531305
5672000000,-0.00107806610698
5681000000,-0.00118617496827
5691000000,-0.00124560439778
5702000000,-0.00259547371572
5710000000,-0.00250373593926
5719000000,-0.00237633881558
5728000000,-0.00222353753371
5740000000,-0.00205450666019
5749000000,-0.0018766743552
5758000000,-0.00169585092071
5770000000,0.00378628997211
5776000000,0.00361354732066
5795000000,0.0091716289423
5797000000,0.00854503344314
5820000000,0.00785862732006
5822000000,0.00713996742387
5832000000,0.010555771357
5840000000,0.00956639391119
5849000000,0.00857095866786
5862000000,0.0118143162876
5872000000,0.0105912208082
5881000000,0.00938901934294
5890000000,0.0113227871094
5899000000,0.0100289669283
5909000000,0.00878315353702
5920000000,0.00760310574206
5931000000,0.00650125890261
5943000000,0.00916233184262
5951000000,0.00803299507657
5957000000,0.00696079548083
5968000000,0.00595822658404
5982000000,-0.00959535097542
5989000000,-0.00948175047696
5997000000,-0.00918140604568
6011000000,-0.00874064267356
6020000000,-0.0115433038858
6030000000,-0.0107118715846
6037000000,-0.00981894301085
6037000000,-0.0088974641117
6058000000,-0.0079741781628
6069000000,-0.00588658860723
6076000000,-0.00508915561317
6077000000,-0.00434860137861
6077000000,-0.00366968013811
6109000000,-0.00178120097233
6148000000,-0.00131591365676
6148000000,-0.000594034928047
6148000000,-0.000324690010908
6161000000,0.00219940387225
6168000000,0.00224176318539
6176000000,0.0296231841025
6177000000,0.0279080318368
6189000000,0.0259286357424
6196000000,0.0237856654206
6196000000,0.0215618209653
6232000000,0.0358906259151
6245000000,0.0327873007008
6245000000,0.0296070805611
6261000000,0.035188219603
6271000000,0.0315235140018
6280000000,0.0279280135321
6289000000,0.0291876599419
6297000000,0.0256409738981
6312000000,0.0222710177416
6320000000,0.0191156491913
6332000000,0.0161996008481
6342000000,0.0136193140027
6351000000,0.0112129389065
6361000000,0.00906475979813
6371000000,0.00716823314664
6381000000,0.00447406925144
6382000000,0.00310269270785
6395000000,0.00195174397379
6395000000,0.00100073269678
6398000000,0.000228698054171
6417000000,-0.0035326472842
6438000000,-0.00382276997584
6451000000,-0.00396567714208
6457000000,-0.00785340003049
6464000000,-0.00753004613414
6479000000,-0.00710633830418
6491000000,-0.0111794659584
6501000000,-0.0103677674116
6511000000,-0.00949546698185
6518000000,-0.00859493298318
6525000000,-0.0081705157497
6542000000,-0.00725872327627
6551000000,-0.00637685789927
6559000000,-0.00553822767706
6571000000,-0.0044247768842
6580000000,-0.00371634763932
6588000000,-0.00307386808409
6600000000,-0.00249779374509
6611000000,-0.00192291302827
6620000000,-0.00147584402722
6635000000,-0.00109056412031
6637000000,-0.000761015805678
6651000000,-0.000482724137912
6660000000,-0.000633299514131
6671000000,-0.000418250529149
6680000000,-0.000237733962095
6690000000,-0.000857513609175
6700000000,-0.000687520480413
6710000000,-0.000536174047814
6719000000,-0.000402870166794
6730000000,-0.000286760112803
6741000000,-0.00137018406547
6751000000,-0.00120823315564
6760000000,-0.00105108352118
6771000000,-0.000901328719596
6781000000,-0.00244768404153
6791000000,-0.00221598769796
6800000000,-0.00198131419657
6809000000,-0.00174965569322
6820000000,-0.00152592887015
6829000000,-0.0248684045647
6841000000,-0.0231599460884
6854000000,-0.0212925919353
6860000000,-0.0341407638566
6867000000,-0.0313201211597
6878000000,-0.028392852887
6891000000,-0.0254486856858
6901000000,-0.0225567217841
6910000000,-0.0291740503973
6920000000,-0.0259686026012
6930000000,-0.0228591581429
6941000000,-0.0198951572079
6949000000,-0.0218006630125
6961000000,-0.0189353045597
6970000000,-0.0182848470847
6982000000,-0.0156936163326
6988000000,-0.0132990665635
6996000000,-0.0111130087832
7012000000,-0.00914028165248
7028000000,-0.0073799632147
7028000000,0.0140446166051
7044000000,0.014233218723
7049000000,0.0140643054448
7059000000,0.0228771245474
7072000000,0.0216397113101
7080000000,0.0201810497563
7091000000,0.0185807253665
7099000000,0.0169045407755
7113000000,0.00991331721373
7120000000,0.0085604471823
7130000000,0.00730362756371
7141000000,0.00228452450643
7147000000,0.00148164176413
7161000000,0.000816623046393
7172000000,-0.0113441279534
7177000000,-0.0111259125567
7192000000,-0.0107040723676
7199000000,-0.0101313262695
7211000000,-0.0146512294339
7219000000,-0.0136131057995
7225000000,-0.0124898096827
7239000000,-0.011324686707
7247000000,-0.0101528396266
7251000000,-0.00900189778243
7267000000,-0.00949247903252
7276000000,-0.00833977819193
7288000000,-0.00638390978337
7297000000,-0.00540709251643
7308000000,-0.00451665975771
7318000000,-0.00371421740784
7318000000,-0.00299902713132
7318000000,-0.00236878847628
7318000000,-0.00181976595458
7356000000,-0.00134705106676
7356000000,0.0013084193128
7356000000,0.00150122225825
7356000000,0.00161870433551
7379000000,0.00167433943116
7379000000,0.00167981462978
7398000000,0.00528703865951
7398000000,0.0049982542154
7398000000,0.00465761822739
7416000000,0.00428373626364
7447000000,0.00389196005903
7459000000,0.00861711699127
7482000000,0.00789049071886
7491000000,0.0155277158716
7501000000,0.0142793349469
7508000000,0.012974269192
7519000000,0.0116540292123
7520000000,0.0103512721429
7537000000,0.0120133896599
7548000000,0.0106291867837
7561000000,0.00929872088223
7572000000,-0.00307693863767
7580000000,-0.00356727983685
7589000000,-0.00387538482991
7599000000,-0.00403308754692
7611000000,-0.00668574522731
7622000000,-0.00645981597433
7628000000,-0.00613899135944
7639000000,-0.0057507899987
7650000000,0.0102892080578
7659000000,0.00989398180951
7671000000,0.00936083863561
7681000000,0.0087293500013
7690000000,0.00803489415766
7698000000,0.0175404764581
7711000000,0.016199634736
7717000000,0.0147784605483
7731000000,0.0195626128776
7742000000,0.0177767319642
7746000000,0.0159706438926
7764000000,0.0141885320171
7773000000,0.0124654952888
7780000000,0.0148355789089
7791000000,0.0130806585421
7801000000,0.0114042418542
7808000000,0.00982650480712
7820000000,0.010334078308
7830000000,0.0088730801109
7842000000,0.00752234106571
7851000000,0.00628838964316
7862000000,0.0058382920074
7867000000,0.00480670162571
7876000000,0.00388540875805
7876000000,0.00307150748781
7899000000,0.0023604757813
7912000000,0.00179209060898
7920000000,0.00126621022493
7931000000,-0.000145823599485
7940000000,-0.000453752293571
7949000000,-0.000686835798344
7961000000,-0.000855653590331
7970000000,-0.0020190247238
7979000000,-0.00202669427399
7987000000,-0.00198696083113
8001000000,-0.00191160304795
8010000000,-0.00180974682685
8020000000,-0.00323491275318
8039000000,-0.00300532946966
8039000000,-0.00275730677019
8039000000,-0.00250066756998
8085000000,-0.00224206066516
8085000000,-0.00198774426572
8117000000,-0.00151086623153
8117000000,-0.0010940376075
8121000000,-0.0025178036404
8130000000,-0.00459997564103
8141000000,-0.00625083171724
8152000000,-0.00573044641832
8162000000,-0.00519146704376
8169000000,-0.00654438719402
8180000000,-0.0059020892145
8190000000,-0.00526367114619
8203000000,-0.00464280187768
8212000000,-0.00404804811424
8221000000,-0.00348838664891
8229000000,-0.00296871664603
8241000000,-0.003423005838
8248000000,-0.00293745715868
8258000000,-0.00490811421115
8269000000,-0.00434386176455
8282000000,-0.00379991048375
8293000000,-0.00328548825983
8295000000,-0.00717749649857
8317000000,-0.0064672363396
8320000000,-0.00576184962853
8331000000,-0.00915388641086
8340000000,-0.00827684931228
8346000000,-0.00739947789538
8362000000,-0.0065411058269
8369000000,-0.00571743916294
8381000000,-0.00716434922025
8394000000,-0.0062972705474
8414000000,-0.00547212679982
8414000000,-0.0046989312125
8419000000,-0.00596271806564
8431000000,-0.005197792686
8443000000,-0.00447768278753
8450000000,-0.00380906142895
8455000000,-0.00319600309397
8471000000,-0.00374854265217
8481000000,-0.00318910560282
8491000000,-0.00267657847543
8500000000,-0.00311555048677
8514000000,-0.00264534689062
8519000000,-0.00221474698478
8530000000,-0.00182500471548
8539000000,-0.00147620368919
8550000000,-0.00192412426965
8558000000,-0.00161315279278
8570000000,-0.00133080761755
8582000000,-0.00107769848332
8590000000,-0.000968344148011
8600000000,-0.000764209579752
8611000000,-0.00139831259085
8616000000,-0.00119488839679
8630000000,-0.00100749186496
8642000000,-0.000836516140779
8653000000,-0.000692333552285
8662000000,-0.000554173078924
8670000000,-0.000432230288062
8676000000,-0.000325806989113
8676000000,-0.00023403834164
8699000000,-0.000958073430379
8711000000,-0.00084134629603
8719000000,-0.000729569376963
8720000000,-0.000624654044932
8741000000,-0.000903444793274
8750000000,-0.000791343096666
8761000000,-0.000684738876685
8771000000,-0.00122143203026
8776000000,-0.00111285356424
8782000000,-0.000986374842514
8802000000,-0.000864216273812
8811000000,-0.00116618834647
8820000000,-0.00103445859184
8830000000,-0.00090716839425
8838000000,-0.000786149599231
8838000000,-0.000672920827143
8838000000,-0.000568000972972
8871000000,-0.00102002526539
8897000000,-0.000903017204029
8897000000,-0.000790090320297
8918000000,-0.000683001348392
8918000000,-0.000582969597857
8931000000,-0.000490800742593
8932000000,-0.000934602485827
8942000000,-0.00145656047406
8951000000,-0.0013147806002
8959000000,-0.00117327782785
8981000000,-0.00103515914862
8981000000,-0.00151316003324
8991000000,-0.001354920544
8997000000,-0.00119975583865
9020000000,-0.00105031429001
9020000000,-0.00145223061588
9035000000,-0.0013059001594
9039000000,-0.00114816399131
9040000000,-0.00166612729851
9060000000,-0.00148848426308
9072000000,-0.00131511288256
9081000000,-0.00114879823087
9091000000,-0.0016356551912
9101000000,-0.00144918212307
9119000000,-0.00126958423091
9126000000,-0.00109944461043
9132000000,-0.000940589364412
9133000000,-0.000794117611945
9152000000,-0.00124446430463
9160000000,-0.00108942642425
9169000000,-0.000942705393288
9182000000,-0.00144181285509
9183000000,-0.00127842173001
9183000000,-0.00112093290903
9183000000,-0.000971541945804
9183000000,-0.00083196374337
9185000000,-0.000703310616998
9215000000,-0.00058607416649
9224000000,-0.00108716420157
9260000000,-0.000955010839948
9272000000,-0.00153098992203
9278000000,-0.00136660105741
9279000000,-0.00120634615971
9299000000,-0.00170056386422
9307000000,-0.00151814536725
9314000000,-0.00134035206211
9329000000,-0.0011701723072
9341000000,-0.00163639492399
9350000000,-0.00145143948081
9360000000,-0.00127309770657
9371000000,-0.00110407924393
9382000000,-0.000946196633249
9386000000,-0.000800584115044
9395000000,-0.00141822052132
9411000000,-0.00125463299676
9418000000,-0.00109761700073
9418000000,-0.000949240343223
9438000000,-0.00081107316198
9448000000,-0.00147208130336
9460000000,-0.00131153836042
9462000000,-0.00115567943413
9480000000,-0.0016996786845
9492000000,-0.0021541051777
9501000000,-0.0019357007396
9509000000,-0.00172034815261
9521000000,-0.00151225767546
9532000000,-0.00188922018562
9541000000,-0.0016687228432
9552000000,-0.00145767419193
9562000000,-0.00125882309545
9572000000,-0.00148338244998
9579000000,-0.00128969987781
9589000000,-0.00110838578619
9600000000,-0.000940806766548
9606000000,-0.00124195257992
9619000000,-0.00107536342413
9633000000,-0.000920153501828
9642000000,-0.000777251334271
9657000000,-0.0010362593
9663000000,-0.000896300423177
9672000000,-0.000766092762767
9679000000,-0.000646502945382
9679000000,-0.000537931197185
9679000000,-0.000440512844081
9679000000,-0.000634091615814
9719000000,-0.000550417223802
9725000000,-0.000465699190088
9726000000,-0.000928632875031
9754000000,-0.000827789933172
9765000000,-0.000729993011469
9774000000,-0.000636809658149
9782000000,-0.000574854930988
9789000000,-0.000491919814154
9802000000,-0.00041604933097
9802000000,-0.000347209862609
9814000000,-0.000285449596715
9832000000,-0.000591903686033
9842000000,-0.000522069663306
9851000000,-0.000455604883947
9861000000,-0.000299372887421
9872000000,-0.000247029847044
9878000000,-0.000200635610086
9887000000,-0.000159865096068
9899000000,-0.000299565501333
9910000000,-0.000258598689296
9918000000,-0.000220842775937
9932000000,-0.000186260834845
9942000000,-7.27131606528e-05
9952000000,-4.99832102937e-05
9962000000,-3.12660992343e-05
9972000000,-1.61467182214e-05
9982000000,-0.000140798889694
9992000000,-0.000122492513176
10001000000,-0.000105553541364
10006000000,-8.98993874981e-05
10009000000,-7.60976426815e-05
10029000000,-6.39930792042e-06
10041000000,8.41177237616e-07
10051000000,3.92459380868e-05
10061000000,4.10555531025e-05
10070000000,4.12866967651e-05
10080000000,4.05784230482e-05
10080000000,3.85044790933e-05
10101000000,3.56079170454e-05
10110000000,-6.59925094845e-05
10119000000,-6.32546252119e-05
10131000000,-6.00289424539e-05
10138000000,-5.65100304984e-05
10150000000,0.000213502799955
10161000000,0.000199717708713
10167000000,9.86724092236e-05
10182000000,8.6424638574e-05
10192000000,7.43396382723e-05
10201000000,6.27966965613e-05
10207000000,5.1893637121e-05
10220000000,0.000463399626098
10231000000,0.000427947298521
10239000000,0.000389857065779
10248000000,0.000350523641237
10261000000,0.000377640207385
10270000000,0.000335438387768
10280000000,0.000294130902895
10290000000,0.000254553000272
10298000000,0.00335023008138
10307000000,0.00312304023859
10318000000,0.00287342207986
10330000000,0.00431600566509
10339000000,0.00394175481617
10350000000,0.00355805362402
10361000000,0.00317554495964
10371000000,0.0039265217611
10394000000,0.00349753380109
10394000000,0.00308056192204
10394000000,0.00268250849983
10406000000,0.00230829962959
10417000000,0.00236676451674
10430000000,0.00202658980557
10440000000,0.00171305288589
10449000000,0.00142730255947
10462000000,0.00138194349846
10472000000,0.00113837283835
10477000000,0.000920531796663
10492000000,0.000727876132816
10501000000,0.000559356797394
10509000000,0.000413722222835
10516000000,0.000289512030225
10531000000,0.000157549745314
10542000000,7.22289256856e-05
10547000000,-0.000340674264423
10560000000,-0.000375768689271
10570000000,-0.000395335454023
10577000000,-0.00415154060847
10591000000,-0.00393341975902
10601000000,-0.00367335697982
10611000000,-0.00199526525471
10619000000,-0.00177765558432
10631000000,-0.00156681987948
10642000000,-0.00136602559618
10652000000,-0.0011776819205
10662000000,0.00303402493027
10669000000,0.00295120679323
10682000000,0.00281925575152
10692000000,0.00265172826914
10704000000,0.00444962176717
10710000000,0.00411822295952
10720000000,0.00376447235105
10727000000,0.00340110213635
10741000000,0.00431338248823
10751000000,0.00388933591163
10761000000,0.00346796041773
10762000000,0.00305795477646
10779000000,0.00294037223859
10788000000,0.00255477724103
10799000000,0.00219346963924
10810000000,0.00185952678542
10810000000,0.00155456287148
10810000000,0.00127910517025
10839000000,0.00101731666825
10839000000,0.000801135929636
10860000000,0.000612679154799
10860000000,7.41015739941e-05
10881000000,-4.29637594833e-05
10891000000,-0.000134325930015
10902000000,-0.000203522208263
10909000000,-0.000778281247864
10920000000,-0.000780655330417
10928000000,-0.000765116831299
10937000000,-0.000735832129542
10937000000,-0.000696216422131
10957000000,-0.000649437397256
10971000000,-0.00109685444859
10982000000,-0.00180212943267
10992000000,-0.00166451069029
10997000000,-0.0015188051162
11009000000,-0.00137002314278
11009000000,-0.00122200761834
11009000000,-0.00107796929914
11038000000,-0.00124180864332
11038000000,-0.00109283059054
11038000000,-0.000951045126507
11070000000,-0.00133680938997
11080000000,-0.0011798683817
11091000000,0.000479254180984
11099000000,0.00053821137936
11113000000,0.000572501620215
11129000000,0.000586585956496
11132000000,0.000584466357382
11140000000,0.00130966434636
11151000000,0.00124275558252
11161000000,0.00116220127683
11172000000,0.00156654664325
11180000000,0.00144145052569
11190000000,0.00131058038008
11206000000,0.0011780412195
11210000000,0.00104718472278
11220000000,0.000920585750415
11230000000,0.0010011182372
11242000000,0.000876353392376
11249000000,0.000758027179452
11261000000,0.000647785342708
11268000000,0.000391262399165
11281000000,0.000309460933895
11291000000,0.000371894985299
11300000000,0.000302634831885
11309000000,0.000241498413081
11319000000,0.00018785225167
11331000000,0.000141194793684
11341000000,-0.000146878953986
11351000000,-0.000164377911618
11359000000,-0.000174458568974
11369000000,-0.000178511890317
11376000000,9.47463876066e-06
11386000000,2.53724885608e-06
11395000000,-3.12226326449e-06
11408000000,-7.53491674794e-06
11421000000,-6.2724435457e-05
11432000000,-6.17384701518e-05
11441000000,-5.95786120348e-05
11450000000,0.000198662819756
11459000000,0.000187314710242
11471000000,0.000173829958668
11476000000,0.000159365472513
11494000000,0.000144383195047
11501000000,0.000269606199937
11509000000,0.000247208343885
11521000000,0.000224035801179
11529000000,0.000200938082042
11540000000,0.000491003561123
11551000000,0.000450168841931
11560000000,0.000407907785056
11568000000,0.000672811344021
11582000000,0.000613600783938
11590000000,0.00055313361201
11603000000,0.000493162097216
11611000000,0.000830829993451
11621000000,0.000753336930394
11630000000,0.000675456298178
11641000000,0.000598920104884
11649000000,0.000525175625237
11649000000,0.000455252376497
11669000000,0.000389932524841
11687000000,0.00083138861521
11693000000,0.000745051815367
11703000000,0.00126019258904
11712000000,0.00113925463648
11719000000,0.00101837419652
11740000000,0.000900235456518
11740000000,0.00147346504946
11756000000,0.00132821509333
11756000000,0.0011838515335
11756000000,0.00104340627529
11782000000,0.000909255768065
11786000000,0.000783073331613
11809000000,0.0012881079322
11810000000,0.00113935947146
11810000000,0.00099654366452
11831000000,0.000861686703802
11838000000,0.00155119655973
11852000000,0.00138112910197
11861000000,0.00117002486826
11870000000,0.00101545347206
11879000000,0.000870730800862
11879000000,0.000737021273711
11879000000,0.000615153018783
11909000000,0.00194109288479
11914000000,0.00175855223569
11923000000,0.00157511783078
11944000000,0.00256478420827
11951000000,0.00231813831611
11951000000,0.00207165552826
11951000000,0.00183098756556
11981000000,0.00268274983583
11982000000,0.00240275304425
11992000000,0.00212803522437
11992000000,0.00298099818412
11997000000,0.00266839076913
12010000000,0.00236194405467
12040000000,0.00206743204575
12051000000,0.00178904662405
12059000000,0.0026534845048
12070000000,0.00234527254401
12077000000,0.00204967447432
12088000000,0.00177065144649
12095000000,0.0015108788953
12108000000,0.0021898386324
12124000000,0.0019157842909
12132000000,0.00165647838295
12147000000,0.00141485716608
12147000000,0.00119257247502
12166000000,0.00202054783695
12172000000,0.00177162788457
12182000000,0.00273830769722
12189000000,0.00244577228589
12213000000,0.0021601723484
12213000000,0.00188651835774
12222000000,0.0016284732701
12230000000,0.00196358410474
12242000000,0.00170787415725
12249000000,0.00146782624988
12254000000,0.00124592326079
12271000000,0.001902045219
12282000000,0.00166576039628
12289000000,0.00215418076233
12295000000,0.00190277694294
12306000000,0.00166193160686
12328000000,0.00143470021843
12332000000,0.00122366831003
12348000000,0.00178873186456
12348000000,0.00156821628888
12370000000,0.00135925287096
12370000000,0.00116407843738
12381000000,0.000984170188804
12388000000,0.000820189542564
12395000000,0.000672559251244
12406000000,0.00100100716387
12415000000,0.000855800717384
12430000000,0.00119895020391
12439000000,0.00104951991581
12456000000,0.000908254714339
12467000000,0.000776503585515
12476000000,0.00065507731799
12485000000,0.000545478676336
12494000000,0.000446393548119
12502000000,0.00123636630729
12513000000,0.00110517272113
12523000000,0.000977099188854
12532000000,0.00115900951746
12544000000,0.00102424769921
12548000000,0.000895722739748
12559000000,0.000774227007449
12559000000,0.00066120663896
12581000000,0.000700081358453
12592000000,0.000597223820786
12601000000,0.000502881273525
12605000000,0.000627159289093
12605000000,0.000538867366133
12626000000,0.000457135723803
12642000000,0.00038256857391
12651000000,0.000315450379735
12661000000,0.000255666211446
12672000000,0.00020300643516
12679000000,0.000271261705849
12690000000,0.000379505472226
12698000000,0.000329075198167
12711000000,0.000281838608207
12721000000,0.000238586515035
12736000000,0.000162011588812
12744000000,0.000129077445161
12755000000,0.000100340204177
12759000000,7.55028570811e-05
12769000000,5.50429992282e-05
12781000000,3.74903349082e-05
12781000000,0.000131142217452
12801000000,0.000112536578203
12813000000,9.56406438104e-05
12822000000,-3.68739158647e-05
12830000000,-4.36651620105e-05
12849000000,-4.74242915083e-05
12858000000,-4.92326586191e-05
12862000000,-4.92838400214e-05
12873000000,-0.000365014787993
12882000000,-0.000341807050698
12893000000,-0.000526526536534
12902000000,-0.000485905600025
12911000000,-0.000442510294619
12918000000,-0.000398181221733
12930000000,-0.000354060313059
12940000000,-0.000608398422011
12951000000,-0.000550151583184
12961000000,-0.000491565263598
12971000000,-0.000680341959412
12981000000,-0.000609285275123
12991000000,-0.000539123437847
13000000000,-0.000471590551871
13000000000,-0.000407424529318
13018000000,-0.000347369633283
13032000000,-0.000520833537672
13039000000,-0.000455604398523
13052000000,-0.000727710840419
13059000000,-0.000650952167572
13072000000,-0.000575598127265
13072000000,-0.000502938004137
13072000000,-0.000434032239528
13072000000,-0.000369616887955
13105000000,-0.000310225095811
13129000000,-0.000256153397764
13134000000,-0.00020738229179
13144000000,-0.000777679381552
13149000000,-0.000701344577781
13159000000,-0.000625083939826
13171000000,-0.00109536606751
13177000000,-0.000992022794983
13191000000,-0.000887968267729
13197000000,-0.000785786218166
13212000000,-0.00068716120991
13221000000,-0.000593710745287
13231000000,-0.000914990570532
13236000000,-0.000807213439035
13248000000,-0.000703818548676
13249000000,-0.000606220769897
13249000000,-0.00110667918282
13279000000,-0.000984558145056
13279000000,-0.000865853507224
13279000000,-0.000752558375017
13307000000,-0.000646043595788
13319000000,-0.000968149196649
13331000000,-0.00149996596112
13341000000,-0.00134905397163
13351000000,-0.00119964226429
13362000000,-0.00105456990706
13369000000,-0.00122517073517
13377000000,-0.00107517038342
13392000000,-0.000932534387011
13399000000,-0.000798926555268
13411000000,-0.000675445116202
13423000000,-0.000562854963256
13430000000,-0.000850502942936
13441000000,-0.000733664332646
13451000000,-0.000624856312583
13460000000,-0.000847184074755
13471000000,-0.000734801764352
13480000000,-0.000629508704934
13491000000,-0.000880975215639
13501000000,-0.000771514211619
13512000000,-0.000667688021779
13522000000,-0.000570667545176
13531000000,-0.000766646045085
13542000000,-0.000666782052335
13552000000,-0.000572918618048
13561000000,-0.000485946994527
13566000000,-0.000406287418841
13571000000,-0.00056361483432
13576000000,-0.000486413121126
13592000000,-0.000414525600843
13609000000,-0.000348367628251
13622000000,-0.00055120601536
13631000000,-0.00048035935891
13639000000,-0.00041363053113
13643000000,-0.000351456538134
13658000000,-0.000344274181117
13664000000,-0.000291199299974
13671000000,-0.000241489304396
13691000000,-0.000196756164754
13704000000,-0.000433136449563
13704000000,-0.000380542935348
13718000000,-0.000330218110989
13732000000,-0.000283094776304
13738000000,-0.000239503491949
13750000000,-0.000352401912059
13764000000,-0.000307241916188
13781000000,-0.000264688601488
13798000000,-0.000225238659473
13798000000,-0.000188817384188
13806000000,-0.000155841905597
13811000000,-0.000253762710058
13820000000,-0.000315224191537
13824000000,-0.000277343465665
13833000000,-0.000241248945242
13849000000,-0.000207388354189
13861000000,-0.000197881864812
13868000000,-0.000167645291061
13885000000,-0.000140080199757
13891000000,-0.000115207792517
13899000000,-4.60703731768e-05
13906000000,-2.96326685036e-05
13916000000,-1.60390123977e-05
13917000000,-4.96902316915e-06
13937000000,3.95197607402e-06
13947000000,0.000165978918603
13955000000,0.000161570001796
13955000000,0.000154449505031
13974000000,0.000145331196416
13986000000,0.000261480240952
13996000000,0.000241993714179
13996000000,0.000221322202667
13998000000,0.000199903672796
14028000000,0.000384006084882
14038000000,0.000349869307337
14038000000,0.000315051946343
14038000000,0.000280439023323
14068000000,0.000436046562291
14077000000,0.000392677939636
14077000000,0.000349494703106
14099000000,0.000307508051914
14100000000,0.000427881130455
14113000000,0.000380988688218
14129000000,0.000335333034233
14139000000,0.000607735955071
14149000000,0.000549217349842
14160000000,0.000490523098414
14170000000,0.000611362564356
14181000000,0.000545548322421
14191000000,0.000481323387275
14199000000,0.000419752931687
14200000000,0.00036166154167
14222000000,0.000692093952687
14231000000,0.000618419997789
14237000000,0.000546261933206
14237000000,0.000476991672799
14239000000,0.000411549823863
14271000000,0.000573980888909
14278000000,0.00050299278383
14278000000,0.000435709062848
14301000000,0.000764758338573
14310000000,0.000684652191591
14318000000,0.000605950986531
14318000000,0.000530171196208
14338000000,0.000458397139966
14351000000,0.000672132406491
14359000000,0.000593504786705
14359000000,0.000518254683353
14379000000,0.000781886038
14382000000,0.000696290260358
14389000000,0.000613031165432
14389000000,0.000533511505061
14389000000,0.000458671209821
14389000000,0.000389241807096
14439000000,0.000596688514087
14439000000,0.00052103331155
14439000000,0.000449513171709
14439000000,0.000382892701205
14439000000,0.0003216351691
14486000000,0.00046532988564
14501000000,0.000765504166248
14511000000,0.00068645354612
14517000000,0.000608536414198
14518000000,0.000533226946446
14537000000,0.000461760928514
14551000000,0.00039492122391
14562000000,0.000376118790528
14568000000,0.000317449692797
14580000000,0.000264007211848
14589000000,0.000575380986567
14599000000,0.00051169044168
14610000000,0.000449873231486
14619000000,0.000542352359414
14628000000,0.000478699215417
14642000000,0.000417648068939
14651000000,0.000360063534545
14662000000,0.000306677718065
14669000000,0.000257387436595
14675000000,0.000485380982091
14692000000,0.000428449602375
14701000000,0.000373864712577
14710000000,0.000322311338823
14722000000,0.000452427675499
14735000000,0.000396906911419
14742000000,0.000344024476899
14751000000,0.000500448513978
14761000000,0.000442889186834
14765000000,0.000424169669061
14781000000,0.000369375183639
14791000000,0.000317805853263
14814000000,0.000270090654236
14833000000,0.000186590704901
14833000000,0.000151014457329
14840000000,0.000131783992661
14864000000,0.000103810447543
14864000000,7.94776530668e-05
14876000000,5.86462958751e-05
14884000000,-0.00275747672484
14890000000,-0.00258575675014
14903000000,-0.00498109810693
14908000000,-0.00461954268379
14914000000,-0.00423107127121
14929000000,-0.00383014603572
14941000000,-0.00342837438242
14949000000,-0.00369690215732
14962000000,-0.00327639898857
14971000000,-0.00306064386054
14981000000,-0.00266590234765
14991000000,-0.00229504952924
15001000000,-0.00195136886278
15011000000,-0.00150495990412
15022000000,-0.00122765998779
15032000000,-0.000981588006682
15039000000,-0.000765682409558
15052000000,-0.000578338133456
15061000000,-0.000417690966318
15072000000,0.00108965507545
15083000000,0.00111182938974
15090000000,0.00110446543302
15102000000,0.000932906492934
15110000000,0.000893753986997
15119000000,0.000842937747904
15129000000,0.000858049454337
15139000000,0.000789804737707
15152000000,0.000718348052331
15156000000,0.000645965444543
15156000000,0.000574617002966
15156000000,0.000505479891936
15159000000,0.000439680844375
15212000000,0.000377995192397
15230000000,0.000320941442994
15230000000,0.000268772635555
15231000000,0.000542257588244
15231000000,0.000482683103426
15250000000,0.000791330201475
15259000000,0.00117918159298
15270000000,0.00107429117273
15281000000,0.000967573840758
15291000000,0.00086178427924
15299000000,0.000759075930514
15312000000,0.000661125402661
15318000000,0.000569243735271
15330000000,0.00048396343061
15341000000,0.000801870291232
15350000000,0.000708515978211
15362000000,0.000619041314623
15370000000,0.000534602606845
15377000000,0.000456032770255
15387000000,0.000863487894357
15396000000,0.000769220935606
15408000000,0.00067765470941
15421000000,0.000590279823518
15427000000,0.00105178567489
15431000000,0.000941529600011
15437000000,0.000833499007034
15448000000,0.00110144708492
15467000000,0.000978551226544
15478000000,0.00116761473276
15488000000,0.00103618267663
15502000000,0.00107464925825
15511000000,0.000943935581456
15522000000,0.000819735578137
15528000000,0.00070353957883
15541000000,0.000596246713596
15552000000,0.00049825009726
15559000000,0.000409836587058
15569000000,0.000452917358198
15578000000,0.000424979516538
15587000000,0.000352295655108
15602000000,0.000287107805777
15611000000,0.000229444629341
15621000000,0.000178747921005
15629000000,0.000217599153788
15639000000,0.000174835218486
15649000000,0.000137213706159
15657000000,0.000104454822796
15672000000,7.62753007039e-05
15681000000,3.8517323874e-05
15695000000,1.94322000123e-05
15701000000,3.94612967981e-06
15709000000,-9.31635810878e-05
15719000000,-9.77886413553e-05
15730000000,-9.92668825461e-05
15735000000,-9.8224067971e-05
15749000000,-9.50699740438e-05
15761000000,-9.04973761962e-05
15771000000,-8.48804932972e-05
15772000000,-7.03194746035e-05
15787000000,-6.39863835629e-05
15797000000,-0.0001093721466
15810000000,-9.97158040019e-05
15820000000,-9.60087177587e-05
15830000000,-8.57209000378e-05
15840000000,-7.57236501159e-05
15851000000,-6.61297172344e-05
15863000000,-5.70567685321e-05
15869000000,-0.000100709172827
15881000000,-8.95102270604e-05
15889000000,-6.31157657547e-05
15900000000,-5.35614748699e-05
15914000000,-4.48937839369e-05
15914000000,-3.7033395653e-05
15931000000,0.000159283011424
15940000000,0.000160623524086
15951000000,0.000153573568925
15958000000,0.000144611851813
15972000000,0.000134477753786
15983000000,0.00020157992108
15995000000,0.00018522634121
15999000000,0.00016823258824
16011000000,0.000177390617993
16021000000,0.000159070965579
16030000000,0.000141099334392
16042000000,0.000123946014391
16052000000,0.000120750609556
16060000000,0.000104756430598
16071000000,8.98558525556e-05
16082000000,7.61663973905e-05
16091000000,-0.000342399654311
16110000000,-0.00032814443042
16117000000,-0.000309449372366
16118000000,-0.000287720893264
16129000000,-0.000264417586412
16140000000,-0.000542813143845
16149000000,-0.000498559016154
16161000000,-0.000452745106942
16172000000,-0.000406776168117
16181000000,0.00508723958207
16191000000,0.00478166633838
16199000000,0.00443335470629
16208000000,0.00405931222355
16222000000,0.00670763539335
16222000000,0.00624211821262
16238000000,0.0056628674602
16255000000,0.00507938108027
16260000000,0.00631470023769
16271000000,0.00566040971978
16281000000,0.00501761899751
16290000000,0.00439852083319
16301000000,0.00434072854507
16315000000,0.00375980398651
16320000000,0.00321769145207
16330000000,0.00271847438708
16342000000,0.00226401889946
16352000000,0.00180910592907
16362000000,0.00144812197895
16371000000,0.000540473289512
16376000000,0.000298281717352
16394000000,0.000100745997982
16397000000,-5.71301920648e-05
16413000000,-0.000180218640876
16421000000,-0.00113892185036
16431000000,-0.00115879186361
16442000000,-0.00114856834899
16452000000,-0.00218871340495
16460000000,-0.00207403071022
16470000000,-0.00193715386842
16483000000,-0.00178572131611
16490000000,-0.00162643323378
16500000000,-0.00262143966728
16524000000,-0.00239290745149
16533000000,-0.00192641492247
16538000000,-0.00169980236749
16551000000,-0.0026605429346
16558000000,-0.00238556904685
16574000000,-0.00319363608025
16580000000,-0.00286835054248
16585000000,-0.00254759420002
16599000000,-0.00223761949877
16608000000,-0.0019430907369
16621000000,-0.00262567272045
16631000000,-0.00230936812147
16640000000,-0.0020082522231
16647000000,-0.0017257801242
16660000000,-0.00237413371159
16667000000,-0.00208043050243
16674000000,-0.00180221310386
16688000000,-0.00154243281189
16695000000,-0.00130284335942
16711000000,-0.00190222877296
16721000000,-0.00165136710768
16729000000,-0.00141646674138
16742000000,-0.00193735090599
16752000000,-0.0016959137006
16762000000,-0.00146749848339
16771000000,-0.00125431078653
16782000000,-0.00164486007627
16791000000,-0.00142871670305
16802000000,-0.00122616939496
16811000000,0.000925772881633
16817000000,0.000978826383681
16830000000,0.000998912796151
16841000000,0.000992689871441
16851000000,0.0012978733616
16856000000,0.00123447565766
16870000000,0.00115715185829
16880000000,0.00107060242483
16894000000,0.000737906646115
16899000000,0.000658914464233
16899000000,0.000582197186233
16899000000,0.000509060685678
16929000000,0.000440271885792
16929000000,-1.70835318217e-05
16929000000,-5.07526550215e-05
16957000000,-7.58474167123e-05
16972000000,-9.36564530238e-05
16980000000,-0.00010534005865
16989000000,-0.000563145079544
17001000000,-0.000537725046298
17012000000,-0.000505324223243
17022000000,-0.000468147260279
17031000000,-0.000932665064617
17041000000,-0.00085822179098
17042000000,-0.000780087244967
17049000000,-0.00126299633201
17049000000,-0.00114838408217
17056000000,-0.00103202874238
17088000000,-0.000916901543922
17100000000,-0.00143494599446
17110000000,-0.00129353385794
17130000000,-0.0011528057413
17130000000,-0.00101578201698
17141000000,-0.00157474021339
17148000000,-0.0014128507574
17162000000,-0.00125326237174
17162000000,-0.0010991337106
17183000000,-0.000952782992196
17190000000,-0.00470288518224
17202000000,-0.00432736958959
17212000000,-0.00606856088587
17219000000,-0.00554218422099
17229000000,-0.0050030545131
17243000000,-0.00446598477359
17253000000,-0.0039425888359
17267000000,-0.00344175155877
17276000000,-0.00296995028406
17283000000,-0.00354101813496
17292000000,-0.00336192824083
17302000000,-0.00291077264431
17311000000,-0.00249006179365
17322000000,-0.00210277270974
17331000000,-0.001387827824
17342000000,-0.00109293070967
17350000000,-0.000836036651026
17356000000,-0.0006149920237
17360000000,-0.000427179971044
17375000000,-0.000269749415769
17385000000,0.000544183420448
17391000000,0.000604861738514
17402000000,0.000638938574551
17418000000,0.00165573467324
17428000000,0.00159180863938
17438000000,0.00150547978538
17452000000,0.00140349551469
17462000000,0.00228894977558
17469000000,0.00210504148965
17474000000,0.00191269714808
17476000000,0.00171810522322
17502000000,0.00152610447855
17513000000,0.00134019324544
17523000000,0.00116335021063
17531000000,0.00206742688561
17541000000,0.00184289966023
17551000000,0.00266936657593
17558000000,0.00239090069992
17573000000,-0.000400566591674
17578000000,-0.000519392878684
17588000000,-0.000601744385948
17600000000,-0.000653581951086
17612000000,-0.00130439170353
17621000000,-0.0012706330588
17631000000,-0.00121598754269
17637000000,-0.00114595411966
17652000000,-0.0010005181415
17660000000,-0.000917593683365
17670000000,-0.000832223848684
17678000000,-0.000746822099624
17692000000,-0.000663352228327
17701000000,-0.000229011197271
17712000000,-0.000175846072166
17728000000,-0.000130612764294
17728000000,-9.27102416309e-05
17741000000,0.000441308001185
17752000000,0.000435901635607
17752000000,0.000421266160087
17752000000,0.000399686200396
17752000000,0.000373274481694
17752000000,0.000343577277123
17752000000,0.000311674398321
17752000000,0.000278885114978
17752000000,0.000879109430451
17805000000,0.000805775725558
17805000000,0.00072925378702
17805000000,0.00174298961582
17849000000,0.00160012027187
17849000000,0.0014508255699
17862000000,0.00233416055011
17879000000,0.00212619479467
17901000000,0.00289772703047
17911000000,0.00266287222281
17920000000,0.0023928013463
17931000000,0.00212551542353
17941000000,0.0027754487701
17951000000,0.00247364161508
17962000000,0.00217939677664
17972000000,0.00189770207861
17979000000,0.00783696626657
17990000000,0.00720916076268
17997000000,0.00655230035255
18011000000,0.0085880289447
18020000000,0.00778306529003
18035000000,0.00697374550894
18040000000,0.00617884021761
18051000000,0.00541311849104
18061000000,0.0063382880765
18067000000,0.00555944941134
18079000000,0.00482053525771
18088000000,0.00412913678325
18101000000,0.00521212527603
18108000000,0.00452904360185
18122000000,0.00388848716673
18131000000,0.00329578256125
18140000000,0.00275422395403
18150000000,0.00408348500295
18163000000,0.00360200096758
18171000000,0.00522748923545
18181000000,0.00463594863753
18190000000,0.00406525815266
18202000000,0.00352384308455
18209000000,0.00483874396303
18220000000,0.00425311610726
18230000000,0.00369580704616
18239000000,0.00317331844845
18251000000,0.00269010532935
18262000000,0.0106388446245
18269000000,0.00969233418537
18288000000,0.00872928314226
18292000000,0.0112232677056
18301000000,0.0102076189527
18312000000,0.00909639691332
18324000000,0.00801717192413
18330000000,0.0069874062568
18335000000,0.00587372168751
18349000000,0.00498528737884
18357000000,0.0041739794562
18357000000,0.00344178385934
18382000000,0.00062381234696
18390000000,0.000171019306808
18401000000,-0.000188750101182
18410000000,-0.00396019869798
18421000000,-0.00396333137245
18430000000,-0.00387628239614
18440000000,-0.00372003442903
18450000000,-0.00351262766316
18458000000,-0.00326950067311
18475000000,-0.00677888573345
18481000000,-0.00625908402456
18493000000,-0.00976786166067
18500000000,-0.00894474654049
18512000000,-0.00809483658167
18516000000,-0.00724246327495
18530000000,-0.00640768072073
18541000000,-0.00961063870942
18549000000,-0.0086111845247
18561000000,-0.00762974007292
18567000000,-0.00668455967486
18574000000,-0.00367964449071
18590000000,-0.00295880346347
18600000000,-0.00232322224472
18610000000,-0.00176927880785
18616000000,-0.00104954686419
18632000000,-0.000659642972442
18640000000,-0.000336590653587
18650000000,0.00898860669753
18663000000,0.00867916467271
18671000000,0.00824201690746
18680000000,0.0077142843119
18692000000,0.00712701255822
18702000000,0.0065060015334
18716000000,0.00587229273791
18719000000,0.00676740196122
18731000000,0.00605359700138
18741000000,0.00481067799149
18752000000,0.00417482914901
18761000000,0.00358191644002
18768000000,0.00113978219312
18786000000,0.000757271467012
18792000000,0.000440465598728
18794000000,0.000182316362371
18794000000,-2.32891502414e-05
18822000000,-0.000182930054454
18832000000,-0.0026490097125
18842000000,-0.00259057261155
18851000000,-0.00248459364579
18865000000,-0.00459972845911
18867000000,-0.00428721747931
18881000000,-0.00394297479422
18890000000,-0.00358127845812
18901000000,-0.00604643428527
18911000000,-0.00549430926489
18924000000,-0.00493413579359
18924000000,-0.0043802012373
18925000000,-0.00384384860729
18949000000,-0.00671997927766
18961000000,-0.00602377193305
18972000000,-0.0297083548722
18977000000,-0.0276857801681
18992000000,-0.025467457528
19004000000,-0.0231473748554
19004000000,-0.0207993007914
19004000000,-0.0184820189639
19004000000,-0.0162401462342
19036000000,-0.014108140543
19037000000,-0.0267724765132
19055000000,-0.0338724016675
19055000000,-0.0306694865592
19081000000,-0.0274575499921
19092000000,-0.0243111186179
19106000000,-0.0244851479652
19116000000,-0.0214274401731
19139000000,-0.0185373617034
19139000000,-0.0158442099975
19164000000,-0.0133666595321
19164000000,-0.00909103303166
19188000000,-0.00729254000112
19188000000,-0.00571186894859
19194000000,-0.00427191793083
19201000000,-0.00264974582078
19209000000,-0.00168225301991
19218000000,0.00354723835228
19229000000,0.00390744745303
19236000000,0.00410351069598
19236000000,0.00416555850143
19260000000,0.0084472538953
19272000000,0.00805302390749
19278000000,0.0075612570131
19288000000,0.00700355755933
19301000000,0.0114308268588
19308000000,0.010487859323
19308000000,0.00950892731018
19308000000,0.00852331500878
19341000000,0.00755456744946
19351000000,0.0110940661973
19363000000,0.00995889489716
19372000000,0.00883954724768
19387000000,0.012757508678
19387000000,0.0114237050275
19387000000,0.0101151021607
19387000000,0.00885588095376
19387000000,0.00766373464196
19387000000,0.00655113506098
19387000000,0.00552606996952
19451000000,0.00459317920434
19456000000,0.00773959957707
19469000000,-0.00365554997833
19479000000,-0.00401138261827
19495000000,-0.00826933738001
19504000000,-0.00807850731724
19512000000,-0.00774925084792
19515000000,-0.00731816268276
19515000000,-0.00681617432822
19542000000,-0.00611655291228
19548000000,-0.00555754560886
19557000000,-0.00499497554103
19571000000,-0.00285970491544
19582000000,-0.00241781517197
19592000000,-0.00201786401827
19597000000,-0.00165940913081
19610000000,-0.00134240812923
19618000000,0.0211284883057
19630000000,0.0198899899557
19641000000,0.0184662298305
19651000000,0.0169284178502
19659000000,0.0299898259652
19666000000,0.0274699883727
19676000000,0.0248673864427
19690000000,0.0222570475473
19701000000,0.0272795755794
19711000000,0.0243555084735
19722000000,0.0215039776627
19733000000,0.0240896434013
19741000000,0.0211968339446
19751000000,0.0184415030032
19761000000,0.0158552586978
19770000000,0.014800514932
19775000000,0.012530018006
19787000000,0.0104588421901
19797000000,0.00859117061868
19810000000,0.00692591527943
19821000000,0.00545790017036
19822000000,-0.0136151807688
19841000000,-0.0135333999103
19853000000,-0.0131670210123
19859000000,-0.0163079424916
19866000000,-0.0153496274214
19867000000,-0.0142517967087
19891000000,-0.0130683787924
19902000000,-0.0103210640509
19912000000,-0.00918389553804
19922000000,-0.00808318398121
19932000000,-0.00703580820925
19943000000,-0.00605387475433
19951000000,-0.00265484433682
19968000000,-0.00197748494554
19973000000,0.000953203002174
19978000000,0.00130363673744
19992000000,0.00154974176083
19998000000,0.00170823754273
20018000000,0.00179420869578
20020000000,0.00395583052659
20029000000,0.00381336218764
20041000000,0.00361537495628
20051000000,0.00337773439159
20063000000,0.00525774663321
20072000000,0.00484268088143
20081000000,0.00440680255781
20092000000,0.00396430843864
20101000000,0.00569567795261
20112000000,0.00513286712595
20121000000,0.00457426158042
20135000000,0.00403145688365
20139000000,0.00990203498947
20152000000,0.00904907958723
20164000000,0.008173956225
20172000000,0.00730146239621
20182000000,0.00645071560554
20189000000,0.00563626648024
20200000000,0.00723698077123
20209000000,0.00653753776219
20225000000,0.00570925651015
20231000000,0.00492935304267
20245000000,0.00420506762329
20245000000,0.00354086109061
20263000000,0.00293906419886
20272000000,8.57415693537e-05
20282000000,-0.000237761319855
20288000000,-0.000486320038951
20297000000,-0.00424154914168
20311000000,-0.00416562576767
20339000000,-0.00401140610837
20339000000,-0.00379897587268
20339000000,-0.00354515674052
20349000000,-0.00326440475648
20369000000,-0.00296866114781
20369000000,-0.00643967322038
20389000000,-0.00591458497972
20403000000,-0.00536668156742
20403000000,-0.00481345791977
20418000000,-0.00426793233406
20418000000,0.00325977731725
20429000000,0.00334970596999
20429000000,0.00334738695621
20448000000,0.00874617367747
20461000000,0.00827079702228
20466000000,0.00771275184884
20477000000,0.00710245419964
20477000000,0.00646478509272
20495000000,0.00581984054329
20515000000,0.00247020210538
20519000000,0.00203598734589
20531000000,0.00165060236583
20543000000,-0.000986062182099
20547000000,-0.00112980035604
20558000000,-0.0012149403109
20558000000,-0.00125212304314
20580000000,-0.00377432645634
20591000000,-0.00360109879935
20597000000,-0.00338121497219
20599000000,-0.00312968634915
20621000000,-0.0301163294277
20631000000,-0.0281613732835
20641000000,-0.0259871803627
20650000000,-0.0236891987749
20663000000,-0.0372333221135
20669000000,-0.03386787634
20679000000,-0.0304553140674
20691000000,-0.0369126835645
20699000000,-0.0331087143415
20711000000,-0.029368631257
20722000000,-0.0257618208071
20731000000,-0.0223408919676
20740000000,-0.0235180564473
20753000000,-0.0202937153053
20761000000,-0.0172975012642
20770000000,-0.0145478659465
20782000000,-0.0119662122463
20793000000,-0.0097357247756
20798000000,-0.00775901801125
20806000000,-0.00602666097738
20809000000,-0.00346840367863
20829000000,-0.00225288787778
20838000000,-0.00124406796414
20839000000,-0.000420559297715
20854000000,0.000238243431969
20864000000,0.0150234983856
20878000000,0.0144618161993
20892000000,0.0136957489524
20901000000,0.0151984214725
20916000000,0.0140503176194
20916000000,0.0128312744165
20931000000,0.0115834335502
20941000000,0.00899911872781
20951000000,0.00787607314209
20961000000,0.00681470073252
20971000000,0.00406581547647
20977000000,0.00326620474625
20978000000,0.00256287990781
20997000000,0.00195084025585
20997000000,0.00142449106186
20997000000,0.000977399487961
21028000000,-0.000744092246606
21032000000,-0.000965424346535
21032000000,-0.00111876710203
21035000000,-0.00121500109779
21071000000,0.000673398534586
21073000000,0.000542809728189
21093000000,0.000426885468488
21111000000,0.00280561961227
21125000000,0.00255835578855
21125000000,0.00230535496971
21128000000,0.00449881285588
21139000000,0.00411319650798
21149000000,0.00371602767166
21158000000,0.00331873856272
21159000000,0.00293023842519
21178000000,0.0056694043577
21189000000,0.00511386689111
21199000000,0.00456076884325
21211000000,0.00402156001123
21224000000,0.00350518547822
21231000000,0.00571793677976
21244000000,0.00509266057591
21244000000,-0.00498437889085
21261000000,-0.005009329344
21267000000,-0.00491790552137
21281000000,-0.00473711015759
21288000000,-0.00449038033412
21298000000,-0.00667259749916
21307000000,-0.00618428960825
21316000000,-0.00566273017004
21316000000,-0.00512670542632
21340000000,-0.00459104212032
21346000000,-0.00406761386437
21358000000,-0.00353669184845
21370000000,-0.00306556921178
21382000000,-0.00155813199502
21391000000,-0.00121757496732
21404000000,-0.000924053577427
21412000000,0.000909002620233
21421000000,0.00103306167477
21430000000,0.00110541143306
21447000000,0.00113532741989
21450000000,0.00113119345922
21463000000,0.00304231440725
21471000000,0.00286411371062
21481000000,0.00265733114192
21491000000,0.0024331369141
21494000000,0.0047232536883
21512000000,0.00434258474551
21522000000,0.00394282638925
21528000000,0.0295341740086
21529000000,0.0276814364334
21552000000,0.0255966033774
21561000000,0.0233790101292
21571000000,0.0211063679831
21581000000,0.0188403507676
21581000000,0.0308187573516
21597000000,0.0277583691723
21608000000,0.0247234584509
21615000000,0.0298944220792
21628000000,0.0265741937481
21641000000,0.0233619476867
21651000000,0.020305804008
21660000000,0.0200428217284
21669000000,0.0172207384118
21676000000,0.0146102654862
21692000000,0.0122250710767
21707000000,0.0106745901509
21714000000,0.00871192518912
21714000000,0.0069694777524
21731000000,0.00370859205538
21739000000,0.002482461014
21751000000,0.00146033034356
21762000000,0.000621922998723
21769000000,-5.28364348513e-05
21779000000,-0.00344766059228
21796000000,-0.00367281386616
21802000000,-0.00376802196556
21811000000,-0.00375846068573
21823000000,-0.0076118287414
21829000000,-0.00719411188578
21840000000,-0.00670346455868
21852000000,-0.0105975466016
21858000000,-0.00979322138479
21868000000,-0.00894001500133
21880000000,-0.00806678140221
21881000000,-0.0071972464057
21901000000,-0.0106098897704
21909000000,-0.00952645665826
21921000000,-0.00845859263014
21930000000,-0.0115183990484
21940000000,-0.0102707215956
21950000000,-0.00905650469448
21961000000,-0.00789579739151
21965000000,-0.000328600296512
21978000000,0.000288304849226
21990000000,0.000769143403639
22001000000,0.0011319641075
22006000000,0.00306265938307
22019000000,0.00313926765867
22020000000,0.00313092467571
22041000000,0.0030558950902
22046000000,0.0026788958061
22059000000,0.00253082335697
22067000000,0.00235891459772
22081000000,0.00217253250214
22090000000,0.000981601563434
22101000000,0.000850644207236
22108000000,0.000730443867542
22122000000,0.000621429307461
22124000000,-0.0181263137438
22135000000,-0.0170681583304
22144000000,-0.0158503575551
22161000000,-0.0145336411818
22166000000,-0.0239013879456
22182000000,-0.0218698022406
22192000000,-0.0197772906916
22203000000,-0.0176837438237
22210000000,-0.0156364867422
22219000000,-0.0207813676233
22230000000,-0.0184790472175
22242000000,-0.0162492727306
22251000000,-0.0141266838558
22260000000,-0.0157784314472
22271000000,-0.013717784084
22287000000,-0.0117854545437
22287000000,-0.00999788824558
22300000000,-0.00836385286152
22311000000,0.00961635121354
22321000000,0.00983446027181
22321000000,0.00978715894464
22341000000,0.0129941147519
22351000000,0.0124905917033
22360000000,0.0117325107042
22360000000,0.0108736840506
22382000000,0.00856446383857
22390000000,0.00770602571489
22402000000,0.00685838574442
22414000000,0.00359698386494
22421000000,0.00296017149011
22425000000,0.00239325858403
22438000000,0.00189415203469
22449000000,-0.00110319194008
22461000000,-0.00132975855521
22470000000,-0.00147694410346
22485000000,-0.00155847453178
22489000000,-0.00158650273415
22498000000,-0.00157186980598
22509000000,-0.00400436716694
22519000000,-0.00378898113145
22527000000,-0.00353308121347
22542000000,-0.00325107632781
22551000000,-0.00567134565624
22561000000,-0.00521892650412
22570000000,-0.00474422515666
22582000000,-0.00426313181159
22591000000,-0.00658688339626
22595000000,-0.00595424920607
22610000000,-0.00532141493837
22622000000,-0.00470264360428
22631000000,-0.0181611825506
22640000000,-0.0166821228129
22658000000,-0.0151425533251
22658000000,-0.0135896402168
22671000000,-0.0196889541523
22681000000,-0.0177353844172
22694000000,-0.0183660040279
22699000000,-0.0163386187498
22700000000,-0.014375072574
22720000000,-0.0125060326484
22730000000,-0.0106652002308
22732000000,-0.0090483430805
22744000000,-0.00757201054439
22759000000,-0.00623953174312
22770000000,-0.005050323198
22779000000,-0.00400075810124
22789000000,-0.00308482392453
22800000000,0.287323877724
22811000000,0.269821543834
22819000000,0.749883388105
22831000000,0.696650932458
22836000000,0.639113400719
22850000000,0.579474561089
22859000000,0.943885193439
22867000000,0.860105904761
22875000000,0.774816279589
22884000000,0.69027691178
22900000000,1.00360456296
22909000000,0.899028773479
22919000000,0.796528214643
22932000000,0.697962439982
22942000000,0.943317650997
22952000000,0.834656302532
22962000000,0.730402145837
22963000000,0.90928944993
22963000000,0.802472610632
22963000000,0.700438884371
23001000000,0.604435041238
23016000000,0.515332629617
23020000000,0.593916754455
23032000000,0.510766143803
23042000000,0.433914380972
23052000000,0.536290585743
23061000000,0.461710660568
23071000000,0.392730710629
23081000000,0.329709107066
23087000000,0.250234930768
23095000000,0.20076553991
23098000000,0.157451733672
23120000000,0.119958016956
23131000000,0.0226811330713
23139000000,-0.0003749165897
23153000000,-0.0183615937297
23161000000,-0.0319739406235
23166000000,-0.170564644661
23171000000,-0.169980746997
23179000000,-0.165494611263
23200000000,-0.158043278451
23206000000,-0.345968282639
23222000000,-0.322715659931
23229000000,-0.296978992653
23240000000,-0.269875299303
23250000000,-0.40428638529
23259000000,-0.366448685237
23271000000,-0.328184838518
23300000000,-0.290441749071
23300000000,-0.253954751328
23311000000,-0.219294492648
23315000000,-0.186888818566
23316000000,-0.43208088695
23316000000,-0.38632659023
23316000000,-0.341354387079
23316000000,-0.298004408063
23316000000,-0.545875258612
23316000000,-0.490516030536
23378000000,-0.43571690433
23390000000,-0.382514833539
23390000000,-0.720509068094
23412000000,-0.648885627322
23415000000,-0.577633563579
23432000000,-0.797425367352
23440000000,-0.715084287822
23451000000,-0.934978646697
23457000000,-0.838172579062
23469000000,-0.742710525893
23469000000,-0.650530438279
23469000000,-0.563011370236
23499000000,-0.674873418509
23507000000,-0.588190798189
23520000000,-0.506470936811
23531000000,-0.661525166883
23541000000,-0.577251570728
23547000000,-0.497643484126
23556000000,-0.423505570217
23556000000,-0.355346065813
23556000000,-0.29343312789
23590000000,-0.389886632918
23602000000,-0.331883450758
23608000000,-0.278486219242
23619000000,-0.404345632091
23631000000,-0.350946154165
23640000000,-0.300756407639
23651000000,-0.489500687931
23657000000,-0.43250213206
23668000000,-0.3777506589
23668000000,-0.325942283411
23692000000,-0.277581049755
23702000000,-0.233040767544
23712000000,-0.293907220012
23723000000,-0.250703814888
23728000000,-0.210851557174
23740000000,-0.356336791251
23748000000,-0.311577207538
23755000000,-0.269112167019
23766000000,-0.229432302455
23782000000,-0.257822365465
23790000000,-0.220247077579
23796000000,-0.185534700473
23811000000,-0.153884867478
23816000000,-0.24794062337
23832000000,-0.214319931761
23833000000,-0.182863754322
23834000000,-0.153825010849
23862000000,-0.165451236679
23870000000,-0.139354967247
23879000000,-0.115546060973
23879000000,-0.0941032287335
23879000000,-0.0749521283145
23910000000,-0.119538245282
23919000000,-0.101014590564
23930000000,-0.0840357773219
23934000000,-0.0686613726509
23948000000,-0.0828162369257
23973000000,-0.0689232271161
23973000000,-0.0563295300744
23997000000,-0.0450375755869
23997000000,-0.0350375944255
24013000000,-0.0185611222618
24017000000,-0.0114357234411
24017000000,-0.00548946684762
24017000000,-0.000626022255308
24017000000,0.00328268034945
24017000000,0.0063644958993
24055000000,0.0178529501426
24070000000,0.114353498907
24082000000,0.10956203944
24091000000,0.103370121555
24099000000,0.125941600848
24111000000,0.116236547623
24118000000,0.106029781437
24125000000,0.0956459101059
24141000000,0.16039686599
24153000000,0.146207071532
24162000000,0.131764432468
24170000000,0.117447684334
24182000000,0.10354571928
24191000000,0.0902854702528
24199000000,0.149462078913
24209000000,0.133220509404
24221000000,0.117438755857
24230000000,0.216911151323
24242000000,0.195857295676
24248000000,0.25933587195
24261000000,0.233800018877
24271000000,0.208426347129
24279000000,0.183746780393
24292000000,0.160163928534
24300000000,0.245564866664
24308000000,0.217930556186
24317000000,0.191252831449
24331000000,0.165918939552
24341000000,0.251921942651
24349000000,0.223571241233
24351000000,0.196185844585
24368000000,0.170173903436
24381000000,0.145824864692
24382000000,-0.0529148124951
24402000000,-0.0638000706505
24409000000,-0.399400521374
24422000000,-0.385605062759
24430000000,-0.366196678538
24439000000,-0.342767185616
24450000000,-0.316696400495
24462000000,-0.614608525386
24468000000,-0.565628886909
24477000000,-0.514455686348
24478000000,-0.462700467321
24502000000,-0.734945723722
24511000000,-0.66754456125
24518000000,-0.599550018946
24531000000,-0.532645478597
24540000000,-0.6892315287
24550000000,-0.614416944789
24562000000,-0.541834088298
24567000000,-0.4726361792
24583000000,-0.40765960988
24591000000,-0.522003971161
24601000000,-0.455985081306
24610000000,-0.393873643283
24621000000,-0.336262400904
24633000000,-0.35305068953
24641000000,-0.30122775729
24652000000,-0.253824935337
24662000000,-0.194801568083
24673000000,-0.1575507058
24682000000,-0.124830320772
24696000000,-0.0964317467109
24705000000,-0.0721265812753
24710000000,0.0336886037852
24722000000,0.0461529184239
24730000000,0.219759354707
24739000000,0.214711973072
24750000000,0.205727998205
24754000000,0.193843459332
24769000000,0.179859879576
24781000000,0.340823612691
24792000000,0.314474653827
24799000000,0.286411759685
24806000000,0.257623313655
24821000000,0.228932109904
24831000000,0.550269267067
24840000000,0.500620198293
24851000000,0.449999285544
24862000000,0.399750571383
24871000000,0.573835780812
24880000000,0.514436435296
24889000000,0.455838920429
24900000000,0.399236065607
24911000000,0.345364179916
24919000000,0.647788767432
24931000000,0.577590934415
24942000000,0.938852655322
24954000000,0.848516564926
24958000000,0.758014045053
24971000000,0.999120508852
24981000000,0.895664538459
24991000000,0.793717729
25001000000,0.695307040296
25010000000,0.866977808875
25014000000,0.765096705712
25019000000,0.667415772952
25027000000,0.575254351602
25027000000,0.48947390518
25065000000,0.410573020395
25072000000,0.616174206006
25080000000,0.544609857817
25091000000,0.810373594357
25102000000,0.719138066966
25110000000,0.630883537474
25124000000,0.546978553029
25127000000,0.468278952693
25137000000,0.556602583611
25152000000,0.480429049545
25159000000,0.409369417848
25169000000,0.34393220556
25173000000,0.562134184281
25191000000,0.4905218572
25196000000,0.422814536649
25198000000,0.359711849408
25221000000,0.433747748888
25232000000,0.373250692195
25238000000,0.316969592761
25251000000,0.265279400965
25261000000,0.46157479815
25270000000,0.404251903694
25279000000,0.349758932912
25291000000,0.298750574342
25301000000,0.35332340487
25309000000,0.303570333889
25317000000,0.257348409069
25319000000,0.214979559708
25340000000,0.349476469628
25350000000,0.304427713682
25359000000,0.261909369866
25368000000,0.30209361018
25382000000,0.261394361518
25393000000,0.223294797626
25397000000,0.188111086884
25410000000,0.156041226641
25421000000,0.127082727494
25429000000,0.193030104238
25442000000,0.165124707675
25452000000,0.199380015417
25462000000,0.172462354487
25470000000,0.147262114974
25479000000,0.124006250835
25488000000,0.102765280003
25499000000,0.0917071078085
25511000000,0.0741287996393
25521000000,0.0585030747725
25530000000,0.0769729387233
25541000000,0.0632508118698
25552000000,0.0509405374794
25562000000,0.0400131802236
25569000000,-0.00619285310949
25580000000,-0.0125289644413
25585000000,-0.0173233142315
25598000000,-0.0207860969401
25612000000,-0.0231169699861
25619000000,-0.312001802088
25629000000,-0.293803888222
25638000000,-0.272951809687
25652000000,-0.250462515288
25662000000,-0.697843765968
25667000000,-0.644934697962
25680000000,-0.588845276966
25688000000,-0.531500801329
25700000000,-0.961839517477
25711000000,-0.874461261601
25722000000,-0.786067679926
25731000000,-0.698850515883
25740000000,-1.1141145428
25751000000,-1.00529408963
25759000000,-0.897058790627
25772000000,-1.23616796771
25779000000,-1.11000230802
25787000000,-0.98573849497
25799000000,-0.865786943768
25809000000,-1.120232855
25821000000,-0.991588994382
25831000000,-0.868060023157
25841000000,-0.751328436373
25849000000,-0.926165849477
25860000000,-0.808717316132
25871000000,-0.698118913404
25871000000,-0.595398452961
25891000000,-0.501187597934
25903000000,-0.592227731278
25912000000,-0.504626765338
25921000000,-0.424359495977
25930000000,-0.351690145106
25940000000,-0.428153062968
25952000000,-0.361136055723
25963000000,-0.300330836458
25967000000,-0.24578435104
25981000000,-0.249571316683
25993000000,-0.203961051853
26003000000,-0.163558728097
26012000000,-0.153152817052
26022000000,-0.121147337508
26034000000,-0.0933333454663
26039000000,-0.0694440981595
26051000000,-0.0491835691138
26061000000,-0.0322189190635
26070000000,0.0736256369611
26081000000,0.0796278422545
26082000000,0.0824339211357
26082000000,0.0826586184211
26082000000,0.0808430633875
26115000000,0.0774582668731
26130000000,0.136261314153
26136000000,0.126711616186
26151000000,0.284776475787
26162000000,0.263810643569
26170000000,0.241219736875
26178000000,0.354753918708
26190000000,0.322186285716
26201000000,0.289162779583
26211000000,0.256533641371
26222000000,0.224885560385
26230000000,0.357898226825
26238000000,0.319156024988
26250000000,0.281307262362
26266000000,0.245009964442
26271000000,0.210757090249
26285000000,0.354752058666
26295000000,0.313752186111
26305000000,0.468821606901
26312000000,0.420202855561
26321000000,0.372298036158
26329000000,0.506942056753
26342000000,0.451198556562
26348000000,0.397030967599
26356000000,0.345284356685
26369000000,0.395002218233
26380000000,0.344158375233
26392000000,0.296205927578
26406000000,0.251610784476
26406000000,0.210660446566
26418000000,0.173525188518
26431000000,0.320442551218
26437000000,0.279325371794
26451000000,0.346313879051
26460000000,0.303659013414
26466000000,0.263077677288
26479000000,0.225040046189
26490000000,0.351700771794
26498000000,0.309666475077
26509000000,0.26940689042
26520000000,0.231474851455
26530000000,0.285790504977
26536000000,0.247849172463
26551000000,0.21224306738
26562000000,0.179285371508
26572000000,0.263993488008
26581000000,0.230191606718
26591000000,0.198238309243
26598000000,0.168473744277
26611000000,0.141103458165
26619000000,0.116236525951
26628000000,0.185135190929
26638000000,0.159974346381
26651000000,0.136437122959
26661000000,0.16006337874
26669000000,0.137208247142
26673000000,0.116001584822
26673000000,0.0965728023485
26699000000,0.142005111003
26709000000,0.122495396641
26722000000,0.104282673482
26722000000,0.0874693812174
26742000000,0.0721529471469
26751000000,0.0597709404234
26767000000,0.0474127678393
26775000000,0.0365149836346
26784000000,0.0750914505045
26791000000,0.0643101196713
26805000000,0.0542768016665
26805000000,0.0450656274329
26832000000,0.0367144288578
26836000000,0.0292313855623
26843000000,0.0226032535485
26850000000,0.0235852439807
26856000000,0.0182427476284
26872000000,0.0135496183449
26884000000,0.00947798989655
26884000000,0.0059946134064
26902000000,0.00305597920827
26903000000,-0.0255752424998
26903000000,-0.0259549343126
26928000000,-0.025711099542
26937000000,-0.0406832940597
26947000000,-0.0387287944092
26960000000,-0.0363616376829
26972000000,-0.0337209216103
26981000000,-0.0724800661038
26989000000,-0.0668989041998
27002000000,-0.061027680832
27011000000,-0.0550586002919
27020000000,-0.0948844108899
27024000000,-0.0861635188707
27040000000,-0.0773820668013
27046000000,-0.121167630998
27061000000,-0.109689928044
27070000000,-0.0982001771824
27081000000,-0.0869556140555
27091000000,-0.140782472414
27101000000,-0.126779882349
27110000000,-0.112910198089
27120000000,-0.0994541614067
27129000000,-0.0866230508836
27139000000,-0.0745693896788
27149000000,-0.132327125488
27162000000,-0.117594170538
27171000000,-0.174943653085
27181000000,-0.157282700702
27188000000,-0.13982942158
27200000000,-0.122930931649
27209000000,-0.106846785903
27220000000,0.117734096368
27232000000,0.119683815913
27240000000,0.118561802843
27251000000,0.115051034659
27259000000,0.1097386382
27271000000,0.103127168234
27279000000,0.427951779763
27288000000,0.397814382549
27301000000,0.365199307155
27310000000,0.331372821399
27320000000,0.746127576148
27320000000,0.683978826341
27320000000,0.619753566424
27320000000,0.98022929961
27320000000,0.889890763955
27371000000,0.798850638466
27378000000,0.90827009427
27393000000,0.809453306331
27398000000,0.713564747611
27404000000,0.622135902632
27422000000,0.668736544958
27429000000,0.580695846062
27438000000,0.498422849587
27438000000,0.422578663721
27460000000,0.43441443557
27469000000,0.367464688479
27479000000,0.306637685161
27491000000,0.223458393227
27502000000,0.176512621758
27511000000,0.135705040632
27520000000,0.100704682495
27531000000,0.0327684261375
27540000000,0.0103267758117
27548000000,-0.00738220385245
27551000000,-0.0209636270427
27552000000,-0.0309940143465
27574000000,-0.0380381548226
27586000000,-0.22639675752
27596000000,-0.216702287209
27611000000,-0.203965861861
27618000000,-0.189112480888
27627000000,-0.342716927099
27638000000,-0.31475057893
27647000000,-0.285468461647
27661000000,-0.255767521148
27662000000,-0.508298356105
27678000000,-0.472424941738
27689000000,-0.426571174511
27695000000,-0.656074379126
27709000000,-0.595256484408
27720000000,-0.533768925548
27724000000,-0.473142101935
27740000000,-0.72479245117
27747000000,-0.6511586034
27761000000,-0.57824693481
27770000000,-0.850717073805
27781000000,-0.764124992607
27789000000,-0.678529316271
27809000000,-0.595680435807
27820000000,-0.516729067073
27828000000,-0.4426278575
27840000000,-0.63947704402
27865000000,-0.561504519911
27865000000,-0.417444980828
27871000000,-0.352935211296
27879000000,-0.727604407207
27898000000,-0.64528500348
27898000000,-0.565665603157
27911000000,-0.814179529111
27920000000,-0.723781231603
27927000000,-0.947968339455
27938000000,-0.847340568115
27938000000,-0.748867001105
27957000000,-0.654187185276
27957000000,-0.564646434731
27982000000,-0.650771851655
27988000000,-0.5644698996
27998000000,-0.483545169043
28011000000,-0.408736845682
28020000000,-0.616618576074
28032000000,-0.538658901767
28042000000,-0.464897606124
28052000000,-0.561533761698
28062000000,-0.488721759655
28069000000,-0.420158549473
28083000000,-0.356515559003
28083000000,-0.298219835587
28095000000,-0.44619091801
28106000000,-0.386719938638
28121000000,-0.330966739669
28132000000,-0.279398920666
28143000000,-0.388104403524
28148000000,-0.33622779621
28162000000,-0.287679167731
28171000000,-0.242772863266
28178000000,-0.299393101108
28191000000,-0.256079456046
28206000000,-0.216020440461
28212000000,-0.320302640846
28221000000,-0.279392562953
28232000000,-0.240767902358
28235000000,-0.204791949713
28253000000,-0.20125021035
28256000000,-0.169519597618
28263000000,-0.140563872331
28281000000,-0.114448255139
28281000000,-0.0911623667756
28295000000,-0.172637226305
28295000000,-0.148133507517
28318000000,-0.125355217362
28328000000,-0.104467728924
28328000000,-0.0855462203449
28328000000,-0.0752211291767
28361000000,-0.0598360430245
28371000000,-0.0462782977423
28378000000,-0.0847460896207
28389000000,-0.0717717570785
28403000000,-0.0598371514509
28411000000,-0.0490053767545
28420000000,-0.0392905288581
28423000000,-0.012941652065
28441000000,-0.00649170983805
28449000000,-0.00121862422019
28461000000,0.00995189168397
28470000000,0.0129084310168
28495000000,0.0150024538766
28495000000,0.016365749367
28501000000,0.0635665472906
28512000000,0.0612736425817
28523000000,0.0581249408767
28532000000,0.0543683250395
28540000000,0.108121408171
28550000000,0.100122242368
28550000000,0.0915958810467
28550000000,0.0828408312048
28550000000,0.140936022292
28591000000,0.12865952101
28600000000,0.116098063595
28610000000,0.19644818473
28610000000,0.179200062451
28631000000,0.161597823802
28642000000,0.144097547258
28649000000,0.228436389769
28661000000,0.20649346289
28674000000,0.184550509359
28680000000,0.163103480345
28691000000,0.22763586078
28697000000,0.203317601767
28710000000,0.17956207758
28722000000,0.156785593085
28726000000,0.235479582058
28740000000,0.209457920377
28750000000,0.184222097507
28761000000,0.16015924195
28770000000,0.137560658371
28780000000,0.116619601158
28791000000,0.194878885841
28800000000,0.171678377364
28809000000,0.149498229272
28820000000,0.128621991877
28831000000,0.233375974382
28840000000,0.208106642416
28849000000,0.183461572002
28860000000,0.271592954018
28909000000,0.242336094794
28909000000,0.213788657958
28909000000,0.186450413167
28909000000,0.160649219929
28909000000,0.261957725718
28921000000,0.231874460864
28931000000,0.202897609244
28941000000,0.175441486345
28949000000,0.149801271717
28967000000,0.248509808109
28971000000,0.219639005687
28974000000,0.328973109073
