%time,field
272000000,-0.0193539084189
282000000,-0.0202825097216
291000000,0.0390841129182
301000000,0.0372936068839
311000000,0.0403939058869
322000000,0.0372322980109
330000000,-0.00535180826861
337000000,-0.00153678654333
347000000,-0.00429754834409
358000000,-0.00103154389073
366000000,-0.0122491235576
378000000,-0.00904560166434
389000000,-0.0104506826027
396000000,-0.00761710606508
418000000,0.0160976777877
426000000,0.0167062707233
435000000,0.0148763073576
450000000,0.0153403244956
454000000,0.0266201882413
462000000,0.0250197344325
476000000,0.0233197786045
482000000,0.0213489190083
489000000,0.00527465060283
497000000,0.00399015384507
511000000,0.00288887383017
517000000,0.00195814599618
518000000,0.00118265297484
539000000,0.00130417851998
550000000,0.000747894942545
561000000,0.000294475051631
561000000,-6.73455026283e-05
582000000,-0.000349165170381
591000000,0.00441062588395
598000000,0.00395213533704
598000000,0.00350373072602
620000000,0.00307321762469
632000000,0.00761376199558
642000000,0.00691243704214
655000000,0.00620649779576
665000000,0.00551275997081
665000000,0.00484366387405
679000000,0.00808968966826
689000000,0.0110677229056
701000000,0.0100306708935
711000000,0.00899044696509
726000000,0.00797060095648
739000000,0.00839306264463
751000000,0.00737979371327
765000000,0.00641707718571
765000000,0.00551555195353
787000000,0.00468239547929
787000000,0.00392171251303
794000000,0.0032347224457
800000000,0.00381866923643
810000000,0.0032087481626
821000000,0.004538196923
832000000,0.00393610404088
840000000,0.0033737947815
847000000,0.00383985904439
863000000,0.00331247105761
870000000,0.00282287316579
881000000,0.00237396026347
894000000,0.00196709304341
899000000,0.00160245784179
911000000,0.00213715927036
919000000,0.00180088629517
929000000,0.00212177033884
937000000,0.00180984575981
948000000,0.00152328072635
963000000,0.00126306248738
973000000,0.00102940999428
982000000,0.000821894015559
991000000,0.000639578410386
1001000000,0.00104404641623
1012000000,0.000872565101878
1018000000,0.00138872708928
1018000000,0.00120759018045
1035000000,0.00103714825403
1049000000,0.000878943950985
1061000000,0.000747812061852
1067000000,0.00106240265807
1083000000,0.000913847419672
1083000000,0.000775459345651
1083000000,0.000648086249387
1112000000,0.00116699753049
1126000000,0.00102631924998
1134000000,0.000891410249165
1142000000,0.000764095024018
1153000000,0.00189691002995
1162000000,0.00170772798847
1171000000,0.0025088108963
1181000000,0.0022666569439
1192000000,0.00202363275035
1203000000,0.00178532527972
1213000000,0.00155605251705
1231000000,0.0028330411907
1251000000,0.00253125479759
1251000000,0.00223489649823
1262000000,0.00194948730373
1262000000,0.00167903762975
1275000000,0.00364600811147
1280000000,0.00328906221155
1289000000,0.00293194905402
1300000000,0.00470025996514
1312000000,0.0042441504071
1319000000,0.00378732457418
1332000000,0.00334101439803
1342000000,0.00551191372121
1350000000,0.00494127352983
1357000000,0.00437935742696
1357000000,0.00383716389208
1383000000,-0.00535062120404
1393000000,-0.00531133475498
1402000000,-0.0051631466087
1411000000,-0.00419323831004
1423000000,-0.00394622544855
1431000000,-0.00366494369063
1443000000,-0.00336279469374
1451000000,-0.00305087184499
1462000000,0.000865636161135
1472000000,0.000930988475647
1480000000,0.000959787729767
1487000000,0.000959122256702
1502000000,0.0222030713027
1511000000,0.0208842105897
1519000000,0.0193760499905
1529000000,0.017751937019
1543000000,0.0289401087538
1552000000,0.0264485144038
1570000000,0.0238914711421
1573000000,0.021340233318
1584000000,0.0188508309774
1592000000,0.0245368385959
1602000000,0.0217503649781
1611000000,0.0230770915291
1623000000,0.0202987452855
1631000000,0.0176539330228
1641000000,0.0151736823832
1650000000,0.0128787483551
1662000000,-0.0016565972988
1676000000,-0.00278757673128
1676000000,-0.00361720198319
1691000000,-0.00419068938517
1703000000,-0.00553924290187
1712000000,-0.00565739089675
1722000000,-0.00562444041455
1733000000,-0.00242399913134
1739000000,-0.00235734986657
1756000000,-0.00225261445308
1765000000,-0.00212006847956
1773000000,-0.0019685184401
1781000000,0.00281435469949
1791000000,0.00267542481634
1800000000,0.00250585669626
1811000000,0.00231601121208
1819000000,0.00584050114483
1832000000,0.0054304115172
1836000000,0.00498612924522
1851000000,0.00748164408026
1861000000,0.00683112722161
1871000000,0.00616571948938
1878000000,0.00550356820549
1889000000,0.00741735238619
1896000000,0.00664712120011
1902000000,0.00589165352991
1920000000,0.00516497855841
1930000000,0.00447724121073
1936000000,0.00614879982859
1951000000,0.00541903700898
1959000000,0.00472337737891
1959000000,0.0040701805681
1980000000,0.00550582561317
1991000000,0.00482970344368
1998000000,0.00418984428391
2008000000,0.00359290175891
2022000000,0.00470195524316
2032000000,0.00409348522601
2041000000,0.00352362359289
2052000000,0.00299683493234
2062000000,0.00372888138725
2069000000,0.0032206622673
2084000000,0.00274968764976
2090000000,0.00231866167372
2103000000,0.00264514702421
2110000000,0.00224883087439
2122000000,0.00188794391382
2132000000,0.00156276418253
2139000000,0.00127349427796
2150000000,0.00105441280223
2158000000,0.000831206315832
2171000000,0.000638954243407
2181000000,-0.0170708926551
2189000000,-0.0161541651449
2190000000,-0.0150681489115
2206000000,-0.0138733106346
2221000000,-0.0126184740042
2229000000,-0.0229066454898
2236000000,-0.0208766470151
2244000000,-0.0188073613239
2257000000,-0.0249410511343
2268000000,-0.0224539310266
2271000000,-0.0199899580764
2271000000,-0.0175986509138
2295000000,-0.0153179466285
2295000000,-0.0131757136966
2295000000,-0.0160346537701
2300000000,-0.0138952874449
2316000000,-0.0118964593622
2350000000,-0.0151344189724
2364000000,-0.0131238751156
2371000000,-0.0112435571626
2381000000,-0.00950832841811
2391000000,-0.00895510512668
2398000000,-0.00746490059404
2407000000,-0.00612190794723
2407000000,-0.00632451280499
2426000000,-0.00519371343195
2427000000,-0.00418508359002
2434000000,-0.00329519470779
2434000000,-0.00251899078959
2468000000,0.0143086937624
2480000000,0.013823065125
2489000000,0.0131320696627
2502000000,0.0177886924246
2509000000,0.0164954095403
2521000000,0.0151083064264
2528000000,0.0136781211063
2540000000,0.0122459484388
2540000000,0.0108442474612
2540000000,0.00891177993634
2541000000,0.0076782212297
2541000000,0.00509535838626
2592000000,0.00413357068932
2593000000,0.00328424565675
2593000000,0.00254236531653
2626000000,0.00190173983676
2629000000,-0.000459152428554
2641000000,-0.000807892642149
2647000000,-0.00312976433796
2658000000,-0.00317760303883
2671000000,-0.00314320483826
2672000000,-0.00304493502968
2691000000,-0.00289859308297
2700000000,-0.00492073493823
2710000000,-0.0045784697212
2720000000,-0.00420565200045
2732000000,-0.00381732518451
2741000000,-0.00578211769724
2750000000,-0.00523889166025
2759000000,-0.00469301865987
2770000000,-0.00415731683389
2779000000,-0.00364166889702
2791000000,-0.00565283872607
2802000000,-0.00504038670505
2810000000,-0.00708436037308
2820000000,-0.00635300221541
2831000000,-0.0056341875617
2838000000,-0.00494142669153
2852000000,-0.00428476330662
2861000000,-0.00620823966913
2870000000,-0.00548010581409
2877000000,-0.00478376682477
2890000000,-0.00664182433431
2896000000,-0.00589234458436
2912000000,-0.00516972017648
2922000000,-0.00448477654634
2926000000,-0.00384490139713
2940000000,-0.00556848276304
2940000000,-0.00490183248876
2940000000,-0.00426718108772
2941000000,-0.00367197519167
2979000000,-0.00515537677216
2989000000,-0.00453012249589
2998000000,-0.00393672430747
3010000000,-0.00160673636615
3017000000,-0.00119355728605
3029000000,-0.000842183374048
3039000000,-0.000547391209232
3045000000,0.00226255861757
3058000000,0.00231993654077
3069000000,0.00231240869745
3079000000,0.00225362427433
3080000000,0.00215578874928
3080000000,0.00202947017449
3104000000,0.00188312626024
3127000000,0.00172434346992
3138000000,0.00475929454432
3138000000,0.00440499475754
3151000000,0.00744888604583
3158000000,0.00684836027061
3159000000,0.00622066142581
3170000000,0.00558532464955
3193000000,0.00864065366881
3196000000,0.00780279449215
3196000000,0.00696630885013
3220000000,0.00944340637625
3228000000,0.00847679468463
3234000000,0.00752363416239
3249000000,0.00660281777814
3261000000,0.00889579745735
3270000000,0.00788600040035
3277000000,0.00691211564459
3278000000,0.0059883590067
3302000000,-0.00804317952935
3312000000,-0.00806673961258
3322000000,-0.00790594194671
3331000000,-0.00760408623485
3342000000,-0.00719776152127
3352000000,-0.00671822979072
3361000000,-0.00929368233459
3371000000,-0.00853548540345
3380000000,-0.00774876021289
3391000000,-0.00712465301469
3403000000,-0.00633646638006
3411000000,-0.00557566485946
3420000000,-0.00272349363604
3424000000,-0.00218964076736
3441000000,-0.00172205770801
3452000000,-0.00131714237651
3461000000,0.00124970369734
3469000000,0.00140954148954
3476000000,0.00150152715643
3492000000,0.00441277232443
3500000000,0.00423609470524
3508000000,0.00399972243396
3528000000,0.00372166028025
3528000000,0.00341705107847
3541000000,0.00309872379818
3551000000,0.0265880946724
3564000000,0.0246836887804
3571000000,0.0226282401072
3580000000,0.0342366682905
3591000000,0.0312012906516
3597000000,0.0281090960346
3609000000,0.0250417788887
3622000000,0.030033697838
3632000000,0.0266697533029
3647000000,0.0234203845346
3652000000,0.0203341782046
3662000000,0.0205840513784
3676000000,0.0177446668439
3710000000,0.015109461711
3710000000,0.0105055189403
3714000000,0.00854505032903
3724000000,0.0073229859134
3738000000,0.00577130864188
3743000000,0.00441902858634
3757000000,0.00136835466643
3762000000,0.000485792563031
3782000000,-0.000220685166883
3782000000,-0.000772320566825
3790000000,-0.00425149120621
3805000000,-0.0043612894741
3827000000,-0.00434982553167
3827000000,-0.00424294010178
3850000000,-0.00406321736842
3850000000,-0.00383021427056
3880000000,-0.00355999880667
3880000000,-0.00296117334903
3884000000,-0.00841648603889
3891000000,-0.00967480935227
3902000000,-0.00885648793404
3912000000,-0.00804861184796
3921000000,-0.00723044859884
3928000000,-0.00642244284786
3938000000,-0.00564054858436
3948000000,-0.00295444152216
3958000000,-0.00237889550691
3967000000,-0.00187055282876
3980000000,-0.00142682730499
3986000000,-0.0122169045983
3999000000,-0.0111455065455
4007000000,-0.0100499419152
4021000000,-0.00895983808544
4030000000,-0.0158510012012
4039000000,-0.0143690611195
4047000000,-0.0128781067928
4062000000,-0.01141349547
4070000000,-0.0166405849405
4083000000,-0.0148945644625
4090000000,-0.0131833732316
4099000000,-0.015863550289
4111000000,-0.0140243650159
4122000000,-0.0122595936162
4131000000,-0.0105933222651
4142000000,-0.0125320335454
4152000000,-0.0109045383043
4158000000,-0.00937614478814
4171000000,-0.0079602105562
4181000000,-0.00673157730407
4194000000,-0.00778124623495
4201000000,-0.00658178270744
4211000000,-0.00548773773945
4219000000,0.0114996527047
4231000000,0.011486087772
4238000000,0.0112180312896
4248000000,0.0107572182968
4260000000,0.0137700575912
4271000000,0.0128520224854
4278000000,0.0118422019515
4278000000,0.0107832468645
4295000000,0.00891456521249
4310000000,0.00789789520598
4323000000,0.0069216029609
4331000000,0.00599902484569
4341000000,0.00330934223718
4351000000,0.00263988222875
4364000000,0.00205527685334
4373000000,0.00155044644984
4380000000,-0.00102597829875
4389000000,-0.00125976194038
4403000000,-0.00141396256971
4410000000,-0.00150213818719
4422000000,-0.00153670252471
4432000000,-0.0038383680966
4437000000,-0.00364110257647
4449000000,-0.00340228384361
4462000000,-0.00582912177314
4472000000,-0.00539698231031
4482000000,-0.00493355941305
4491000000,-0.0075709597103
4497000000,-0.00690670460635
4507000000,-0.00622652226263
4519000000,-0.00554934550371
4519000000,-0.00488972254074
4519000000,-0.00425875615563
4539000000,-0.00366448557615
4539000000,-0.0241530814698
4539000000,-0.0223277626161
4551000000,-0.020387679894
4591000000,-0.033531927324
4593000000,-0.030708164182
4611000000,-0.0277935444225
4623000000,-0.0248736917199
4627000000,-0.02687722551
4641000000,-0.0238396741266
4648000000,-0.0209115368977
4660000000,-0.018256053383
4669000000,-0.015654267212
4682000000,-0.0132533023598
4691000000,-0.0110644340406
4700000000,-0.00826401316012
4705000000,-0.00655816350183
4720000000,-0.0050673215698
4729000000,-0.00377920082973
4740000000,0.000726610413694
4752000000,0.00143881907784
4762000000,0.00196730942621
4766000000,0.00233913843576
4788000000,0.00257913015868
4788000000,0.00270961635903
4788000000,0.00732432256512
4811000000,0.0112678196456
4821000000,0.0106298203214
4830000000,0.00988794723389
4832000000,0.00908082086023
4845000000,0.00824039531946
4861000000,0.0131360400862
4869000000,0.0119256528826
4878000000,0.0107033671468
4878000000,0.0094990129063
4878000000,0.00833569282959
4910000000,0.012346634596
4918000000,0.011012145988
4922000000,0.0097126460149
4941000000,0.0084692363451
4941000000,0.00729794186992
4941000000,0.00620967109807
4969000000,0.0106273747287
4981000000,0.00936817549153
4990000000,0.00816437584894
5001000000,0.0126813571427
5002000000,0.0112529766379
5014000000,0.0152115405315
5032000000,0.0135807711252
5041000000,0.0119896943854
5049000000,0.0104655922857
5059000000,0.00902845621138
5071000000,0.0108901498197
5075000000,0.00948478318179
5089000000,0.00816275545487
5102000000,0.00693637796885
5108000000,-0.0110046421521
5120000000,-0.0109021129337
5131000000,-0.010579198558
5137000000,-0.0142531736305
5142000000,-0.0134046271738
5154000000,-0.0124380650289
5168000000,-0.0114001560745
5181000000,-0.00944680171623
5189000000,-0.00843047397461
5190000000,-0.00744311062798
5190000000,-0.00650058190709
5195000000,-0.0056141724458
5213000000,-0.00479253972022
5236000000,-0.00178291261573
5250000000,0.00205736743758
5261000000,0.00230886521043
5272000000,0.00245285872295
5275000000,0.00250900995054
5275000000,0.00249508641056
5302000000,0.00242575764758
5310000000,0.027493246066
5318000000,0.0257714278758
5327000000,0.0392697006838
5342000000,0.0363018514338
5351000000,0.0331482651656
5361000000,0.0299195109629
5362000000,0.0267038094335
5378000000,0.0318637823025
5392000000,0.0283891992726
5401000000,0.0250137330844
5410000000,0.0217922823275
5419000000,0.0187644666998
5431000000,0.0160663961391
5443000000,0.0169966182344
5451000000,0.0144300459193
5458000000,0.0126220342893
5469000000,0.0104699652516
5481000000,0.00853896632263
5481000000,0.00682554832096
5496000000,0.00532213296399
5512000000,-0.0113206566462
5518000000,-0.0114368724155
5529000000,-0.0137461990927
5537000000,-0.0132195379412
5551000000,-0.0125087914152
5558000000,-0.0116688513703
5570000000,-0.00883131764157
5581000000,-0.00797026582703
5591000000,-0.00711364518672
5604000000,-0.00627915601362
5612000000,-0.0031677726121
5621000000,-0.00255775375244
5630000000,-0.00201948731179
5642000000,-0.00154969289642
5651000000,0.000677830116455
5661000000,0.0009137511047
5672000000,0.00107991085243
5682000000,0.00118742290433
5691000000,0.00124635052647
5701000000,0.00260090728661
5710000000,0.00251042783485
5722000000,0.00238389559865
5728000000,0.00223162694025
5740000000,0.00206285296648
5749000000,0.00188505211922
5758000000,0.00170407938573
5771000000,-0.00377835113187
5779000000,-0.00360600535585
5791000000,-0.00916456022201
5803000000,-0.00853849005931
5820000000,-0.00785264027642
5820000000,-0.00713454920668
5831000000,-0.0105509190378
5840000000,-0.00956209379963
5841000000,-0.00856718901535
5862000000,-0.0118110483531
5872000000,-0.0105884223962
5881000000,-0.00938665540726
5890000000,-0.0113208192355
5901000000,-0.0100273559132
5910000000,-0.00878186076826
5922000000,-0.00760209386956
5931000000,-0.006500493661
5939000000,-0.00916178441388
5951000000,-0.008032638314
5961000000,-0.00696060380897
5968000000,-0.00595817515321
5981000000,0.00978516778542
5990000000,0.00972033332517
5999000000,0.00945388663855
6007000000,0.00903442198899
6020000000,0.0118478618847
6030000000,0.011018574903
6037000000,0.0101208490151
6037000000,0.00918912772853
6064000000,0.00825146627384
6069000000,0.00614650394803
6076000000,0.00532967192429
6076000000,0.0045685108325
6097000000,0.003868454659
6110000000,0.00195298792467
6148000000,0.00146572783684
6148000000,0.000703803927284
6148000000,0.00041670412458
6158000000,-0.00213124804747
6160000000,-0.00219109517532
6176000000,-0.0296926789759
6187000000,-0.0280231658042
6198000000,-0.0260777898005
6210000000,-0.0239588351616
6211000000,-0.0217505042725
6212000000,-0.0360877013106
6241000000,-0.0329868941493
6241000000,-0.0298044497506
6257000000,-0.0353796124497
6271000000,-0.0317060624295
6280000000,-0.028099614552
6290000000,-0.0293468661397
6297000000,-0.0257868921107
6312000000,-0.0224032186835
6318000000,-0.0192340813495
6318000000,-0.0163045149215
6341000000,-0.0137111995836
6351000000,-0.0112924640532
6362000000,-0.00913272094294
6371000000,-0.007225512185
6380000000,-0.00452159759901
6392000000,-0.00314142174041
6404000000,-0.00198261964955
6412000000,-0.00102467822975
6421000000,-0.000246599237018
6428000000,0.00351995418767
6437000000,0.00381450653331
6452000000,0.00396112771482
6461000000,0.00785191383109
6470000000,0.0075310387846
6478000000,0.00710929034378
6490000000,0.0111839208677
6501000000,0.0103733286158
6513000000,0.00950179424162
6522000000,0.00860173820311
6529000000,0.0081775550551
6541000000,0.00726579129733
6550000000,0.00638378975762
6561000000,0.00554489492922
6571000000,0.00443108296391
6579000000,0.00372222340441
6586000000,0.00307926778568
6600000000,0.00250269118924
6612000000,0.00198903831486
6627000000,0.00147943075164
6633000000,0.00109360002915
6639000000,0.000763545139151
6652000000,0.000484793079134
6660000000,0.000634954813753
6671000000,0.000419538191602
6680000000,0.000238698531765
6692000000,0.000858198235174
6700000000,0.000687965862663
6710000000,0.000536417943621
6721000000,0.000402947067108
6729000000,0.000286701753762
6740000000,0.00137002111398
6751000000,0.00120799201852
6759000000,0.00105078754084
6770000000,0.000900998182024
6779000000,0.00245380809664
6791000000,0.002224132571
6799000000,0.00199090348732
6811000000,0.00176019778365
6820000000,0.0015370099351
6831000000,0.0248796889373
6840000000,0.0231711575001
6850000000,0.0213035119036
6860000000,0.0342032099356
6868000000,0.0314006759971
6881000000,0.0284861718497
6891000000,0.0255502268616
6901000000,0.0226626809128
6911000000,0.0292812974744
6922000000,0.0260746090882
6929000000,0.0229619252963
6944000000,0.0199931518121
6952000000,0.0218927612984
6959000000,0.0190207325265
6968000000,0.0183631267576
6982000000,0.0157645196673
6995000000,0.0133625675497
7003000000,0.0111692440342
7015000000,0.00918951447912
7028000000,0.00742255240208
7044000000,-0.0140082456346
7044000000,-0.0142025936196
7052000000,-0.0140389236243
7059000000,-0.0229320804032
7069000000,-0.0217202944935
7077000000,-0.0202803979672
7077000000,-0.0186929577203
7077000000,-0.017024685015
7111000000,-0.0100372321372
7116000000,-0.00868474410993
7116000000,-0.00742559085727
7142000000,-0.00240203325714
7149000000,-0.00159309619056
7160000000,-0.000920873622258
7171000000,0.0112867393721
7176000000,0.0110919767243
7191000000,0.0106895950462
7199000000,0.0101327045934
7218000000,0.0146826490326
7219000000,0.0136610585917
7229000000,0.0125499547544
7239000000,0.0113932977015
7239000000,0.0102267590464
7239000000,0.0090784888695
7273000000,0.00956957834846
7273000000,0.00841564620292
7290000000,0.00645718275465
7302000000,0.00547673601928
7310000000,0.00458192437962
7314000000,0.00377459738489
7314000000,0.003054221758
7315000000,0.0024186668302
7315000000,0.0018643362481
7409000000,0.00138643265258
7409000000,-0.00127402078373
7409000000,-0.00147153653751
7409000000,-0.00159341544882
7409000000,-0.00165310156549
7409000000,-0.00166226548622
7409000000,-0.00527281010397
7409000000,-0.00498698323807
7443000000,-0.00464895310655
7462000000,-0.00427734066258
7462000000,-0.00388751698003
7462000000,-0.00861433106329
7482000000,-0.0078890913806
7492000000,-0.0155381469518
7502000000,-0.0142945266088
7511000000,-0.0129929447063
7519000000,-0.0116750947488
7530000000,-0.0103738025956
7537000000,-0.0120366130066
7547000000,-0.0106524720479
7561000000,-0.00932156235097
7571000000,0.0030549348485
7581000000,0.00354641112494
7590000000,0.00385586575383
7596000000,0.00401506079883
7611000000,0.00666930156283
7622000000,0.00644497636535
7627000000,0.00612574814875
7638000000,0.00573910378533
7651000000,-0.0102993963815
7660000000,-0.00990275769525
7670000000,-0.00936830225455
7678000000,-0.00873560682234
7692000000,-0.00804005517387
7699000000,-0.0175446563347
7710000000,-0.0162029431128
7718000000,-0.0147809954865
7731000000,-0.0195644774996
7742000000,-0.0177780265408
7746000000,-0.0159714297035
7764000000,-0.0141888864403
7773000000,-0.0124654924741
7785000000,-0.0148352856953
7791000000,-0.0130801660067
7801000000,-0.0114035625644
7808000000,-0.00982568368117
7820000000,-0.0103331837747
7830000000,-0.00887212243455
7842000000,-0.00752134198063
7851000000,-0.0062873760168
7861000000,-0.00583727748842
7867000000,-0.00480573919071
7871000000,-0.0038844804925
7871000000,-0.00307062206018
7871000000,-0.00235964111529
7912000000,-0.00179149113835
7920000000,-0.00126572872013
7932000000,0.00015023004812
7938000000,0.00045917039946
7949000000,0.000692944439446
7961000000,0.000862184422232
7970000000,0.00202576035629
7975000000,0.00203344846358
7983000000,0.00199358011014
7995000000,0.00191797012855
8011000000,0.00181577585175
8020000000,0.00324055567793
8030000000,0.00301054063405
8039000000,0.00276205325208
8039000000,0.00250494165785
8085000000,0.0022458672177
8085000000,0.00199109327608
8117000000,0.00151336559744
8117000000,0.00109580939794
8121000000,0.00251927782254
8131000000,0.00460121484851
8141000000,0.00625176864555
8152000000,0.00573118461189
8159000000,0.00519197780317
8171000000,0.0065446757174
8182000000,0.00590223450333
8190000000,0.00526368031478
8203000000,0.00464270020368
8212000000,0.00404785869406
8221000000,0.00348812881288
8232000000,0.00296840865052
8240000000,0.00342261697752
8252000000,0.00293708241048
8261000000,0.00490770567007
8270000000,0.0043434466914
8282000000,0.00379948652063
8289000000,0.00328505993699
8295000000,0.00717702668576
8311000000,0.00646679225358
8322000000,0.00576141758845
8331000000,0.00915331072503
8340000000,0.00827643127661
8357000000,0.00739909534068
8364000000,0.00654076039428
8369000000,0.00571713205633
8381000000,0.00716404221884
8391000000,0.00629701204757
8414000000,0.00547190688501
8414000000,0.00469874658258
8419000000,0.00596251235806
8431000000,0.00519765758808
8443000000,0.0044775907035
8450000000,0.00380900908916
8455000000,0.00319598583003
8471000000,0.00374850411902
8480000000,0.00318912383231
8492000000,0.00267662464346
8499000000,0.00311559270769
8510000000,0.00264542754393
8518000000,0.0022148535259
8530000000,0.00182513126171
8537000000,0.00147634407124
8550000000,0.00192421480051
8557000000,0.00161329525964
8569000000,0.00133095978013
8580000000,0.00107785996869
8591000000,0.000969009262145
8600000000,0.000765006648775
8611000000,0.0013991918174
8617000000,0.00119582056897
8631000000,0.00100844679622
8641000000,0.00083747120237
8651000000,0.000693264857929
8661000000,0.000555073408289
8668000000,0.000433082354949
8680000000,0.000326597895845
8690000000,0.00023475960308
8701000000,0.000958728538256
8709000000,0.000841923676209
8719000000,0.000730072926589
8727000000,0.000625087676859
8740000000,0.000903820757908
8750000000,0.000791662251414
8761000000,0.000685007655054
8772000000,0.000604098848137
8781000000,0.00111600606565
8790000000,0.000990127347105
8802000000,0.000868371966195
8812000000,0.00117059609227
8824000000,0.00103895708557
8832000000,0.0009116488712
8838000000,0.000790522235803
8838000000,0.000677115648465
8838000000,0.000571965793181
8871000000,0.00102373328399
8880000000,0.000906435684983
8897000000,0.00079320205373
8898000000,0.000685801859184
8898000000,0.000585462348177
8898000000,0.000492995104606
8932000000,0.000936521482649
8939000000,0.00145825913138
8951000000,0.0013162176548
8959000000,0.00117447230824
8959000000,0.00103613318138
8981000000,0.00151392867002
8991000000,0.00135554939752
9002000000,0.00120022443872
9003000000,0.00105064369139
9018000000,0.000925144059404
9024000000,0.00130855095495
9039000000,0.00115127277613
9046000000,0.0016695078721
9062000000,0.00149206462051
9063000000,0.00131875248797
9081000000,0.00115240758653
9090000000,0.00163916150689
9102000000,0.0014525366706
9119000000,0.00127274475403
9119000000,0.00110238366831
9126000000,0.000943289850065
9139000000,0.000796570852473
9152000000,0.00124666046435
9161000000,0.00109137635544
9172000000,0.00094441106422
9182000000,0.00144327485851
9190000000,0.00127966861064
9198000000,0.0011219749498
9206000000,0.000972395582884
9210000000,0.000832646974041
9210000000,0.000703841349981
9235000000,0.000586469949445
9249000000,0.00108743607778
9250000000,0.000955187617013
9270000000,0.00153108213795
9279000000,0.00136663207435
9280000000,0.00120632955913
9301000000,0.00170052460034
9310000000,0.00151807769849
9316000000,0.00134026731157
9329000000,0.00117007775585
9341000000,0.00163632639878
9349000000,0.00145135954816
9360000000,0.00127301870092
9370000000,0.00110400547175
9382000000,0.000946130203252
9383000000,0.000800526399778
9387000000,0.00141819212306
9411000000,0.00125460267951
9411000000,0.00109759542582
9432000000,0.000949228431477
9432000000,0.00081107069355
9448000000,0.00147210932307
9462000000,0.00131155284286
9469000000,0.0011556972161
9482000000,0.00169970705566
9487000000,0.00215412517665
9500000000,0.00193571812646
9511000000,0.00172036772805
9521000000,0.00151227729048
9532000000,0.0018892307528
9542000000,0.00166872394691
9554000000,0.00145766491889
9562000000,0.00125880072877
9567000000,0.00148334445167
9577000000,0.00128964483942
9588000000,0.00110831173702
9600000000,0.000940713101601
9606000000,0.00124184399793
9619000000,0.00107523720301
9633000000,0.000920009683268
9633000000,0.000777091828686
9657000000,0.00103758589554
9662000000,0.000898089967253
9671000000,0.000768210374181
9681000000,0.000648838064935
9691000000,0.00054039170115
9701000000,0.000443023572127
9711000000,0.000364505734715
9720000000,0.000555514993454
9732000000,0.000471241626843
9738000000,0.000934399559839
9751000000,0.000833629766626
9760000000,0.000735740290596
9768000000,0.000642354571307
9782000000,0.000580216020557
9789000000,0.00049697549751
9802000000,0.000420741458407
9814000000,0.000351506086289
9823000000,0.000289334535382
9832000000,0.000595354030988
9842000000,0.000525132973583
9854000000,0.000458277020713
9862000000,0.000301680210937
9872000000,0.000249017363205
9881000000,0.000202299854023
9892000000,0.00016123394231
9902000000,0.00030063174818
9911000000,0.000259451809485
9922000000,0.000221492227524
9931000000,0.000186734592312
9942000000,7.26952120385e-05
9952000000,4.97763042297e-05
9962000000,3.09004757526e-05
9972000000,1.56659078424e-05
9982000000,0.000140209261699
9984000000,0.000121863812581
9996000000,0.000104907896054
10007000000,8.92579899266e-05
10012000000,7.54816285286e-05
10031000000,5.78555950077e-06
10042000000,-1.39251975618e-06
10054000000,-3.97852508917e-05
10061000000,-4.15158169285e-05
10076000000,-4.16803279398e-05
10096000000,-4.09070781303e-05
10096000000,-3.87655749047e-05
10103000000,-3.58012448815e-05
10110000000,6.58360221294e-05
10122000000,6.31622623524e-05
10129000000,5.99879382133e-05
10141000000,5.65108839625e-05
10150000000,-0.000213485246261
10156000000,-0.000199667441367
10172000000,-9.86764841383e-05
10181000000,-8.63422697488e-05
10192000000,-7.4234956841e-05
10201000000,-6.26794785841e-05
10210000000,-5.17700492374e-05
10220000000,-0.000463281801326
10231000000,-0.000427827523641
10242000000,-0.000389733944057
10248000000,-0.000350400093046
10259000000,-0.000377537065225
10272000000,-0.000335343643904
10280000000,-0.000294054085762
10290000000,-0.000254497366973
10302000000,-0.00335019708287
10307000000,-0.00312302660045
10321000000,-0.00287342633968
10332000000,-0.00431602551568
10339000000,-0.00394178886102
10349000000,-0.00355810068846
10360000000,-0.00317560250629
10369000000,-0.00392658348832
10385000000,-0.00349760051033
10394000000,-0.00308062972036
10394000000,-0.00268257594918
10406000000,-0.00230836614176
10420000000,-0.00236682576824
10421000000,-0.00202665050872
10435000000,-0.00171311315319
10452000000,-0.00142736292941
10460000000,-0.00138196838026
10472000000,-0.00113841423238
10480000000,-0.000920592038196
10492000000,-0.000727956971649
10499000000,-0.000559458532962
10508000000,-0.000413844253194
10516000000,-0.000289653091511
10530000000,-0.000157531328976
10541000000,-7.2256519774e-05
10549000000,0.00034185747973
10550000000,0.000377359040657
10573000000,0.000397211483497
10581000000,0.0041536113373
10591000000,0.00393559481959
10602000000,0.00367557476171
10613000000,0.00199744263806
10623000000,0.00177977228527
10629000000,0.00156884344
10641000000,0.00136792687455
10645000000,0.00117943961219
10654000000,-0.00303246577529
10669000000,-0.00294980817411
10697000000,-0.00281801133144
10697000000,-0.00265063651467
10697000000,-0.00444872075359
10710000000,-0.00411745697693
10727000000,-0.0037638280904
10735000000,-0.00340057110963
10741000000,-0.00431296593824
10751000000,-0.00388902936753
10758000000,-0.00346772117569
10762000000,-0.0030577689285
10783000000,-0.00294024927629
10789000000,-0.00255468637439
10795000000,-0.00219339912994
10795000000,-0.00185947064683
10795000000,-0.00155451710797
10829000000,-0.00127906680159
10839000000,-0.00101728841305
10839000000,-0.00080111019711
10858000000,-0.000612646575349
10871000000,-7.40565154363e-05
10874000000,4.30254626902e-05
10874000000,0.000134404467984
10901000000,0.000203617423914
10910000000,0.000778397915426
10920000000,0.000780789257478
10937000000,0.000765264970364
10937000000,0.000735992946488
10937000000,0.000696387094956
10957000000,0.000649615422227
10957000000,0.00109704236733
10982000000,0.00180234006226
10992000000,0.00166471823645
11000000000,0.00151899842724
11002000000,0.00137020266019
11051000000,0.00122217436372
11051000000,0.00107812499613
11051000000,0.00124195839949
11051000000,0.00109296945407
11051000000,0.000951171652114
11070000000,0.00133693454777
11080000000,0.0011799856201
11091000000,-0.000479241735805
11101000000,-0.000538115439322
11116000000,-0.00057241291784
11129000000,-0.000586505561014
11132000000,-0.000584391968627
11142000000,-0.0013096235745
11152000000,-0.00124271364673
11162000000,-0.00116218496116
11168000000,-0.00156657830102
11180000000,-0.00144150551845
11196000000,-0.00131066877433
11197000000,-0.0011781626479
11210000000,-0.0010473378925
11219000000,-0.00092076871679
11230000000,-0.00100134717212
11247000000,-0.000876596248649
11247000000,-0.00075828540606
11248000000,-0.000648051124724
11270000000,-0.000391546756254
11278000000,-0.000309736345261
11293000000,-0.000372192244898
11298000000,-0.000302905433535
11309000000,-0.000241751867366
11330000000,-0.000188086591192
11330000000,-0.000141405390108
11341000000,0.000146672375758
11349000000,0.00016420599037
11376000000,0.000174316770497
11376000000,0.000178398208455
11376000000,-1.03557649013e-05
11386000000,-3.60072655102e-06
11395000000,1.93848413172e-06
11412000000,6.28300665462e-06
11420000000,6.1427475628e-05
11430000000,6.04529321021e-05
11435000000,5.83269067351e-05
11452000000,-0.000201790401751
11461000000,-0.000190992224485
11473000000,-0.000177867059181
11494000000,-0.00016360140348
11494000000,-0.000148687228948
11503000000,-0.000273903966293
11514000000,-0.000251365209411
11527000000,-0.000228008385034
11527000000,-0.00020467868602
11532000000,-0.000494479491519
11545000000,-0.000453349797914
11565000000,-0.000410782537741
11568000000,-0.000675379796015
11582000000,-0.000615866485606
11589000000,-0.000555108005093
11606000000,-0.000494859868908
11612000000,-0.000832264953944
11624000000,-0.000754532081314
11630000000,-0.0006764300634
11648000000,-0.000599694175394
11669000000,-0.000525770215757
11669000000,-0.00045568402535
11674000000,-0.000390217032209
11687000000,-0.000831537743571
11692000000,-0.000745084940517
11703000000,-0.00126279544953
11712000000,-0.00114241933592
11721000000,-0.0010219144204
11732000000,-0.000903998440413
11748000000,-0.00147732051827
11756000000,-0.00133206973282
11765000000,-0.00118762665446
11767000000,-0.00104703895275
11767000000,-0.000912699129539
11790000000,-0.000786294002158
11809000000,-0.00129107795249
11809000000,-0.00114207364417
11809000000,-0.000998997564883
11831000000,-0.000863881830922
11836000000,-0.00155313314329
11850000000,-0.00138282653274
11861000000,-0.00117148777163
11871000000,-0.00101671310344
11877000000,-0.000871807155576
11877000000,-0.000737932596281
11888000000,-0.000615917048387
11909000000,-0.00194172474177
11913000000,-0.00175907266739
11926000000,-0.00157554004108
11940000000,-0.00256509487514
11951000000,-0.00231838736239
11951000000,-0.00207184963246
11951000000,-0.0018311362261
11951000000,-0.002682856255
11982000000,-0.00240284453911
11992000000,-0.00212810273983
11992000000,-0.00298104331832
12014000000,-0.00266843588228
12036000000,-0.00236197504224
12048000000,-0.00206745167816
12050000000,-0.00178905924447
12059000000,-0.00265350064862
12070000000,-0.00234528194145
12077000000,-0.00204967136553
12077000000,-0.00177063445293
12077000000,-0.00151084817115
12118000000,-0.00218980547467
12118000000,-0.0019157400359
12132000000,-0.00165642245064
12132000000,-0.00141479173389
12147000000,-0.00119249969997
12166000000,-0.0020204721923
12172000000,-0.00177153951893
12182000000,-0.00273819676882
12193000000,-0.0024456433457
12213000000,-0.00216003601137
12213000000,-0.00188637694433
12222000000,-0.00162832789201
12232000000,-0.00196572192389
12241000000,-0.00171067349022
12249000000,-0.00147110438941
12254000000,-0.00124951251996
12271000000,-0.00190579462189
12282000000,-0.00166956224468
12290000000,-0.00215795564735
12301000000,-0.00190643534284
12311000000,-0.0016654345598
12324000000,-0.00143800364647
12331000000,-0.00122673852104
12348000000,-0.00179157222408
12348000000,-0.0015707785654
12370000000,-0.00136157097041
12376000000,-0.00116615996735
12388000000,-0.0009860207843
12388000000,-0.000821819421346
12395000000,-0.000673980632165
12414000000,-0.00100223475109
12420000000,-0.000856836863619
12433000000,-0.00119988106242
12446000000,-0.00105026923512
12456000000,-0.000908894183459
12467000000,-0.000777049191142
12476000000,-0.000655539400726
12485000000,-0.000545865003649
12494000000,-0.000446716499001
12501000000,-0.00123660471121
12512000000,-0.00110534524938
12523000000,-0.000977256028494
12529000000,-0.00115920587678
12530000000,-0.00102440706862
12548000000,-0.000895855062538
12548000000,-0.000774329039053
12549000000,-0.000661277889784
12582000000,-0.000700190980149
12592000000,-0.000597280441068
12601000000,-0.000502905475059
12605000000,-0.000627218373559
12605000000,-0.000538869963406
12626000000,-0.000457100745848
12626000000,-0.000382501465507
12656000000,-0.000315355753317
12659000000,-0.000255551756981
12670000000,-0.000202879454884
12681000000,-0.000271199994899
12692000000,-0.000379410297661
12702000000,-0.000328958566563
12711000000,-0.00028171041332
12724000000,-0.000238450005556
12736000000,-0.000161906126278
12744000000,-0.000128963026685
12744000000,-0.000100229566789
12755000000,-7.54007310622e-05
12755000000,-5.49476625359e-05
12756000000,-3.73994260615e-05
12793000000,-0.000131069634188
12805000000,-0.000112468810622
12813000000,-9.55844444294e-05
12822000000,3.69049313085e-05
12830000000,4.36863366808e-05
12849000000,4.74351364959e-05
12858000000,4.92383272959e-05
12862000000,4.92851183366e-05
12873000000,0.000365006315794
12882000000,0.000341803348389
12893000000,0.000526535048808
12896000000,0.000485922043964
12904000000,0.000442537798009
12916000000,0.0003982253148
12916000000,0.000354118483109
12939000000,0.000607374685312
12946000000,0.000548759977974
12961000000,0.000489902938167
12969000000,0.000678504522843
12982000000,0.000607331040886
12993000000,0.000537115395414
13000000000,0.000469579707031
13000000000,0.000405450440342
13018000000,0.000345462777073
13032000000,0.000519025156371
13041000000,0.000453900399009
13052000000,0.000726135924552
13058000000,0.000649504457573
13082000000,0.000574283392725
13082000000,0.000501758266765
13082000000,0.000432986097044
13082000000,0.000368699974626
13105000000,0.000309431496086
13105000000,0.000255475892883
13129000000,0.000206812742461
13140000000,0.000777267958007
13144000000,0.000701010464777
13162000000,0.000624815247214
13177000000,0.00109520160583
13185000000,0.000991899781745
13191000000,0.000887876757627
13199000000,0.000785720516814
13208000000,0.000687116410948
13222000000,0.000593682504758
13231000000,0.000914987609526
13236000000,0.000807217799307
13248000000,0.000703826857464
13261000000,0.000606231895346
13272000000,0.00110670105485
13279000000,0.000984580413557
13285000000,0.000865873207765
13300000000,0.000752575210688
13307000000,0.000646057635562
13321000000,0.000968196328132
13330000000,0.00150001039835
13340000000,0.00134909400604
13350000000,0.0011996738355
13362000000,0.00105459425923
13365000000,0.00122519074767
13377000000,0.0010751874394
13390000000,0.000932548850523
13400000000,0.000798939927895
13410000000,0.000675459325351
13421000000,0.000562874104114
13426000000,0.000850526490621
13439000000,0.000733699388927
13455000000,0.000624903219193
13465000000,0.000847238530544
13474000000,0.00073487076796
13480000000,0.000629590807763
13491000000,0.00088106080943
13501000000,0.000771617195785
13511000000,0.000667802902033
13520000000,0.000570792827357
13532000000,0.000766770284968
13542000000,0.000666909514635
13551000000,0.000573043111281
13557000000,0.000486064822709
13557000000,0.000406396489651
13581000000,0.000563677451269
13592000000,0.000486494210678
13607000000,0.000414595698375
13612000000,0.000348423463988
13620000000,0.000551238053901
13634000000,0.000480372529943
13639000000,0.000413622846131
13645000000,0.00035142798277
13662000000,0.000295834827252
13671000000,0.000291602215934
13681000000,0.000241970384205
13689000000,0.000197284969141
13698000000,0.00043368642414
13708000000,0.000381096407005
13714000000,0.000330759534269
13730000000,0.00028361232401
13742000000,0.00023998927101
13750000000,0.000352848684109
13764000000,0.000307648012759
13781000000,0.000265051576034
13798000000,0.000225557980493
13798000000,0.000189094303453
13798000000,0.000156078103815
13809000000,0.000253957263566
13824000000,0.000315380849619
13833000000,0.000277466992875
13833000000,0.000241342084282
13849000000,0.000207453936437
13856000000,0.000197921836518
13872000000,0.000167663076128
13885000000,0.000140077971268
13892000000,0.000115187680458
13901000000,4.6034203846e-05
13905000000,2.95824508312e-05
13919000000,1.59767723889e-05
13932000000,4.89989261081e-06
13941000000,-4.01833553524e-06
13950000000,-0.00016603391085
13961000000,-0.000161609135703
13970000000,-0.000154469053455
13977000000,-0.000145328832648
13987000000,-0.000261452977653
13996000000,-0.00024194333275
14011000000,-0.000221250168284
14020000000,-0.000199813805782
14028000000,-0.000383900565754
14040000000,-0.000349753705263
14050000000,-0.000314929497564
14058000000,-0.000280312361148
14069000000,-0.000435915682397
14081000000,-0.000392547173047
14088000000,-0.000349365909148
14102000000,-0.000307382524928
14111000000,-0.000427758007619
14122000000,-0.000380870437823
14130000000,-0.000335222566627
14139000000,-0.000607636072875
14147000000,-0.000549130457035
14160000000,-0.000490452743691
14171000000,-0.000611308475505
14182000000,-0.000545511972667
14191000000,-0.000481305140901
14201000000,-0.000419752057431
14210000000,-0.000361676935878
14222000000,-0.000692123290811
14230000000,-0.000618462848831
14235000000,-0.000546317255201
14235000000,-0.000477055834103
14237000000,-0.000411617265069
14265000000,-0.000575077528765
14279000000,-0.000504318777641
14279000000,-0.000437188065302
14300000000,-0.000766327909433
14312000000,-0.00068625499491
14325000000,-0.000607546140211
14333000000,-0.000531726134823
14341000000,-0.000459890106471
14352000000,-0.00067462574827
14356000000,-0.000596245424406
14356000000,-0.000521138949062
14378000000,-0.000784828837921
14384000000,-0.000699217981401
14398000000,-0.00061588860661
14398000000,-0.000536255063639
14419000000,-0.000461268245335
14431000000,-0.000391669243989
14437000000,-0.000598932054297
14437000000,-0.000523082843841
14438000000,-0.000451362998105
14438000000,-0.000384542030107
14477000000,-0.000323087658684
14491000000,-0.00046659243732
14501000000,-0.000767805408002
14512000000,-0.000689052686175
14515000000,-0.000611320656176
14518000000,-0.000536098756393
14535000000,-0.000464640353387
14550000000,-0.00039774430413
14560000000,-0.000378838193054
14572000000,-0.000320024009181
14580000000,-0.000266410638701
14585000000,-0.000577598603446
14597000000,-0.000513707196374
14610000000,-0.000451686839144
14618000000,-0.000543966533706
14630000000,-0.00048011511116
14637000000,-0.000418876088708
14638000000,-0.000361113866203
14653000000,-0.000307561280515
14653000000,-0.000258116437262
14678000000,-0.000485969397052
14678000000,-0.000428910095524
14679000000,-0.000374211162475
14710000000,-0.000322557273066
14717000000,-0.000452586862173
14727000000,-0.000396991130605
14737000000,-0.000344046089927
14751000000,-0.00050041959838
14761000000,-0.000442819025212
14769000000,-0.000424067420513
14777000000,-0.000369248942276
14790000000,-0.000317662541343
14814000000,-0.000269936203086
14814000000,-0.000226166804403
14815000000,-0.000186427937643
14815000000,-0.000150852998126
14851000000,-0.000131672377592
14864000000,-0.000103726438458
14864000000,-7.94229676915e-05
14876000000,-5.86215196125e-05
14884000000,0.00277039048733
14890000000,0.00260157824641
14896000000,0.004998902807
14908000000,0.00463854937438
14916000000,0.00425063067631
14929000000,0.00384972764317
14941000000,0.00344755278992
14952000000,0.00371534635222
14962000000,0.00329385940011
14971000000,0.00307694290048
14981000000,0.00268092227135
14991000000,0.0023087238957
15000000000,0.00196367336164
15011000000,0.00151590462879
15021000000,0.00123728165161
15032000000,0.000989944216118
15041000000,0.000772846291951
15049000000,0.000584396663913
15061000000,0.000422742138972
15071000000,-0.00108551077465
15083000000,-0.00110849338917
15090000000,-0.00110184159457
15099000000,-0.00093090280678
15109000000,-0.000892284361009
15120000000,-0.000841922074504
15129000000,-0.000857414874811
15140000000,-0.000789486562674
15151000000,-0.000718288140946
15159000000,-0.000646111850508
15160000000,-0.000574923884259
15186000000,-0.000505907276053
15197000000,-0.000440194280408
15212000000,-0.000378565372156
15230000000,-0.000321543778841
15230000000,-0.000269386844946
15242000000,-0.000542867902332
15248000000,-0.000483275004235
15251000000,-0.000791894318109
15262000000,-0.00117970970762
15272000000,-0.00107477823897
15279000000,-0.000968016445658
15292000000,-0.000862180579537
15300000000,-0.000759425485342
15310000000,-0.000661428899322
15318000000,-0.000569502762228
15332000000,-0.000484180255821
15336000000,-0.000802047857084
15350000000,-0.000708657722091
15357000000,-0.00061915156552
15368000000,-0.000534685375908
15380000000,-0.000456091833977
15389000000,-0.000861618608263
15396000000,-0.000766776397933
15410000000,-0.000674802582728
15422000000,-0.000587162590767
15427000000,-0.00104852296628
15443000000,-0.000938220010631
15450000000,-0.000830222662566
15458000000,-0.00109826740611
15472000000,-0.000975516371208
15482000000,-0.00116476072841
15491000000,-0.0010335336303
15502000000,-0.00107290700465
15511000000,-0.000942609406482
15526000000,-0.00081877026403
15526000000,-0.000702882150329
15526000000,-0.000595846368484
15552000000,-0.000498060694879
15561000000,-0.000409816885171
15570000000,-0.000453031046862
15581000000,-0.00042538564103
15589000000,-0.000352835451556
15601000000,-0.000287740507358
15610000000,-0.000230135782598
15622000000,-0.000179468864399
15628000000,-0.000218326492954
15639000000,-0.000175550166154
15650000000,-0.000137903282942
15657000000,-0.000105112973272
15672000000,-7.68982385642e-05
15681000000,-3.91026576329e-05
15692000000,-1.99786622839e-05
15700000000,-4.45340893965e-06
15710000000,9.26950417448e-05
15718000000,9.73577478761e-05
15730000000,9.88738338848e-05
15737000000,9.78734440761e-05
15750000000,9.47653112676e-05
15761000000,9.02404437619e-05
15769000000,8.46715163701e-05
15772000000,7.01574815984e-05
15772000000,6.38693703781e-05
15795000000,0.000109297532245
15805000000,9.96802846452e-05
15818000000,9.60087902032e-05
15831000000,8.57528168382e-05
15848000000,7.57836393967e-05
15851000000,6.62127470007e-05
15868000000,5.71503001595e-05
15868000000,0.000101041349642
15881000000,8.98856093571e-05
15890000000,6.34555359351e-05
15900000000,5.38809520213e-05
15914000000,4.51831714934e-05
15923000000,3.72858080931e-05
15931000000,2.45911424416e-05
15940000000,-0.000161333468994
15952000000,-0.000154513058548
15958000000,-0.000145718656499
15972000000,-0.000135698435375
15983000000,-0.000202869218883
15995000000,-0.000186546496697
16003000000,-0.000169552642841
16012000000,-0.000178685700506
16021000000,-0.000160321626823
16031000000,-0.000142290842691
16036000000,-0.000125067750332
16049000000,-0.000121796161125
16062000000,-0.00010572277144
16071000000,-9.07421335193e-05
16082000000,-7.6973498164e-05
16091000000,0.000341669584492
16110000000,0.000327488003072
16117000000,0.000308862509617
16125000000,0.000287199002343
16131000000,0.000263956977766
16144000000,0.000542416605189
16151000000,0.000498229091497
16159000000,0.000452482368592
16171000000,0.000406579433713
16181000000,-0.00511085224267
16189000000,-0.00481125846842
16193000000,-0.00446709045372
16193000000,-0.00409563911393
16193000000,-0.00380072403417
16193000000,-0.00629407009401
16221000000,-0.00571721955582
16221000000,-0.00513449683468
16262000000,-0.00636925596387
16271000000,-0.00571335941425
16280000000,-0.00506816119297
16292000000,-0.00444606623845
16299000000,-0.00438486997114
16301000000,-0.00380028827471
16310000000,-0.00325439403475
16310000000,-0.00275137646266
16310000000,-0.00229318707376
16310000000,-0.00183467275591
16351000000,-0.00147026967596
16370000000,-0.000559420115435
16370000000,-0.000314269794067
16391000000,-0.000114031632649
16401000000,4.62849027537e-05
16410000000,0.000171552514072
16420000000,0.00113217994605
16434000000,0.00115372984165
16442000000,0.00114495521967
16452000000,0.00218633249382
16460000000,0.00207268258626
16479000000,0.00193665638998
16486000000,0.00178591124413
16490000000,0.00162716567655
16502000000,0.00262258740634
16509000000,0.00239436022375
16509000000,0.00216076493806
16531000000,0.00192820883794
16537000000,0.00170166529385
16542000000,0.00266242821181
16562000000,0.00238743912291
16574000000,0.0031954610076
16579000000,0.00287010716377
16587000000,0.00254926518757
16601000000,0.00223919259193
16607000000,0.00194455743194
16620000000,0.00262702483911
16631000000,0.00231060050829
16631000000,0.00200936315333
16653000000,0.00172677077152
16658000000,0.00237500756033
16659000000,0.00208119280029
16665000000,0.00180287036691
16688000000,0.0015429924532
16695000000,0.0013033133807
16711000000,0.00190261747834
16721000000,0.00165168280429
16735000000,0.00141671745669
16740000000,0.0019375439763
16752000000,0.00169605612164
16758000000,0.00146759690806
16772000000,0.0012543714917
16785000000,0.0016448889266
16795000000,0.00142871902616
16795000000,0.00122615003264
16811000000,-0.000925809520544
16811000000,-0.000978876605804
16832000000,-0.000998973221907
16842000000,-0.000992757563678
16852000000,-0.00129794595709
16857000000,-0.00123455144077
16871000000,-0.00115722937973
16882000000,-0.00107068046224
16894000000,-0.000737984185766
16899000000,-0.000658990687273
16911000000,-0.000582271449096
16919000000,-0.000509132465316
16931000000,-0.000440341076306
16944000000,1.70161830438e-05
16952000000,5.06864342342e-05
16960000000,7.57817713819e-05
16960000000,9.3590984101e-05
16962000000,0.000105274496968
16991000000,0.00056488286695
16999000000,0.000539990212789
16999000000,0.000507961255143
17022000000,0.000471024080973
17031000000,0.000935671117911
17042000000,0.000861266025185
17042000000,0.00078309441787
17057000000,0.00127067209418
17058000000,0.00115717758658
17075000000,0.00104152204431
17076000000,0.000926746154942
17101000000,0.00144485628434
17112000000,0.00130328047189
17121000000,0.00116220910368
17121000000,0.00102470615436
17141000000,0.00158308712264
17151000000,0.00142056088416
17159000000,0.00126030562825
17169000000,0.00110550036235
17180000000,0.000958479437816
17189000000,0.00474089259386
17201000000,0.00437350735492
17212000000,0.00612022085764
17219000000,0.005597165006
17233000000,0.00505952647874
17243000000,0.00452245421574
17253000000,0.00399786214081
17267000000,0.0034949002219
17276000000,0.0030202772952
17283000000,0.00358802562599
17292000000,0.00340528839882
17302000000,0.00295030074518
17312000000,0.00252569147302
17322000000,0.00213453358476
17332000000,0.00141727008572
17340000000,0.00111919916506
17350000000,0.000859215780811
17357000000,0.000635214761346
17357000000,0.000444615112044
17359000000,0.000284590849705
17388000000,-0.000531725861182
17396000000,-0.000594569948857
17397000000,-0.000630592434261
17418000000,-0.00164911713357
17428000000,-0.00158670974472
17438000000,-0.00150169963044
17452000000,-0.00140084888688
17464000000,-0.00228726850573
17468000000,-0.00210417102608
17481000000,-0.00191249670148
17491000000,-0.00171844795182
17502000000,-0.00152687739198
17511000000,-0.00134129675999
17523000000,-0.00116469759834
17531000000,-0.00206894396475
17541000000,-0.00184452419995
17552000000,-0.00267104645862
17558000000,-0.0023925930175
17572000000,0.000398896537572
17579000000,0.000517772325636
17588000000,0.000600194394402
17600000000,0.000652117982838
17612000000,0.00130302555487
17621000000,0.00126937408022
17636000000,0.00121484113845
17642000000,0.00114492218917
17652000000,0.00099959978928
17660000000,0.000916785833603
17669000000,0.000831521690232
17678000000,0.000746219529468
17692000000,0.000662842233958
17701000000,0.00022858620944
17712000000,0.000175498159627
17722000000,0.000130333928725
17732000000,9.24918840686e-05
17742000000,-0.000443484496314
17747000000,-0.00043862470682
17756000000,-0.000424370905314
17756000000,-0.000403032690479
17756000000,-0.000376745728771
17756000000,-0.000347077119243
17756000000,-0.000315125159094
17756000000,-0.000282225639983
17756000000,-0.000882293310345
17756000000,-0.000808770356418
17756000000,-0.00073203724725
17818000000,-0.00174554874921
17818000000,-0.00160244931719
17856000000,-0.00145292459278
17882000000,-0.00233603423764
17889000000,-0.00212785150971
17897000000,-0.00194454815758
17905000000,-0.00267747908409
17906000000,-0.00241026564945
17906000000,-0.00214489292784
17941000000,-0.00279594067806
17952000000,-0.00249458548952
17963000000,-0.00220025383447
17972000000,-0.00191804379936
17979000000,-0.00785646085271
17986000000,-0.00722756150655
18001000000,-0.00656943401701
18009000000,-0.00860378423398
18021000000,-0.00779738184586
18030000000,-0.0069866061699
18039000000,-0.00619026227172
18052000000,-0.0054231458823
18062000000,-0.00634698454934
18071000000,-0.00556689442707
18082000000,-0.0048268193129
18091000000,-0.00413435660599
18102000000,-0.00521638060611
18109000000,-0.00453243473123
18113000000,-0.00389111294934
18131000000,-0.00329773946098
18141000000,-0.00275560460197
18150000000,-0.00231997617281
18153000000,-0.00362715254638
18173000000,-0.00525791216316
18183000000,-0.00466993741438
18192000000,-0.00410137471906
18202000000,-0.00356089335153
18216000000,-0.00487575387412
18216000000,-0.00428930860294
18242000000,-0.00373057857107
18243000000,-0.00320621668752
18251000000,-0.00272080906016
18263000000,-0.0106671441345
18271000000,-0.00971811427688
18279000000,-0.00875250513498
18289000000,-0.00789765962088
18301000000,-0.0102418547884
18312000000,-0.00913170585689
18321000000,-0.00805259064687
18330000000,-0.00702216195753
18341000000,-0.00590615750893
18351000000,-0.00501563277597
18361000000,-0.00420200911876
18373000000,-0.00346736688226
18383000000,-0.000639293660989
18383000000,-0.000181279533258
18383000000,0.000182880752821
18410000000,0.0039579610118
18421000000,0.00396403732337
18431000000,0.00387931934981
18440000000,0.00372486359429
18450000000,0.003518780861
18464000000,0.00327657603717
18464000000,0.00680281101703
18476000000,0.00628749184875
18491000000,0.00981673749573
18501000000,0.0089998286314
18508000000,0.00815370423373
18514000000,0.00730310236831
18531000000,0.00646844738476
18546000000,0.00967022438151
18554000000,0.0086685697029
18562000000,0.00768415619557
18570000000,0.00673545527941
18581000000,0.00372665322655
18590000000,0.00300171465994
18599000000,0.00236195488331
18611000000,0.00180385666545
18616000000,0.00108007688972
18630000000,0.00068629631327
18640000000,0.000359586026544
18650000000,-0.00896902046708
18658000000,-0.00866272457503
18671000000,-0.00822844557627
18683000000,-0.00770329896873
18692000000,-0.00711833204039
18702000000,-0.00649935201162
18713000000,-0.00586741214315
18719000000,-0.00676404340032
18731000000,-0.00605153063264
18741000000,-0.0048096902983
18752000000,-0.00417472044094
18761000000,-0.00358250754215
18768000000,-0.00114091494017
18787000000,-0.000758808223689
18791000000,-0.000442288307761
18794000000,-0.000184325063649
18794000000,2.11783399565e-05
18821000000,0.000180786602065
18830000000,0.00265626496371
18837000000,0.00260063881986
18852000000,0.00249669241848
18859000000,0.00461319090808
18871000000,0.00430147914344
18880000000,0.00395756767176
18892000000,0.00359582251227
18902000000,0.00606062802088
18911000000,0.0055079187371
18918000000,0.00494698635116
18918000000,0.00439217076089
18935000000,0.00385486135242
18949000000,0.00672999574392
18962000000,0.00603278201463
18973000000,0.0297163733728
18974000000,0.0276928448707
18974000000,0.0254736114723
18998000000,0.0231526710065
18998000000,0.020803798936
18998000000,0.018485782916
18998000000,0.0162432432794
18999000000,0.0141106370621
19051000000,0.0267744379727
19060000000,0.0338738957343
19065000000,0.0306705724461
19079000000,0.0274582818602
19080000000,0.0243115466368
19106000000,0.0244853197879
19112000000,0.021427399759
19139000000,0.0185371485844
19139000000,0.0158438595965
19164000000,0.0133662030451
19164000000,0.00909044250776
19188000000,0.00729191461255
19188000000,0.00571122598341
19188000000,0.00427127175394
19201000000,0.00264910820754
19209000000,0.00168163516133
19219000000,-0.00354782426867
19225000000,-0.00390799128355
19229000000,-0.0041040052741
19229000000,-0.00416599918847
19261000000,-0.00844763821502
19273000000,-0.00805335083979
19280000000,-0.00756152713227
19291000000,-0.00700377262367
19300000000,-0.0114309892282
19310000000,-0.0104879723165
19321000000,-0.00950899498799
19330000000,-0.00852334293716
19342000000,-0.00755456331435
19348000000,-0.0110940369308
19360000000,-0.0099588460984
19371000000,-0.00883948445472
19387000000,-0.0127574363682
19387000000,-0.0114236273256
19387000000,-0.0101150223058
19387000000,-0.00885580134678
19424000000,-0.00766365715074
19424000000,-0.00655106127198
19424000000,-0.00552600124077
19424000000,-0.00459311676064
19456000000,-0.00775794057329
19469000000,0.0036694912688
19470000000,0.00403556646046
19495000000,0.00830119414921
19505000000,0.0081158215889
19512000000,0.00779013687119
19517000000,0.00736103770522
19531000000,0.00685972963296
19542000000,0.00615915763358
19548000000,0.00559873268025
19557000000,0.00503415171091
19571000000,0.00289643921155
19581000000,0.00245181519769
19591000000,0.00204895375752
19596000000,0.001687509182
19611000000,0.00136751864296
19618000000,-0.0211062949699
19630000000,-0.0198706008143
19641000000,-0.0184494954941
19651000000,-0.0169141609281
19661000000,-0.029977843438
19669000000,-0.0274600730974
19681000000,-0.0248593320745
19692000000,-0.0222506479031
19701000000,-0.0272746285131
19710000000,-0.0243518228336
19719000000,-0.0215013759808
19732000000,-0.0240879613675
19741000000,-0.0211959226459
19754000000,-0.0184412292534
19761000000,-0.0158555012607
19770000000,-0.0148011647413
19782000000,-0.0125309793787
19791000000,-0.0104600325432
19802000000,-0.00859251951764
19815000000,-0.006927363301
19822000000,-0.00545939812974
19826000000,0.0136957999088
19840000000,0.0136327079881
19857000000,0.0132791545456
19857000000,0.0164279438782
19870000000,0.0154733684393
19891000000,0.0143758998847
19891000000,0.0131901376877
19900000000,0.0104383660101
19900000000,0.00929514745614
19908000000,0.00818724131213
19931000000,0.0071319088716
19942000000,0.00614157640427
19951000000,0.00273397118247
19962000000,0.00204807831341
19971000000,-0.000890929079631
19981000000,-0.00124933425802
19992000000,-0.00150296350047
20002000000,-0.00166846641531
20012000000,-0.0017608828196
20020000000,-0.00392836407001
20029000000,-0.00379116262751
20037000000,-0.00359785731498
20051000000,-0.00336433070641
20060000000,-0.00525714844934
20069000000,-0.00484751655665
20079000000,-0.00441587497992
20089000000,-0.00397657133169
20101000000,-0.00571022757406
20112000000,-0.00514893313963
20121000000,-0.00459119639475
20130000000,-0.00404872446955
20139000000,-0.0099416400087
20149000000,-0.00909630117956
20158000000,-0.00822625945198
20169000000,-0.00735671407906
20177000000,-0.00650714878869
20191000000,-0.00569244431319
20200000000,-0.00729176058808
20210000000,-0.00659003630059
20222000000,-0.00575881641616
20230000000,-0.00497551146019
20240000000,-0.00424752691063
20251000000,-0.00357946296706
20259000000,-0.00297376718915
20270000000,-0.000116595531014
20281000000,0.000210634991643
20288000000,0.000462745376426
20301000000,0.00422131039311
20312000000,0.00414848013371
20312000000,0.0039970936644
20339000000,0.00378722880005
20339000000,0.00353570690173
20355000000,0.00325698931949
20369000000,0.00296302561572
20369000000,0.00647731123733
20370000000,0.00596752012218
20370000000,0.0054307118498
20370000000,0.00488499070297
20370000000,0.00434393826612
20418000000,-0.00318181360953
20429000000,-0.00327183611272
20443000000,-0.00327124703713
20448000000,-0.00867303469115
20462000000,-0.00820160863078
20465000000,-0.00764818824664
20489000000,-0.00704295582623
20489000000,-0.00641059570176
20489000000,-0.00577104194104
20515000000,-0.00241421915684
20519000000,-0.00198234596772
20531000000,-0.00159996825768
20538000000,0.00104348071663
20551000000,0.00118592580403
20558000000,0.00126884606033
20558000000,0.00130311627438
20580000000,0.00383036273778
20590000000,0.00365667764075
20597000000,0.00343525263413
20608000000,0.00318134933301
20621000000,0.0302739162624
20631000000,0.0283474093817
20641000000,0.026192002793
20648000000,0.0239046883529
20662000000,0.037452770594
20670000000,0.034085832021
20679000000,0.0306674506326
20691000000,0.0371156661015
20702000000,0.0333000770647
20711000000,0.0295466470308
20722000000,0.0259253934448
20731000000,0.0224894519363
20744000000,0.0236514672876
20753000000,0.0204121859858
20761000000,0.0174015145572
20772000000,0.0146381145157
20782000000,0.0120435431279
20793000000,0.00980108932615
20802000000,0.00781343056281
20809000000,0.00607116440812
20821000000,0.0035040412799
20830000000,0.00228068178959
20841000000,0.00126500153393
20852000000,0.000435565974073
20863000000,-0.000228290142383
20866000000,-0.0150177951303
20879000000,-0.0144596280263
20890000000,-0.0136964143952
20900000000,-0.0152013515949
20916000000,-0.0140549936356
20920000000,-0.0128372446455
20924000000,-0.0115903103456
20941000000,-0.00900657445985
20950000000,-0.00788383397628
20961000000,-0.00682254133536
20972000000,-0.00407355401673
20981000000,-0.00327369813275
20987000000,-0.0025700189376
21001000000,-0.0019575451597
21010000000,-0.00143070726073
21020000000,-0.000983093690927
21025000000,0.000738935589865
21038000000,0.000960806277758
21038000000,0.00111467616181
21055000000,0.00121141590255
21062000000,-0.000684248852012
21073000000,-0.000555479353851
21088000000,-0.000440741755851
21098000000,-0.00282013154917
21122000000,-0.00257308545708
21122000000,-0.00231994764324
21131000000,-0.00451298739619
21140000000,-0.00412673208525
21147000000,-0.00372875928545
21152000000,-0.00333055151708
21162000000,-0.00294106077901
21183000000,-0.00567919955005
21189000000,-0.00512262810046
21203000000,-0.00456851307971
21213000000,-0.00402832268547
21219000000,-0.00351101545624
21233000000,-0.00572289263393
21244000000,-0.00509680808416
21251000000,0.00498096490082
21262000000,0.00500656804795
21271000000,0.0049157192
21282000000,0.0047354245505
21293000000,0.00448912623045
21302000000,0.00667171042803
21311000000,0.00618371093818
21313000000,0.00566240665579
21327000000,0.00512658918243
21339000000,0.00459108927461
21348000000,0.00406778474771
21360000000,0.00353695292145
21360000000,0.0030658924186
21380000000,0.00155849400248
21390000000,0.00121795654588
21402000000,0.000924438738654
21412000000,-0.00090862681279
21421000000,-0.00103270537552
21431000000,-0.00110508215429
21442000000,-0.00113502952997
21451000000,-0.00113092897264
21463000000,-0.00305074821709
21475000000,-0.00287466976211
21481000000,-0.00266935749288
21481000000,-0.00244608225532
21497000000,-0.00473665795173
21511000000,-0.00435606892685
21522000000,-0.00395608621012
21531000000,-0.0295469681832
21544000000,-0.0276935745233
21548000000,-0.0256079561503
21569000000,-0.0233894921402
21569000000,-0.0211159306607
21569000000,-0.018848973219
21588000000,-0.0308264370296
21596000000,-0.0277651301216
21608000000,-0.0247293401803
21635000000,-0.0298994734692
21638000000,-0.0265784739911
21638000000,-0.0233655223435
21651000000,-0.0203087414607
21656000000,-0.0200451907404
21669000000,-0.017222607102
21679000000,-0.0146116989587
21692000000,-0.01222613077
21707000000,-0.0106753329201
21714000000,-0.00871240341739
21722000000,-0.00696973845482
21728000000,-0.00370867583878
21744000000,-0.00248239846491
21753000000,-0.00146014733855
21759000000,-0.000621642816043
21768000000,5.31930626069e-05
21778000000,0.00344807514292
21793000000,0.00367327058296
21803000000,0.00376850742634
21817000000,0.00375896348647
21819000000,0.00761233913806
21830000000,0.00719462219857
21840000000,0.00670396845736
21850000000,0.0105980379387
21860000000,0.0097936922095
21868000000,0.00894045886447
21875000000,0.00806719368122
21888000000,0.0071976241548
21899000000,0.010610231688
21910000000,0.00952676239433
21921000000,0.00845886248175
21927000000,0.0115186312425
21936000000,0.0102709119619
21949000000,0.00905665068734
21961000000,0.00789589822533
21971000000,0.000328656137924
21982000000,-0.000288292782329
21990000000,-0.000769172464625
22001000000,-0.00113203116853
22005000000,-0.00306276075989
22009000000,-0.00313939930761
22027000000,-0.00313108217606
22041000000,-0.00305607406777
22049000000,-0.00267908944516
22060000000,-0.00253102275811
22070000000,-0.00235911251719
22081000000,-0.00217272314658
22088000000,-0.000981779850098
22095000000,-0.000850806308747
22109000000,-0.000730587053788
22122000000,-0.000621551978042
22125000000,0.0181262147745
22139000000,0.0170680828383
22145000000,0.0158503019967
22160000000,0.0145336031155
22163000000,0.0239013673103
22176000000,0.0218697978241
22192000000,0.019777299383
22195000000,0.0176837621878
22196000000,0.0156365112752
22220000000,0.0207813962388
22228000000,0.0184790778224
22238000000,0.0162493034945
22238000000,0.0141267145682
22260000000,0.0157784642952
22273000000,0.0137178202656
22273000000,0.0117854939443
22273000000,0.00999793016167
22273000000,0.00836389696038
22273000000,-0.00983824217457
22321000000,-0.010110008698
22329000000,-0.0100997308768
22341000000,-0.00996974109748
22351000000,-0.0128534109925
22372000000,-0.0121003793724
22372000000,-0.0112377830329
22379000000,-0.00891782590728
22391000000,-0.0080433117347
22403000000,-0.0071756707207
22409000000,-0.00389155589285
22418000000,-0.00323034571746
22429000000,-0.00263820690889
22434000000,-0.002113748194
22452000000,0.000917515235127
22452000000,0.00117135971009
22470000000,0.00134370402747
22482000000,0.00144816619159
22490000000,0.00149685981742
22501000000,0.0015006427302
22511000000,0.00394936752496
22523000000,0.00374811636161
22523000000,0.00350437783678
22528000000,0.00323269793513
22551000000,0.00566160579673
22552000000,0.00521629453158
22571000000,0.00474732665993
22580000000,0.00427074681477
22591000000,0.00659794181353
22596000000,0.00596782305897
22610000000,0.00533670926576
22621000000,0.00471898676002
22621000000,0.0182407375288
22640000000,0.0167768688693
22650000000,0.0152474255441
22658000000,0.0137003778831
22676000000,0.0198020297367
22683000000,0.0178479288456
22690000000,0.0184757360272
22706000000,0.0164437752559
22706000000,0.0144743416225
22720000000,0.0125984909436
22732000000,0.0107502546868
22734000000,0.00912567732789
22741000000,0.00764153565707
22754000000,0.0063013424829
22766000000,0.00510465907228
22779000000,0.00404796919473
22789000000,0.00312534124892
22801000000,-0.288492338247
22811000000,-0.271325347573
22817000000,-0.751622787475
22831000000,-0.698541711196
22842000000,-0.641085122886
22853000000,-0.581469227898
22862000000,-0.948911494521
22875000000,-0.866131122421
22879000000,-0.781511970815
22889000000,-0.697366289619
22901000000,-1.01085765859
22910000000,-0.906259025997
22921000000,-0.80358660487
22931000000,-0.704733309735
22942000000,-0.949714576572
22952000000,-0.840618399195
22958000000,-0.735889289962
22969000000,-0.91427910047
22985000000,-0.806958038903
22989000000,-0.704424202978
23001000000,-0.607933644035
23011000000,-0.518365262629
23023000000,-0.596510088799
23032000000,-0.512951058273
23038000000,-0.435722142551
23052000000,-0.537754657166
23061000000,-0.462863607148
23067000000,-0.393604595821
23081000000,-0.330335488849
23091000000,-0.250645025008
23095000000,-0.20098871486
23096000000,-0.157512640806
23120000000,-0.119878443022
23127000000,-0.0224800042319
23138000000,0.000679304341235
23151000000,0.0187508426666
23161000000,0.0324294933027
23166000000,0.171067997364
23175000000,0.170524693592
23188000000,0.166072102977
23201000000,0.158649287591
23205000000,0.346599927247
23219000000,0.323366915951
23229000000,0.29763889688
23240000000,0.270529348111
23250000000,0.404933675312
23259000000,0.367092141857
23270000000,0.32882700002
23280000000,0.291083482965
23280000000,0.254592512873
23301000000,0.219921514821
23305000000,0.187491981417
23350000000,0.432664180368
23350000000,0.386895818771
23350000000,0.341915986584
23350000000,0.298563098066
23350000000,0.546433299714
23350000000,0.491072562755
23350000000,0.436255011649
23350000000,0.383021442309
23350000000,0.722551272718
23409000000,0.65137756389
23415000000,0.58044521078
23432000000,0.518844423366
23440000000,0.450470443603
23451000000,0.973227445682
23461000000,0.882668390497
23472000000,0.79125435909
23472000000,0.701286559634
23472000000,0.614466688836
23501000000,0.725801840249
23508000000,0.637619496065
23520000000,0.553641616063
23531000000,0.705875286834
23541000000,0.618401028379
23547000000,0.535364975896
23567000000,0.457691578186
23571000000,0.385983294578
23580000000,0.320579318073
23591000000,0.41365830621
23600000000,0.352437388403
23603000000,0.296018127945
23619000000,0.419091391744
23631000000,0.363159426448
23638000000,0.310687263159
23651000000,0.497396904487
23657000000,0.438597278698
23668000000,0.382258384402
23668000000,0.329066466219
23695000000,0.27952864595
23702000000,0.234005275551
23712000000,0.294067659404
23720000000,0.250212385249
23731000000,0.20983953719
23741000000,0.354920906056
23747000000,0.309848600317
23757000000,0.267162271804
23762000000,0.227343248394
23782000000,0.255664963255
23790000000,0.21807514787
23796000000,0.183387821188
23811000000,0.151791080616
23819000000,0.245920062203
23829000000,0.212390845562
23840000000,0.181043867894
23852000000,0.152126856664
23862000000,0.16388162553
23863000000,0.13791405309
23880000000,0.114228828113
23890000000,0.0928999626389
23898000000,0.0738560668805
23918000000,0.118547233759
23918000000,0.100124896706
23930000000,0.0832415100055
23941000000,0.0679541620989
23951000000,0.0821868788717
23973000000,0.068360728277
23973000000,0.055824285203
23997000000,0.0445844066115
23997000000,0.0346319542077
24010000000,0.0181983964547
24020000000,0.0111104894601
24029000000,0.00519613942547
24041000000,0.000358839842799
24041000000,-0.00352893662916
24041000000,-0.00659226844485
24056000000,-0.0181005472273
24070000000,-0.114596846573
24082000000,-0.109800522147
24090000000,-0.103602484827
24102000000,-0.12616736967
24111000000,-0.1164552017
24119000000,-0.106240145141
24129000000,-0.0958468244086
24137000000,-0.16058754523
24152000000,-0.146387307018
24160000000,-0.131933774304
24168000000,-0.117605944609
24180000000,-0.103692862248
24192000000,-0.0904214146671
24197000000,-0.149587004848
24210000000,-0.13333440811
24221000000,-0.117541768597
24231000000,-0.217003598432
24240000000,-0.19593937964
24248000000,-0.259407879397
24261000000,-0.233862227523
24268000000,-0.208479132684
24278000000,-0.183790556438
24285000000,-0.160199122758
24300000000,-0.246071949372
24308000000,-0.218545799642
24310000000,-0.191940919225
24310000000,-0.166650137176
24336000000,-0.252671167773
24349000000,-0.224317769811
24360000000,-0.196913396737
24377000000,-0.170869922749
24377000000,-0.146480079531
24388000000,0.0523067998532
24398000000,0.0632420775879
24413000000,0.398895416989
24422000000,0.385152215474
24429000000,0.365796853016
24441000000,0.342419923424
24451000000,0.3164002159
24461000000,0.61435927298
24470000000,0.565423203324
24480000000,0.514291288042
24493000000,0.462575579244
24502000000,0.734858293103
24511000000,0.667490033801
24522000000,0.599526855307
24531000000,0.532651767856
24540000000,0.689263174546
24547000000,0.61447089125
24559000000,0.541910807662
24567000000,0.472736705604
24572000000,0.407785044505
24592000000,0.522152652613
24601000000,0.456155570354
24608000000,0.394063941419
24621000000,0.336469852335
24630000000,0.35327700666
24645000000,0.301475632849
24651000000,0.25409810366
24661000000,0.195102006015
24673000000,0.157877679628
24682000000,0.125179800706
24696000000,0.0967968929409
24705000000,0.0725095050571
24713000000,-0.0332829339055
24723000000,-0.0457163092637
24733000000,-0.219287487787
24741000000,-0.214206952647
24750000000,-0.205198590819
24761000000,-0.193304156162
24775000000,-0.179311525325
24781000000,-0.340257772811
24792000000,-0.313881652241
24799000000,-0.285790552083
24808000000,-0.256979246103
24822000000,-0.228275954561
24831000000,-0.549609536704
24840000000,-0.499962406306
24851000000,-0.449337603326
24862000000,-0.399078299117
24870000000,-0.573147351652
24885000000,-0.513731350221
24890000000,-0.45513154554
24900000000,-0.39855137128
24911000000,-0.344713674355
24919000000,-0.647148055985
24931000000,-0.576952053835
24942000000,-0.939716414563
24954000000,-0.84990630408
24958000000,-0.759796113428
24971000000,-1.0011912108
24981000000,-0.897926481933
24995000000,-0.796077712364
25001000000,-0.697683043664
25009000000,-0.869304236693
25010000000,-0.767317626604
25022000000,-0.669512831626
25025000000,-0.577226168137
25025000000,-0.491331290039
25029000000,-0.412301766601
25072000000,-0.348681674762
25080000000,-0.547307598403
25090000000,-0.813168526738
25101000000,-0.721954054012
25112000000,-0.633674702876
25123000000,-0.549722311594
25130000000,-0.470940523392
25130000000,-0.559137621109
25151000000,-0.482803578749
25159000000,-0.411565815644
25172000000,-0.345948766219
25181000000,-0.563969167564
25190000000,-0.492200772239
25200000000,-0.424356485814
25210000000,-0.361116100017
25220000000,-0.435011430864
25230000000,-0.374374359153
25242000000,-0.317966876633
25251000000,-0.266169314315
25261000000,-0.464362437674
25272000000,-0.407537639062
25280000000,-0.353381802425
25289000000,-0.302570258086
25300000000,-0.357219543964
25313000000,-0.307453554098
25322000000,-0.261152411062
25331000000,-0.218657874987
25342000000,-0.352996910216
25352000000,-0.307757311705
25362000000,-0.265022000858
25370000000,-0.304972492389
25381000000,-0.264029660615
25390000000,-0.225691589688
25399000000,-0.190280801256
25410000000,-0.158002588351
25421000000,-0.128849182884
25422000000,-0.194609538448
25442000000,-0.166524393333
25452000000,-0.200613148762
25463000000,-0.173543224217
25470000000,-0.148209436934
25483000000,-0.124840227012
25493000000,-0.103503127029
25499000000,-0.0923586822919
25514000000,-0.0747027876286
25522000000,-0.0590080968593
25530000000,-0.0774186168523
25542000000,-0.0636464870678
25552000000,-0.0512965807046
25562000000,-0.0403389403485
25570000000,0.00589302955018
25581000000,0.0122513236907
25589000000,0.0170655383008
25598000000,0.0205453792745
25612000000,0.0228902665061
25619000000,0.311783007998
25631000000,0.293591352348
25638000000,0.27274568362
25647000000,0.250263556579
25659000000,0.697649621678
25670000000,0.644746101913
25683000000,0.588663644063
25690000000,0.531327044261
25702000000,0.961671549808
25711000000,0.874300798186
25719000000,0.785916166469
25729000000,0.698708965693
25742000000,1.11398291296
25751000000,1.00517174702
25759000000,0.896946538952
25772000000,1.2376268062
25779000000,1.11203149269
25791000000,0.988180572956
25802000000,0.868507317008
25809000000,1.12311760226
25820000000,0.994543830904
25828000000,0.871008649577
25841000000,0.754210071749
25852000000,0.928932836568
25860000000,0.811334420948
25871000000,0.700561813724
25879000000,0.597651668794
25891000000,0.503242992203
25900000000,0.594082430976
25912000000,0.506283078636
25923000000,0.425823646036
25931000000,0.352971560882
25940000000,0.429262892257
25950000000,0.36208812907
25961000000,0.301139912054
25970000000,0.246465183519
25982000000,0.250338218638
25992000000,0.204689393104
26002000000,0.164243276053
26011000000,0.153791996611
26021000000,0.121741181662
26034000000,0.0938835352968
26035000000,0.0699524533791
26035000000,0.0496518370686
26039000000,0.0326480877607
26070000000,-0.0732344324855
26081000000,-0.0792692050848
26091000000,-0.082102644528
26101000000,-0.0823495395552
26115000000,-0.0805524022711
26123000000,-0.0771838780558
26132000000,-0.136001834156
26142000000,-0.126469169735
26153000000,-0.284546879358
26160000000,-0.263587312012
26168000000,-0.240998845817
26182000000,-0.354530459553
26191000000,-0.321961507026
26202000000,-0.288940152228
26212000000,-0.256319840196
26222000000,-0.22468153089
26231000000,-0.357697345519
26235000000,-0.318954585388
26250000000,-0.281103793918
26266000000,-0.244806081695
26271000000,-0.21055645049
26285000000,-0.354557812481
26295000000,-0.313569570789
26299000000,-0.468646432897
26306000000,-0.420028611643
26321000000,-0.372123276115
26334000000,-0.506764302161
26339000000,-0.451022897062
26348000000,-0.396866266061
26348000000,-0.345139212277
26372000000,-0.39487405156
26383000000,-0.34404169678
26391000000,-0.296097734303
26406000000,-0.251510845176
26406000000,-0.210571241166
26418000000,-0.173451657796
26429000000,-0.320388500376
26441000000,-0.27928932361
26446000000,-0.346289768284
26460000000,-0.303642112988
26469000000,-0.263066633473
26479000000,-0.22503662097
26490000000,-0.354151146988
26502000000,-0.312923403466
26509000000,-0.273244698837
26520000000,-0.235695687193
26530000000,-0.290225935205
26534000000,-0.252361867254
26551000000,-0.216724964524
26560000000,-0.18365277903
26569000000,-0.268184632323
26578000000,-0.234158780465
26590000000,-0.201944273763
26598000000,-0.171893283587
26598000000,-0.144222647448
26621000000,-0.119052596441
26628000000,-0.187653166842
26635000000,-0.162206763615
26652000000,-0.138401970986
26661000000,-0.161774659581
26670000000,-0.138682254525
26677000000,-0.11725626521
26691000000,-0.0976284101942
26700000000,-0.142882760247
26712000000,-0.123217325635
26717000000,-0.104871935309
26730000000,-0.087943563112
26736000000,-0.0725270331527
26753000000,-0.0600588376259
26767000000,-0.0476280300753
26775000000,-0.0366709916805
26784000000,-0.0752009432584
26791000000,-0.064384636857
26805000000,-0.0543253809263
26818000000,-0.0450943510933
26832000000,-0.0367283804415
26832000000,-0.0292351420635
26843000000,-0.0226013529003
26853000000,-0.0235818396029
26863000000,-0.0182417843218
26872000000,-0.0135536417378
26879000000,-0.00948760110083
26880000000,-0.00600996747822
26899000000,-0.00307708432973
26909000000,0.0255480084267
26922000000,0.02592132349
26931000000,0.025670886871
26942000000,0.0406365016692
26948000000,0.0386763399089
26960000000,0.0363046930413
26972000000,0.0336605551786
26982000000,0.0724168517058
26989000000,0.0668336046154
27001000000,0.0609609203758
27008000000,0.0549909217952
27020000000,0.0950205518113
27032000000,0.0863495625334
27041000000,0.0776034595579
27050000000,0.121411895463
27056000000,0.109946719402
27067000000,0.0984610841416
27081000000,0.0872138704382
27090000000,0.141032762936
27101000000,0.127018258116
27106000000,0.113133855819
27119000000,0.0996612025044
27128000000,0.0868123601728
27143000000,0.074740505661
27151000000,0.132480089505
27162000000,0.117729521722
27172000000,0.17506218851
27178000000,0.157385548423
27192000000,0.139917799498
27200000000,0.123006124403
27210000000,0.10691010947
27220000000,-0.117681392296
27230000000,-0.119640854468
27245000000,-0.118527198316
27256000000,-0.115023359248
27261000000,-0.109716514114
27269000000,-0.103109336588
27281000000,-0.42793804643
27282000000,-0.397803826673
27292000000,-0.365190838088
27304000000,-0.331365180846
27316000000,-0.746120675384
27316000000,-0.683971985182
27316000000,-0.619745240549
27316000000,-0.980219477247
27360000000,-0.889878859115
27372000000,-0.798835278138
27378000000,-0.908250113238
27393000000,-0.809426946813
27398000000,-0.713529387466
27404000000,-0.622089090856
27420000000,-0.668677327764
27431000000,-0.580623258188
27439000000,-0.49833667084
27452000000,-0.422477280075
27462000000,-0.434295171982
27472000000,-0.367325160983
27479000000,-0.306475088451
27489000000,-0.223271550043
27502000000,-0.176301365638
27512000000,-0.135473027275
27521000000,-0.100453096598
27531000000,-0.0324936629907
27539000000,-0.0100247352065
27551000000,0.00771427203278
27558000000,0.0213253951412
27569000000,0.0313825974246
27579000000,0.0384460146809
27589000000,0.226821708733
27600000000,0.217147953751
27612000000,0.204436439034
27620000000,0.189611596546
27631000000,0.343248281532
27643000000,0.315308682136
27651000000,0.286040975088
27659000000,0.256340013115
27670000000,0.235250492358
27678000000,0.474328309542
27690000000,0.42877774091
27698000000,0.658495153162
27710000000,0.597815550718
27719000000,0.536386016346
27719000000,0.475742304091
27742000000,0.727335759344
27751000000,0.653629285006
27757000000,0.580625582955
27770000000,0.854135993278
27780000000,0.76787446107
27787000000,0.68246036723
27801000000,0.599657426459
27820000000,0.520655804274
27828000000,0.446443800853
27840000000,0.643141777817
27840000000,0.564991884763
27840000000,0.420477061222
27871000000,0.355691392842
27883000000,0.730086184029
27888000000,0.647501960297
27903000000,0.567634313842
27911000000,0.815925354879
27921000000,0.725319610759
27931000000,0.949300132685
27940000000,0.848473901993
27950000000,0.749788986916
27958000000,0.654917152927
27970000000,0.565210734655
27976000000,0.651197013402
27990000000,0.564778403402
27997000000,0.483742797641
27997000000,0.408822478074
28022000000,0.616587789289
28031000000,0.53853069325
28037000000,0.464692817437
28052000000,0.561274076879
28060000000,0.488424378298
28067000000,0.419825498385
28083000000,0.356143368951
28092000000,0.297796562915
28097000000,0.445722635412
28111000000,0.386224377109
28121000000,0.330456636904
28132000000,0.278883469268
28142000000,0.387588023766
28150000000,0.335709052686
28162000000,0.287146694774
28170000000,0.242220670506
28175000000,0.299253161152
28192000000,0.256048576612
28206000000,0.216072293156
28212000000,0.320882034282
28218000000,0.280189093313
28232000000,0.241703309067
28235000000,0.205799146986
28249000000,0.202284578665
28256000000,0.17054905955
28271000000,0.14156214773
28280000000,0.115393186181
28290000000,0.0920348353728
28290000000,0.173423672877
28290000000,0.148819481327
28290000000,0.1259370853
28290000000,0.104948563271
28290000000,0.0859311137049
28349000000,0.0755156154066
28358000000,0.06004474065
28371000000,0.0464056113282
28382000000,0.0847955657747
28392000000,0.0717507605526
28402000000,0.0597554106282
28411000000,0.0488725676136
28419000000,0.0391154310528
28425000000,0.0127311394862
28441000000,0.00625170031906
28452000000,0.000953917398808
28469000000,-0.0102364407169
28470000000,-0.0132064397709
28495000000,-0.0153079695575
28495000000,-0.0166737137008
28502000000,-0.0638730438928
28511000000,-0.0615762307412
28518000000,-0.0584210643169
28532000000,-0.0546560357079
28538000000,-0.108398708337
28551000000,-0.100387110602
28554000000,-0.0918467171473
28570000000,-0.0830765789717
28570000000,-0.141156107915
28591000000,-0.128863814024
28601000000,-0.116286280357
28609000000,-0.196620205447
28622000000,-0.17935622812
28627000000,-0.161738187336
28642000000,-0.144222456561
28649000000,-0.228546350921
28660000000,-0.206588972691
28669000000,-0.184632137999
28680000000,-0.163171949943
28693000000,-0.2279908586
28702000000,-0.203768121281
28710000000,-0.180078588003
28722000000,-0.157343073206
28730000000,-0.236057003418
28742000000,-0.210038008524
28747000000,-0.184791359914
28753000000,-0.160706780778
28754000000,-0.138078007482
28775000000,-0.117100510496
28775000000,-0.196052149611
28794000000,-0.173045298243
28794000000,-0.150989927018
28809000000,-0.130181225289
28831000000,-0.235889023075
28841000000,-0.210901836903
28841000000,-0.186421135514
28861000000,-0.274618706957
28867000000,-0.24534891935
28867000000,-0.216726397256
28867000000,-0.189265808019
28867000000,-0.16330659662
28867000000,-0.264429904161
28868000000,-0.234144153935
28931000000,-0.204955685096
28941000000,-0.177285718414
28950000000,-0.151434929818
28956000000,-0.249940271111
28956000000,-0.220876457256
28956000000,-0.330028111312
28956000000,-0.295367535219
28956000000,-0.261354265431
28956000000,-0.228615092433
28956000000,-0.309751400244
28957000000,-0.274096193672
