%time,field
292000000,0.00251082477245
322000000,0.00590479519501
365000000,0.00662923990117
410000000,0.00471411538317
447000000,0.00368701783061
489000000,0.00474949828614
532000000,0.00469120689976
581000000,0.00430426114268
621000000,0.00391251293583
661000000,0.00360518857521
689000000,0.0033153094069
721000000,0.00320665613795
765000000,0.00311499377952
813000000,0.0029709146613
847000000,0.00289589137401
898000000,0.00282912528754
919000000,0.00278065612663
992000000,0.00273659295182
1011000000,0.00268404612307
1058000000,0.00264737483625
1083000000,0.00259876563767
1138000000,0.00250026829625
1163000000,0.00242408653555
1207000000,0.00230504624712
1262000000,0.00213592361989
1296000000,0.00197381570383
1332000000,0.00176922191275
1357000000,0.00244043669357
1403000000,0.00238353131191
1449000000,0.00209632805497
1494000000,0.0004504219685
1532000000,-0.000556604137877
1580000000,-0.00119967683792
1596000000,-0.00150839040587
1651000000,-0.000540472400184
1691000000,-0.000462555596412
1725000000,-0.000696034261358
1765000000,-0.00106413924333
1810000000,-0.0013465639367
1845000000,-0.00157800560131
1885000000,-0.00177600633799
1921000000,-0.00195502010643
1971000000,-0.00211296141717
2005000000,-0.0022443257388
2052000000,-0.00233873174545
2088000000,-0.00239581121123
2138000000,-0.00239858889672
2171000000,-0.00104068713941
2208000000,-0.000119418298495
2244000000,0.000514707466683
2295000000,0.000900689734635
2340000000,0.00130306649361
2384000000,0.00138357907938
2418000000,0.00148964749839
2457000000,0.000209983355064
2490000000,-0.000225122618604
2545000000,-0.000178417208051
2558000000,-6.76039995433e-05
2618000000,7.35884119766e-05
2639000000,0.000235268926806
2691000000,0.000407687246529
2720000000,0.00059547789708
2779000000,0.000791095130543
2800000000,0.000996502918935
2844000000,0.00119621904387
2884000000,0.00138775558594
2929000000,0.00156416585162
2968000000,0.00172170199186
3008000000,0.00158635971836
3043000000,0.00139183291214
3079000000,0.00114551313935
3138000000,0.000879127220102
3159000000,0.000590913539524
3216000000,0.000339949547092
3252000000,9.47673244252e-05
3294000000,0.00110835812729
3346000000,0.0013555226223
3382000000,0.00136857151601
3411000000,0.00119885693634
3455000000,0.00102690048705
3488000000,0.000805626657665
3540000000,-0.00109172918861
3570000000,-0.00217960989441
3610000000,-0.00281086415894
3652000000,-0.00304874299082
3682000000,-0.00308835975363
3743000000,-0.00294394533215
3762000000,-0.00270430604369
3827000000,-0.00226746481017
3850000000,-0.00212223642333
3886000000,-0.00212567653239
3934000000,-0.00227780039643
3980000000,-0.00138750156475
4028000000,-0.00077536328295
4064000000,-0.000258725467822
4088000000,8.38326316853e-05
4134000000,0.000351144312992
4179000000,0.000533751239858
4217000000,-0.000685402739156
4254000000,-0.000964965619573
4301000000,-0.000903987661097
4332000000,-0.000758180730948
4377000000,-0.000592124058859
4415000000,-0.000408001129046
4462000000,-0.0002028083443
4488000000,3.8213874858e-05
4554000000,0.00168490432202
4554000000,0.00283862938966
4622000000,0.00321489085838
4648000000,0.00322439288762
4692000000,0.00315960547347
4729000000,0.00289279346058
4773000000,0.00254407163813
4788000000,0.0022167890666
4851000000,0.00176193103088
4906000000,0.00136814164508
4922000000,0.000939206358625
4990000000,0.000489021487978
5012000000,7.59071950706e-05
5066000000,-0.000167922757859
5097000000,0.00117211903673
5133000000,0.00149093085247
5173000000,0.00142145986817
5230000000,0.00124268650968
5244000000,0.00098813206289
5287000000,-0.000982476838256
5322000000,-0.00217052919015
5361000000,-0.00280563003866
5427000000,-0.0030934513052
5454000000,-0.0031349022037
5500000000,-0.0019201656731
5527000000,-0.00172977204762
5568000000,-0.00187564379384
5601000000,-0.00205564355911
5643000000,-0.00219666130092
5695000000,-0.00229951559864
5763000000,-0.00187954185904
5775000000,-0.00142207272213
5809000000,-0.00109392249016
5840000000,-0.000757561850106
5882000000,-0.000515464736008
5919000000,-0.000235347047413
5971000000,-0.00139114462616
6011000000,-0.00165763963405
6065000000,-0.00156604202019
6098000000,-0.00146460507008
6148000000,-0.00128899920615
6175000000,0.00082991874097
6220000000,0.00208561762
6257000000,0.00277876465877
6285000000,0.00314018862661
6334000000,0.0031464573636
6378000000,0.00306772137685
6421000000,0.00282542672265
6446000000,0.00251940452237
6484000000,0.00216600089473
6525000000,0.00212937786832
6570000000,0.00215433826495
6607000000,0.00215930319052
6653000000,0.00212884469246
6684000000,0.00206863725439
6729000000,0.0019749311853
6772000000,0.00184447925546
6810000000,-9.86064826977e-06
6838000000,-0.0011422304759
6878000000,-0.00186998193241
6934000000,-0.00223483108147
6967000000,-0.00238890848559
7015000000,-0.000859343469659
7052000000,-0.00013577377293
7103000000,-0.000547645281359
7133000000,-0.000850220666483
7170000000,-0.00173470292941
7209000000,-0.00213043893613
7264000000,-0.00225632923908
7289000000,-0.00219073394461
7361000000,-0.00201333176123
7419000000,-0.00172993375688
7454000000,-0.0013242954054
7479000000,-0.000910677956039
7487000000,-0.000677800205086
7530000000,-0.00044779708815
7564000000,-0.00131295385759
7601000000,-0.00151777593295
7647000000,-0.000334765088437
7693000000,0.000452999527431
7729000000,0.000925714490493
7773000000,0.00122953986283
7813000000,0.00138216798402
7860000000,0.00143251119024
7891000000,0.00143603385225
7920000000,0.0013603065604
7962000000,0.00127955848295
8011000000,0.00115858287263
8039000000,0.00103497633352
8117000000,0.000853858260538
8134000000,0.000697917052312
8163000000,0.000552105636407
8237000000,0.000480825756627
8248000000,0.000290351055539
8282000000,-4.98578647411e-05
8330000000,-0.000358938886998
8372000000,-0.000534088391636
8414000000,-0.000684863867324
8463000000,-0.000769289194222
8495000000,-0.000838914876257
8546000000,-0.000896249131029
8582000000,-0.000905345775338
8603000000,-0.000968248421446
8641000000,-0.000969034967316
8691000000,-0.00103216988343
8734000000,-0.00106143180211
8769000000,-0.00111109470816
8814000000,-0.0011427729025
8880000000,-0.00118451321781
8897000000,-0.00122493503712
8934000000,-0.00127407204893
8979000000,-0.00132032239485
9016000000,-0.00136272572535
9049000000,-0.00141336369287
9084000000,-0.00146374788981
9145000000,-0.00150891848686
9174000000,-0.00155787190995
9234000000,-0.00160535438412
9259000000,-0.00166125633539
9295000000,-0.00171109508162
9336000000,-0.00175907053535
9371000000,-0.00181682650077
9411000000,-0.00187716133183
9459000000,-0.00193106794937
9459000000,-0.00198118353174
9525000000,-0.00202590901193
9562000000,-0.00205742905992
9603000000,-0.00209297137559
9643000000,-0.00212304699185
9705000000,-0.00214500483685
9737000000,-0.00218655770517
9772000000,-0.00218855547341
9802000000,-0.00221651233218
9851000000,-0.0022093466893
9893000000,-0.00222289910546
9937000000,-0.00221657251983
9963000000,-0.00222746320806
10020000000,-0.00222301630117
10042000000,-0.00222049263659
10080000000,-0.00222831761517
10136000000,-0.00220712107038
10165000000,-0.00221356784739
10208000000,-0.00218058442391
10252000000,-0.00217552131845
10294000000,-0.00193173032111
10322000000,-0.00179757816009
10362000000,-0.00170911760175
10419000000,-0.00167839440508
10447000000,-0.00166157048001
10520000000,-0.00166371909707
10548000000,-0.00169000381013
10573000000,-0.001977112331
10601000000,-0.00186941394591
10652000000,-0.0015569655142
10688000000,-0.00140124427394
10739000000,-0.00130461912797
10775000000,-0.00128327724667
10821000000,-0.00128449929621
10860000000,-0.00131316302847
10904000000,-0.00135376608717
10937000000,-0.00139256908115
10970000000,-0.00145401680426
11022000000,-0.00147788065339
11022000000,-0.00151896327807
11088000000,-0.00140457566276
11132000000,-0.00134791120449
11161000000,-0.00130950019212
11220000000,-0.00129386682571
11255000000,-0.00130623007524
11287000000,-0.00129598549946
11330000000,-0.00131564115691
11386000000,-0.00130101423365
11408000000,-0.00130510003734
11443000000,-0.00128538451656
11499000000,-0.00127475407842
11532000000,-0.00125054442397
11565000000,-0.00122700704892
11606000000,-0.00119700290401
11641000000,-0.00115774315144
11689000000,-0.00111026356615
11720000000,-0.00105794770909
11788000000,-0.00100837622679
11809000000,-0.000943410785519
11848000000,-0.000947009973264
11880000000,-0.000836477228283
11920000000,-0.000744939472655
11951000000,-0.000662041453456
12005000000,-0.000576912154398
12055000000,-0.000489426314168
12104000000,-0.000417600963948
12132000000,-0.000336030474652
12166000000,-0.000242946916418
12221000000,-0.000198229984268
12264000000,-0.000131377587655
12283000000,-7.6272493999e-05
12330000000,-1.78571536236e-05
12381000000,1.83175163072e-05
12420000000,5.50149243058e-05
12476000000,8.84427079519e-05
12494000000,0.000123332592933
12521000000,0.00014704852386
12572000000,0.000158149857393
12605000000,0.000174230883655
12679000000,0.000182943915936
12682000000,0.000195005954996
12724000000,0.00019214791257
12745000000,0.000200702161675
12811000000,0.000191676204017
12842000000,0.000166563155662
12882000000,0.000150237652984
12934000000,0.000127445079561
12963000000,0.000108061822357
13000000000,9.00389612497e-05
13043000000,6.45890013459e-05
13105000000,4.43555194905e-05
13130000000,1.67089994028e-05
13162000000,-2.52315748061e-05
13212000000,-5.77911308187e-05
13262000000,-0.00010461572231
13307000000,-0.000137751208873
13326000000,-0.000187995469172
13360000000,-0.000212456286098
13419000000,-0.000243495491058
13440000000,-0.000269184327439
13487000000,-0.000296022879806
13521000000,-0.000318497322279
13574000000,-0.000335892950245
13611000000,-0.000356594462101
13640000000,-0.000360498532561
13687000000,-0.00038223917142
13740000000,-0.000394060446275
13764000000,-0.000403923912894
13812000000,-0.000411470757073
13849000000,-0.000413216349737
13889000000,-0.000409476486319
13941000000,-0.000397400905304
13977000000,-0.000387429876178
14018000000,-0.000371249002066
14065000000,-0.00035660238118
14104000000,-0.000344313871089
14137000000,-0.000320233363569
14160000000,-0.000306437640477
14209000000,-0.000276358511052
14257000000,-0.000258570972927
14296000000,-0.000228706738455
14343000000,-0.000206993433086
14376000000,-0.000181344724839
14427000000,-0.000159762384574
14476000000,-0.0001439724306
14497000000,-0.000116322287768
14553000000,-0.000113052888582
14589000000,-8.55284448091e-05
14622000000,-7.40504121619e-05
14673000000,-5.28247704603e-05
14710000000,-3.87210771941e-05
14746000000,-2.29489148301e-05
14766000000,-2.00624318222e-05
14814000000,-1.91344507686e-05
14851000000,-0.000241958600036
14890000000,-0.000442296252931
14943000000,-0.000494418596658
14965000000,-0.00050904967713
15009000000,-0.000499004536345
15061000000,-0.000389733294874
15094000000,-0.000400784588152
15124000000,-0.000395089827513
15187000000,-0.000370785154645
15230000000,-0.000342584472869
15255000000,-0.000306442799859
15332000000,-0.000276120808258
15385000000,-0.000238986347665
15422000000,-0.000196441278661
15447000000,-0.000166826831657
15471000000,-0.00014299897158
15494000000,-0.000130074639891
15559000000,-0.0001203576139
15574000000,-0.00011650843189
15621000000,-0.000110063094277
15667000000,-0.000111171362193
15707000000,-0.000117666264187
15771000000,-0.000117043086141
15789000000,-0.000121121106269
15808000000,-0.000121618103371
15861000000,-0.000125765202791
15885000000,-0.000124578620471
15930000000,-0.000109808775648
15974000000,-0.000103690792105
16006000000,-0.000101689591169
16044000000,-0.000100684483401
16084000000,-0.000132467572226
16131000000,-0.000156563677928
16186000000,0.000272051468945
16193000000,0.000508845669865
16255000000,0.000646673412489
16291000000,0.000688054525527
16345000000,0.000684439210258
16368000000,0.000639432537858
16418000000,0.000573818667697
16445000000,0.000491151813601
16497000000,0.000402089418476
16542000000,0.000310954541379
16562000000,0.000227503687835
16613000000,0.000152056963098
16650000000,8.16461878884e-05
16695000000,1.65058587298e-05
16729000000,-4.02969420303e-05
16769000000,-8.64904591586e-05
16801000000,6.55518696044e-05
16843000000,9.15404540924e-05
16883000000,7.26957164268e-05
16929000000,4.18914086309e-05
16960000000,6.79233140808e-06
17001000000,-3.31714450131e-05
17042000000,-7.73718787739e-05
17078000000,-0.000125346012874
17130000000,-0.000177921339606
17168000000,-0.000483439841488
17202000000,-0.000648621471874
17253000000,-0.000726751460285
17282000000,-0.000748836468136
17321000000,-0.000720743367664
17360000000,-0.000666576494425
17414000000,-0.000589268789964
17448000000,-0.00050978678773
17513000000,-0.000424542018476
17540000000,-0.00034127272562
17564000000,-0.000534108701566
17600000000,-0.00058324586411
17644000000,-0.00057827872512
17693000000,-0.000550393134777
17732000000,-0.000511305697224
17801000000,-0.000461177100688
17801000000,-0.000376281838323
17885000000,-0.000297090752894
17899000000,-0.000220321178204
17939000000,-0.000149956200249
17972000000,0.000332897721415
18013000000,0.000537629190305
18053000000,0.000666090168036
18094000000,0.000798579347909
18147000000,0.000940469124752
18167000000,0.00110373417559
18202000000,0.00124794797103
18249000000,0.00191239980405
18287000000,0.00218150269905
18318000000,0.00217027979224
18370000000,0.00200466718979
18406000000,0.00173580157322
18442000000,0.0014388333918
18482000000,0.0011194934778
18522000000,0.00080952491676
18579000000,0.00096943331529
18599000000,0.000988757785527
18644000000,0.00168268010739
18707000000,0.00180417138551
18733000000,0.00176232428581
18766000000,0.00161556584058
18822000000,0.00143312271237
18838000000,0.00125444900922
18891000000,0.00102875480033
18938000000,0.000762148094954
18962000000,-0.00109471235337
19046000000,-0.00221185998637
19052000000,-0.00295963075554
19095000000,-0.00320857274213
19139000000,-0.00320348397398
19164000000,-0.00316853100856
19211000000,-0.00281771920039
19249000000,-0.0024810113821
19289000000,-0.00208310082754
19346000000,-0.00174226208704
19374000000,-0.0013532420898
19453000000,-0.00103590230602
19463000000,-0.00183031207863
19485000000,-0.00214674480286
19532000000,-0.0021349094661
19566000000,-0.00201373095667
19608000000,-0.000245291192984
19651000000,0.000901632223625
19690000000,0.00149151036625
19724000000,0.0019029228822
19764000000,0.00200662230903
19795000000,0.000589963827325
19852000000,0.000303361070107
19895000000,0.000421233284834
19944000000,0.000615054479081
19962000000,0.000795251020187
20013000000,0.000958714595379
20040000000,0.00112731941029
20089000000,0.00129807366585
20138000000,0.00178691431801
20195000000,0.00197122562847
20206000000,0.00198344123563
20258000000,0.00179904685187
20297000000,0.00152557584323
20339000000,0.00123433310969
20369000000,0.00177319005027
20389000000,0.00215754283035
20443000000,0.00220235986483
20499000000,0.00198631281993
20529000000,0.00180445255198
20577000000,0.00161234377895
20617000000,-0.000507134453661
20648000000,-0.00176538859699
20688000000,-0.00251048257923
20722000000,-0.00285287167457
20779000000,-0.00284588221036
20809000000,-0.00276214260913
20852000000,-0.00162500190791
20892000000,-0.00143828081356
20939000000,-0.00154453782043
20962000000,-0.00168226543804
21006000000,-0.00178892637203
21041000000,-0.0016382362369
21090000000,-0.00144296532409
21128000000,-0.00125573523483
21171000000,-0.00100927459178
21219000000,-0.000796768377684
21244000000,-0.00152563153388
21288000000,-0.00172288709607
21356000000,-0.00172059671229
21376000000,-0.00163869599513
21404000000,-0.00151871094693
21449000000,-0.00136503358987
21505000000,-0.001171788719
21528000000,0.000809028785987
21577000000,0.00193954956139
21611000000,0.00257487750389
21648000000,0.00278215610586
21691000000,0.00282995519362
21727000000,0.00269670878259
21771000000,0.00247253387025
21809000000,0.00215816072308
21847000000,0.00182227813939
21892000000,0.00148693344913
21922000000,0.00116290544545
21963000000,0.001666755931
22001000000,0.00179588693283
22042000000,0.00177645308279
22081000000,0.00169793685192
22123000000,0.000246605346741
22163000000,-0.000588615452092
22211000000,-0.00114503608658
22253000000,-0.00142691327154
22295000000,-0.000114906077232
22324000000,0.000155290551567
22372000000,4.64789206278e-05
22400000000,-0.000141434183208
22444000000,-0.000337558240655
22506000000,-0.000527480001024
22546000000,-0.000734460826794
22579000000,-0.000952314899416
22616000000,-0.00206432697362
22650000000,-0.00266131449231
22687000000,-0.00285791614248
22726000000,-0.0028512035847
22780000000,0.0197977051036
22811000000,0.0591503882022
22857000000,0.0917662149313
22899000000,0.123270469945
22931000000,0.149926516594
22963000000,0.170947666451
23001000000,0.183219031222
23041000000,0.196882948522
23087000000,0.195138337321
23123000000,0.190063304649
23177000000,0.180253730291
23205000000,0.164880534352
23240000000,0.152122337127
23300000000,0.130194684908
23370000000,0.107951594393
23390000000,0.0777201009817
23415000000,0.0546313027395
23449000000,0.0323481164502
23498000000,0.0175131643389
23520000000,-0.000565211817477
23582000000,-0.0122068638968
23613000000,-0.0254971038341
23644000000,-0.0438045117808
23695000000,-0.0518839083993
23727000000,-0.0663671070939
23772000000,-0.0715133182693
23805000000,-0.0812793851045
23849000000,-0.0842123358371
23905000000,-0.0889976342964
23923000000,-0.0911819822101
23973000000,-0.0905905694855
24054000000,-0.0898797928534
24068000000,-0.082614675379
24086000000,-0.0802602195024
24143000000,-0.0745421343892
24191000000,-0.0688685703337
24224000000,-0.0600042272444
24243000000,-0.053467756292
24290000000,-0.0449534633687
24334000000,-0.0365080263253
24377000000,-0.0498675632533
24399000000,-0.0747578592243
24450000000,-0.10038045354
24485000000,-0.125013696253
24528000000,-0.142223140124
24562000000,-0.155882935934
24621000000,-0.161235370931
24651000000,-0.159954873998
24696000000,-0.153491833603
24722000000,-0.140575861188
24768000000,-0.127007996976
24820000000,-0.099346889629
24869000000,-0.0822774707612
24889000000,-0.0541562950221
24931000000,-0.0212685338362
24969000000,0.00384669358346
25007000000,0.0239401199513
25063000000,0.0455786427556
25085000000,0.0721347459772
25124000000,0.0846034635884
25171000000,0.106597173774
25212000000,0.116763419626
25249000000,0.135764163796
25290000000,0.143866482831
25331000000,0.157319441275
25373000000,0.163364171077
25429000000,0.170357437265
25449000000,0.174913254465
25488000000,0.175538067963
25525000000,0.177991599731
25567000000,0.175217556343
25605000000,0.152448450301
25652000000,0.11561286895
25674000000,0.0770140956395
25737000000,0.0387578131751
25768000000,0.0047498099681
25805000000,-0.0237537498582
25843000000,-0.0458231505076
25891000000,-0.0596314559953
25926000000,-0.0709076079383
25969000000,-0.0749426894347
26007000000,-0.0768360085766
26068000000,-0.0698007137864
26102000000,-0.064754487601
26142000000,-0.0517765266366
26171000000,-0.040868349672
26217000000,-0.0280237702443
26269000000,-0.0140128210163
26285000000,0.000887863656701
26321000000,0.0152145212765
26368000000,0.0227512697382
26418000000,0.0369378883887
26445000000,0.0451727558808
26486000000,0.057726919026
26519000000,0.0647357613656
26562000000,0.0735270403017
26626000000,0.0805493589579
26649000000,0.0841647914859
26693000000,0.0890419888711
26745000000,0.0891509140641
26760000000,0.0927942195734
26818000000,0.0918560004131
26846000000,0.0932975355704
26901000000,0.0912593511579
26937000000,0.0900635766263
26968000000,0.0867723004428
27012000000,0.0831533418485
27040000000,0.0790965264644
27087000000,0.0741221338271
27134000000,0.0686633031631
27165000000,0.0631804865156
27216000000,0.0792226064627
27262000000,0.105701552737
27308000000,0.141030241186
27367000000,0.174478799997
27372000000,0.190049395586
27411000000,0.200477168318
27458000000,0.206705547879
27480000000,0.204530668563
27523000000,0.201566586432
27574000000,0.187003617222
27620000000,0.173556743685
27668000000,0.151552638599
27689000000,0.130459006276
27724000000,0.106694793375
27759000000,0.0805719983396
27809000000,0.0602444617607
27865000000,0.0256851119948
27903000000,0.000593427460099
27928000000,-0.023048100063
27959000000,-0.0359712480645
28017000000,-0.0572298602891
28048000000,-0.0698973457358
28090000000,-0.0854408965804
28120000000,-0.097499178931
28174000000,-0.105181347505
28210000000,-0.115904809954
28248000000,-0.118147232467
28280000000,-0.126223701657
28293000000,-0.126733044225
28393000000,-0.130562179853
28414000000,-0.129181801883
28447000000,-0.128654149962
28482000000,-0.125133349371
28530000000,-0.12060208304
28568000000,-0.115509402436
28606000000,-0.108471786929
28642000000,-0.100748016842
28689000000,-0.0942353444331
28722000000,-0.0864815967837
28785000000,-0.0789535349424
28824000000,-0.0693600562654
28850000000,-0.0606155830214
28881000000,-0.0507502873138
28881000000,-0.0412834043973
28881000000,-0.030673819535
