%time,field
2000000,0.0
11000000,-1.05760820689e-27
21000000,-1.50890888071e-26
33000000,-9.26955058624e-25
42000000,-3.14958933436e-24
50000000,-3.67812491038e-25
61000000,2.83591762252e-19
72000000,1.13368951353e-18
81000000,1.89415688882e-18
89000000,2.71962616771e-18
101000000,3.64551958692e-18
109000000,4.60443478272e-18
109000000,5.58927676731e-18
109000000,1.03869928488e-09
141000000,1.0146846791e-08
149000000,3.50472955673e-08
157000000,1.16511021524e-07
166000000,3.67022877013e-07
166000000,1.14705047551e-06
166000000,0.000663481183512
166000000,0.00156057684395
208000000,0.00241676517244
222000000,0.00336249931486
231000000,0.00426723772957
231000000,0.00508371424017
244000000,0.00590310747107
261000000,0.00681663458185
265000000,0.00763212445124
282000000,0.0083666812287
282000000,0.00863719821275
300000000,0.00848528970042
307000000,0.00829485893105
321000000,0.00807660994929
333000000,0.00780238199478
341000000,0.00751404917254
352000000,0.00722298102364
361000000,0.00694306200072
372000000,0.00656587952072
382000000,0.00610967087534
391000000,0.00567893635231
396000000,0.00528306389915
412000000,0.00492551552545
422000000,0.00466530724989
432000000,0.00443609869091
439000000,0.00423684812831
452000000,0.00406364906291
462000000,0.00390838512952
472000000,0.0037776697944
481000000,0.0036697497061
490000000,0.00357791795189
501000000,0.00346057567126
512000000,0.003362471187
522000000,0.00328172147408
532000000,0.00321645442629
537000000,0.00314082441665
552000000,0.00304341463814
571000000,0.00296008859105
571000000,0.00288972291685
582000000,0.00283114300397
591000000,0.00275550620473
596000000,0.00266428647858
612000000,0.00258489147253
621000000,0.00251659043036
631000000,0.00241845960165
633000000,0.00232779158084
633000000,0.00224863516743
634000000,0.00218032152258
634000000,0.00212208405313
679000000,0.00204151999184
699000000,0.00196413908986
701000000,0.00186462472467
711000000,0.00177654283685
726000000,0.00169944292463
739000000,0.00162400657627
751000000,0.00155026168257
765000000,0.00148653423078
765000000,0.00143212505554
787000000,0.00138627541232
787000000,0.00134819827634
794000000,0.00131709988952
802000000,0.00128733286472
813000000,0.00125223362513
822000000,0.00121582284932
831000000,0.00116899362683
842000000,0.0011282397017
849000000,0.0010906040966
850000000,0.00104832855535
866000000,0.00101166532157
878000000,0.000980243921854
878000000,0.000953655393467
878000000,0.00093146943012
911000000,0.000906400453172
919000000,0.000880822336694
929000000,0.000854381516404
940000000,0.000827144535308
948000000,0.000803697497199
966000000,0.000783760998455
971000000,0.000767036307441
980000000,0.000753218229994
985000000,0.000742000636609
1001000000,0.00072785005172
1008000000,0.000713836298353
1022000000,0.000696687214267
1022000000,0.000679638228319
1023000000,0.000664907783821
1050000000,0.000652333505015
1059000000,0.000641732366206
1070000000,0.000629988239865
1083000000,0.0006200365097
1084000000,0.000611718804628
1084000000,0.000604874184295
1112000000,0.000599319926551
1123000000,0.000592337431471
1134000000,0.000586522520679
1135000000,0.00058175893227
1151000000,0.000575434039754
1162000000,0.000569051461355
1169000000,0.00056300720497
1181000000,0.000556975149803
1192000000,0.000551825112999
1203000000,0.00054748493294
1213000000,0.000543879128995
1231000000,0.000539798240871
1251000000,0.000536372933548
1251000000,0.000533539795253
1262000000,0.000531235680476
1262000000,0.00052939909501
1273000000,0.000527785548558
1279000000,0.000525812961287
1289000000,0.000524199292077
1300000000,0.00052258744611
1311000000,0.000520057820882
1319000000,0.000517866295144
1330000000,0.000515979895218
1342000000,0.000512929995283
1350000000,0.000509854841448
1357000000,0.000507111278601
1357000000,0.000504687999508
1383000000,0.000442573715214
1391000000,0.000325826532171
1402000000,0.00021705578889
1411000000,0.000102984207613
1421000000,-2.16475355375e-05
1431000000,-0.000134853691489
1441000000,-0.000236522835014
1451000000,-0.000326826434142
1462000000,-0.000415156268227
1471000000,-0.000493457139017
1480000000,-0.000561318910024
1489000000,-0.000619437814312
1499000000,-0.00074520653543
1510000000,-0.00093294336659
1526000000,-0.00110347540239
1531000000,-0.00125662677773
1543000000,-0.00145634462563
1552000000,-0.0016623186532
1559000000,-0.00184655856736
1572000000,-0.00200955098302
1584000000,-0.00215214983806
1592000000,-0.00231453424453
1602000000,-0.00245660524206
1611000000,-0.00258584292579
1620000000,-0.00270612519736
1628000000,-0.00280895772985
1641000000,-0.00289573824148
1651000000,-0.00296792609995
1662000000,-0.00295230546263
1676000000,-0.00288093291059
1676000000,-0.00280742356262
1693000000,-0.00273387298145
1703000000,-0.0026405954465
1712000000,-0.00254627901215
1722000000,-0.00245756721065
1733000000,-0.00237705087659
1742000000,-0.0023073936238
1756000000,-0.0022444739101
1765000000,-0.00218826874932
1772000000,-0.00213861049465
1782000000,-0.00209498345243
1793000000,-0.00205728036142
1793000000,-0.00202508795968
1810000000,-0.00199795499498
1820000000,-0.00197542727288
1832000000,-0.00196182974947
1840000000,-0.00195159726526
1850000000,-0.00194747596579
1859000000,-0.00194694375181
1870000000,-0.00194813053397
1880000000,-0.00195064297417
1889000000,-0.00195573568559
1902000000,-0.00196298317898
1912000000,-0.00197047674122
1920000000,-0.00197799562565
1930000000,-0.00198536456245
1936000000,-0.00199314699428
1949000000,-0.00200118208268
1959000000,-0.00200866921817
1974000000,-0.00201555166535
1980000000,-0.0020214204642
1991000000,-0.00202630235703
2001000000,-0.00203060261341
2009000000,-0.00203434682657
2022000000,-0.00203486483069
2032000000,-0.00203476318208
2041000000,-0.00203441300886
2050000000,-0.00203386892861
2058000000,-0.00202922122671
2067000000,-0.00202214057328
2081000000,-0.00201543206051
2091000000,-0.00200916610335
2101000000,-0.00199380729891
2108000000,-0.00197852659152
2119000000,-0.00196447587711
2130000000,-0.00195170268527
2142000000,-0.00194022308094
2152000000,-0.00191688946881
2161000000,-0.00189243651684
2170000000,-0.00187025384378
2181000000,-0.00174729206308
2189000000,-0.00153222715557
2190000000,-0.0013325588211
2204000000,-0.00114949106336
2218000000,-0.00098361244513
2227000000,-0.000712459968152
2238000000,-0.000452776105534
2238000000,-0.000218597147622
2260000000,3.4344847449e-05
2267000000,0.000303018094909
2273000000,0.000542490911313
2273000000,0.000753584490264
2273000000,0.000937579071229
2274000000,0.00109609654586
2319000000,0.00129224875276
2330000000,0.00146305342012
2342000000,0.00161006158224
2350000000,0.00177705939469
2358000000,0.00192590535312
2358000000,0.00205332546863
2358000000,0.00216100270627
2390000000,0.0022618095716
2395000000,0.00235041909822
2407000000,0.00242359007381
2407000000,0.00248268251858
2408000000,0.00252717723923
2434000000,0.00256115351636
2434000000,0.00258607137741
2434000000,0.00260328852979
2465000000,0.00249425869411
2480000000,0.00237415014313
2493000000,0.00225876249046
2499000000,0.00213197901985
2512000000,0.00200942829099
2521000000,0.00189646219914
2522000000,0.00179357420026
2536000000,0.00170092817903
2536000000,0.00161842511741
2536000000,0.00156025404075
2537000000,0.00151058323417
2569000000,0.00147826825711
2587000000,0.00146643284246
2599000000,0.00145944642539
2611000000,0.0014564346137
2622000000,0.00145661940956
2631000000,0.00146807080703
2641000000,0.00148660700668
2647000000,0.0015148536339
2665000000,0.00154634449701
2665000000,0.0015764788446
2677000000,0.00160486676969
2690000000,0.00163124014655
2700000000,0.00166325730521
2710000000,0.00169581130632
2722000000,0.00172534887189
2730000000,0.00175184562362
2739000000,0.00178565089405
2750000000,0.00181594553932
2760000000,0.00184279287852
2770000000,0.00186631970873
2779000000,0.00188669830703
2788000000,0.00190967469899
2801000000,0.00193192305103
2810000000,0.00195379970174
2821000000,0.00197443364094
2831000000,0.00199221350094
2839000000,0.00200734372401
2853000000,0.00202004268928
2863000000,0.00202986770887
2871000000,0.00203759253096
2883000000,0.00204361949231
2891000000,0.00204700223774
2903000000,0.00204462664917
2910000000,0.00204153945542
2922000000,0.00203795732912
2925000000,0.00203405636899
2934000000,0.00202748385033
2938000000,0.00201143218858
2938000000,0.00199618793359
2956000000,0.00198192546724
2977000000,0.0019590419874
2989000000,0.00192852858926
2998000000,0.00190042572992
3010000000,0.00181951512526
3020000000,0.00153259613692
3028000000,0.00126488575488
3036000000,0.00101831274721
3043000000,0.000776243418503
3057000000,0.000402760466912
3070000000,6.21516694659e-05
3079000000,-0.000244933784723
3079000000,-0.000518729209783
3079000000,-0.0007601645119
3117000000,-0.000970686106826
3127000000,-0.00115212320408
3138000000,-0.00134749513273
3138000000,-0.0015755460301
3151000000,-0.00182209122792
3159000000,-0.00206938976721
3159000000,-0.00228625759557
3181000000,-0.00247428479296
3193000000,-0.00265728388078
3197000000,-0.00282328008589
3198000000,-0.00296456657927
3220000000,-0.00308517873279
3229000000,-0.00319282008593
3233000000,-0.00328151203512
3252000000,-0.00335328174124
3262000000,-0.00340713239044
3271000000,-0.00344520511998
3281000000,-0.0034723805636
3289000000,-0.00349035830591
3301000000,-0.00343788443955
3301000000,-0.00329104741566
3301000000,-0.00314911441807
3301000000,-0.0030142178428
3301000000,-0.0028878802497
3342000000,-0.00277111229072
3342000000,-0.00263770315681
3342000000,-0.00251630368502
3342000000,-0.00240708270406
3342000000,-0.00231406152583
3403000000,-0.0022351549701
3411000000,-0.00216689362273
3424000000,-0.00213203987673
3433000000,-0.00210487836399
3449000000,-0.00208438361902
3452000000,-0.00206959798682
3462000000,-0.00206825422266
3469000000,-0.00207872323137
3476000000,-0.00209139005185
3491000000,-0.00211008413444
3502000000,-0.00213602588668
3508000000,-0.00216155366082
3519000000,-0.00218617907857
3519000000,-0.00220953625341
3520000000,-0.00223136496723
3551000000,-0.00219932122304
3559000000,-0.0021686536246
3560000000,-0.00213975578946
3580000000,-0.00206357582947
3588000000,-0.00198723245055
3596000000,-0.00191689540427
3596000000,-0.00185285963525
3616000000,-0.00174880700391
3632000000,-0.00164886139382
3647000000,-0.00155856088484
3652000000,-0.00147788253166
3662000000,-0.0014018419698
3676000000,-0.00129345301704
3682000000,-0.0011963868685
3710000000,-0.00111041216329
3710000000,-0.00103510720141
3714000000,-0.000969900345696
3724000000,-0.000894626195371
3737000000,-0.000800687050772
3743000000,-0.00071771005147
3752000000,-0.000626604098944
3762000000,-0.000504140664608
3763000000,-0.000394734827157
3763000000,-0.000298076747678
3791000000,-0.000184842652102
3805000000,-7.2818140533e-05
3827000000,2.57842363352e-05
3827000000,0.000111606757359
3850000000,0.000185441688998
3850000000,0.000248177747713
3880000000,0.000300752806629
3880000000,0.000379312956209
3884000000,0.000389553107498
3891000000,0.000193621091812
3902000000,-7.68241410187e-05
3911000000,-0.000335733457142
3917000000,-0.00057648804538
3930000000,-0.000797549507668
3941000000,-0.000998143458819
3947000000,-0.00110982689839
3961000000,-0.00117677718652
3964000000,-0.00123061452987
3974000000,-0.00127290711054
3991000000,-0.00105269077128
4001000000,-0.000839151775605
4008000000,-0.000635659971767
4021000000,-0.00044464296161
4029000000,-0.000201229248365
4039000000,0.000120399801279
4046000000,0.000416015811928
4061000000,0.000684512150551
4073000000,0.000985077811545
4090000000,0.0012937530617
4094000000,0.00156989369138
4104000000,0.00186436156342
4111000000,0.00213069574023
4123000000,0.00236439265283
4131000000,0.0025671374042
4140000000,0.00274790934739
4151000000,0.00291741383667
4160000000,0.00306112456698
4170000000,0.0031812895594
4183000000,0.00328020319319
4191000000,0.00335793013077
4203000000,0.00341906139987
4211000000,0.00346574193658
4221000000,0.00347098813558
4227000000,0.00335434673188
4235000000,0.00323771833544
4244000000,0.00312371085193
4244000000,0.00302272249599
4269000000,0.00293960769145
4274000000,0.00286226786815
4283000000,0.00279120376877
4302000000,0.00273521869656
4309000000,0.00270475230065
4310000000,0.00267899845278
4331000000,0.0026575314085
4339000000,0.00266222956655
4351000000,0.00266900570088
4359000000,0.00267726206631
4359000000,0.00268649589506
4380000000,0.0027042553748
4389000000,0.00272952477084
4399000000,0.0027537123528
4399000000,0.00277650315269
4418000000,0.00279767907695
4431000000,0.00282802128977
4437000000,0.00285588396348
4438000000,0.00288116511294
4461000000,0.00290549866415
4468000000,0.00293362536218
4482000000,0.00295876653163
4489000000,0.00298290043634
4502000000,0.00300598260563
4515000000,0.00302617439904
4515000000,0.00304363323032
4515000000,0.00305854378329
4516000000,0.00307110446331
4551000000,0.0030815234919
4551000000,0.00298589381419
4551000000,0.00285127649715
4551000000,0.0027250019398
4587000000,0.00258215027153
4587000000,0.0023495984726
4616000000,0.00213528339401
4621000000,0.00194012720052
4626000000,0.001717414759
4638000000,0.00147092744915
4649000000,0.00124917518486
4663000000,0.000981558021666
4671000000,0.000724720570377
4680000000,0.00049633624716
4692000000,0.000295476193572
4700000000,8.98064980007e-05
4710000000,-0.000109378925523
4720000000,-0.000282506985691
4733000000,-0.000431215133703
4738000000,-0.000594454129089
4749000000,-0.000750153438097
4762000000,-0.000883763941162
4770000000,-0.000996980225793
4788000000,-0.00109159193075
4788000000,-0.00116942203837
4788000000,-0.00123970263315
4812000000,-0.00134314166201
4821000000,-0.00144962774056
4830000000,-0.00154131230195
4842000000,-0.00161928414355
4850000000,-0.00168470427497
4861000000,-0.00175539187518
4870000000,-0.00181670681799
4883000000,-0.00186776356665
4889000000,-0.00190959048301
4899000000,-0.00194320866537
4914000000,-0.00197823214896
4922000000,-0.00201907079274
4941000000,-0.00205314343107
4954000000,-0.00208111307743
4954000000,-0.00210363990053
4954000000,-0.00212136980711
4971000000,-0.00214476390129
4977000000,-0.00216503648139
4990000000,-0.0021815082639
4998000000,-0.00219568401623
5011000000,-0.0022068429959
5019000000,-0.00221427262887
5032000000,-0.00221842957364
5038000000,-0.00222079578642
5049000000,-0.00222169791573
5059000000,-0.00222142391142
5071000000,-0.00221889471166
5081000000,-0.00220443750075
5091000000,-0.00219023820317
5101000000,-0.00217655668681
5108000000,-0.0020877447833
5119000000,-0.00200438014372
5131000000,-0.00192717303046
5140000000,-0.00185309555643
5152000000,-0.00177814426622
5152000000,-0.00171066294459
5158000000,-0.00165057690868
5180000000,-0.00160504924793
5189000000,-0.00156771227927
5189000000,-0.00153617074956
5190000000,-0.00150989784477
5196000000,-0.00148836093611
5204000000,-0.0014710365929
5241000000,-0.00146797750361
5251000000,-0.00147373202942
5259000000,-0.00148859151161
5272000000,-0.00150414061129
5280000000,-0.00151988067626
5280000000,-0.00153541385623
5303000000,-0.00155043392324
5311000000,-0.00153381788613
5322000000,-0.00150523768511
5333000000,-0.00146231625911
5340000000,-0.0013986968321
5351000000,-0.00133984643606
5362000000,-0.00128606651475
5372000000,-0.00123748328387
5378000000,-0.0011832328389
5392000000,-0.00111000188506
5409000000,-0.00104386866641
5409000000,-0.000984806244362
5415000000,-0.000932633535266
5430000000,-0.000886959353387
5441000000,-0.000816106988433
5452000000,-0.000752941767171
5462000000,-0.000681524144
5469000000,-0.000595181860594
5477000000,-0.000518037963009
5488000000,-0.000449864850703
5500000000,-0.00039028278227
5512000000,-0.0004190638312
5521000000,-0.000483225911328
5526000000,-0.000559161324278
5536000000,-0.000650552564538
5550000000,-0.000737122957241
5561000000,-0.000817952193203
5571000000,-0.000891597536569
5581000000,-0.000955327974088
5591000000,-0.00101254496652
5604000000,-0.0010633540247
5608000000,-0.00109931804882
5621000000,-0.00112429748994
5630000000,-0.00114471746858
5642000000,-0.00116108160607
5650000000,-0.00116472930845
5662000000,-0.00115690082589
5672000000,-0.00114759286448
5682000000,-0.00113732974907
5693000000,-0.00112654435098
5699000000,-0.00110652461421
5710000000,-0.00107389555751
5718000000,-0.00104301630761
5728000000,-0.00101420165554
5740000000,-0.000987664337089
5749000000,-0.000963521264189
5758000000,-0.000941806333367
5775000000,-0.000731612834673
5782000000,-0.000489499936912
5791000000,-0.000103709198986
5797000000,0.000270547537325
5820000000,0.000612792584816
5822000000,0.000922137171638
5832000000,0.00127224129011
5840000000,0.00159379337771
5849000000,0.0018790375209
5862000000,0.00216389509511
5872000000,0.0024134764563
5881000000,0.00262966719788
5891000000,0.0028251050187
5898000000,0.00299556046593
5910000000,0.00313890125466
5918000000,0.00325766590932
5931000000,0.00335440382472
5941000000,0.00342830653908
5950000000,0.00347238294344
5957000000,0.00350262529765
5971000000,0.00352128126619
5981000000,0.00345046777457
5989000000,0.00332474485685
5998000000,0.00320158054203
6009000000,0.00308318776973
6017000000,0.00295224226249
6030000000,0.00282999652125
6037000000,0.00271733817242
6037000000,0.00261475315923
6037000000,0.00252239902813
6071000000,0.00244623567258
6081000000,0.00238544113088
6090000000,0.00233322074996
6101000000,0.00228892216547
6111000000,0.00226489602704
6122000000,0.002247976218
6148000000,0.00223589737224
6148000000,0.00222789281122
6148000000,0.00222325081759
6158000000,0.00222216833102
6171000000,0.00223015241581
6176000000,0.00215086004513
6184000000,0.00194969321667
6184000000,0.00176280522274
6212000000,0.00159134579711
6217000000,0.00143587058635
6228000000,0.00128121493394
6238000000,0.00100953725387
6247000000,0.000762231320789
6261000000,0.000435663155029
6271000000,0.00012858909552
6282000000,-0.000146904859469
6289000000,-0.000413871892183
6299000000,-0.00070077910665
6311000000,-0.000954626833854
6320000000,-0.00117673587338
6332000000,-0.00136885001212
6341000000,-0.00155642032439
6352000000,-0.00175111748404
6362000000,-0.00191877175169
6373000000,-0.00206136561259
6381000000,-0.00218419060378
6392000000,-0.00231387501927
6392000000,-0.00242306608408
6392000000,-0.0025136572252
6393000000,-0.00258755985689
6421000000,-0.00265602954575
6438000000,-0.00272465823119
6448000000,-0.00278053810182
6454000000,-0.0028307605933
6460000000,-0.00287133920278
6480000000,-0.00290289583765
6489000000,-0.00282564401549
6501000000,-0.00264925591135
6511000000,-0.00248019645319
6521000000,-0.0023206951318
6528000000,-0.0021585241396
6542000000,-0.00197791447938
6552000000,-0.00181271809937
6560000000,-0.00166336447626
6571000000,-0.0015308350803
6580000000,-0.00141759488313
6590000000,-0.00131887912452
6602000000,-0.0012338183133
6608000000,-0.00116141875808
6617000000,-0.0011179469491
6629000000,-0.00108391936898
6640000000,-0.00105809486342
6646000000,-0.00103931531143
6661000000,-0.00104658918531
6674000000,-0.00105763735723
6680000000,-0.00107141031283
6692000000,-0.0011000211974
6702000000,-0.00113730118615
6713000000,-0.00117366028341
6722000000,-0.00120848081897
6731000000,-0.00124131090822
6740000000,-0.00129341137201
6750000000,-0.00134404524958
6756000000,-0.00139044577609
6772000000,-0.00143246777198
6783000000,-0.00148090507777
6792000000,-0.00154019974362
6795000000,-0.00159364692339
6795000000,-0.00164128646614
6798000000,-0.00168328034131
6828000000,-0.00181006136614
6835000000,-0.0019483300893
6848000000,-0.00207433433396
6849000000,-0.00219818731135
6865000000,-0.00234861279896
6873000000,-0.00248389892713
6877000000,-0.00260422170131
6895000000,-0.00271005509929
6911000000,-0.0028218979238
6917000000,-0.0029389340803
6930000000,-0.00304145966134
6939000000,-0.00313025223592
6953000000,-0.00320433867673
6961000000,-0.0032655027637
6972000000,-0.00331298312351
6982000000,-0.00332364239307
6995000000,-0.00332782636945
6996000000,-0.00332681188205
7012000000,-0.00332171926195
7028000000,-0.00331352065473
7044000000,-0.00330325162666
7044000000,-0.00330549977713
7052000000,-0.0033093016438
7062000000,-0.00332024069085
7072000000,-0.00333768225354
7077000000,-0.00335291943072
7091000000,-0.00336607019425
7102000000,-0.00337727401952
7113000000,-0.00338430034783
7122000000,-0.00338829351059
7133000000,-0.00339109288931
7142000000,-0.0033858664089
7149000000,-0.00337729147603
7161000000,-0.00336868943009
7172000000,-0.00333409301166
7176000000,-0.00307917179237
7192000000,-0.00283994626436
7201000000,-0.00261845503575
7211000000,-0.00239743129748
7223000000,-0.00203506917793
7227000000,-0.00170322710543
7243000000,-0.00140285710924
7251000000,-0.00113400372887
7261000000,-0.000896000553714
7272000000,-0.000590258601405
7279000000,-0.000294668348407
7290000000,-1.39715845214e-05
7301000000,0.000308348720117
7310000000,0.000593718626762
7318000000,0.000843586211828
7332000000,0.00105988673551
7341000000,0.00124487816127
7351000000,0.00140104388769
7361000000,0.00153099311323
7368000000,0.00168963228536
7381000000,0.00183692198064
7387000000,0.00196141346994
7402000000,0.0020651549152
7409000000,0.00215021209009
7421000000,0.0022459502399
7427000000,0.00235174451822
7439000000,0.00244129466835
7450000000,0.00251604386037
7451000000,0.00257745741199
7451000000,0.00266055995086
7482000000,0.0027347956541
7488000000,0.00280495334657
7501000000,0.00287692364025
7512000000,0.00293805359355
7520000000,0.00298927298074
7533000000,0.00303153526808
7544000000,0.0030552137959
7547000000,0.00306987109688
7560000000,0.00307921660616
7570000000,0.00299789115895
7581000000,0.00286205697409
7590000000,0.00273274436402
7605000000,0.00261146417278
7612000000,0.00452189814894
7621000000,0.00716604417746
7630000000,0.00962886161151
7642000000,0.0118936159068
7649000000,0.0143791939324
7660000000,0.0203793982884
7670000000,0.0259163329713
7678000000,0.0309641073116
7688000000,0.0355133438965
7701000000,0.0413860241223
7709000000,0.0493285852964
7717000000,0.0565245190199
7726000000,0.0634012948726
7746000000,0.0732907779372
7747000000,0.0822142363271
7764000000,0.0901764297883
7773000000,0.0972026985356
7786000000,0.103714056427
7791000000,0.112692217558
7797000000,0.120659298265
7798000000,0.127651020764
7820000000,0.135091273524
7832000000,0.142923886963
7833000000,0.149781289927
7838000000,0.155716552528
7861000000,0.160950117662
7870000000,0.166767700983
7879000000,0.171770757005
7890000000,0.176019492136
7899000000,0.179578334603
7912000000,0.182831910653
7921000000,0.18596933712
7932000000,0.188322314603
7940000000,0.190048687384
7949000000,0.191371294222
7961000000,0.192345593471
7970000000,0.192642454992
7979000000,0.192155876679
7987000000,0.191523264707
8001000000,0.190790123426
8001000000,0.189994175464
8022000000,0.188319848246
8039000000,0.185493122228
8056000000,0.182809884647
8056000000,0.180299336142
8085000000,0.177980770381
8085000000,0.175865991115
8117000000,0.172259214564
8117000000,0.16945055028
8121000000,0.16644445686
8130000000,0.159254677827
8141000000,0.150221945483
8152000000,0.139111312565
8162000000,0.128934572158
8172000000,0.118536917448
8178000000,0.1074423605
8190000000,0.0974794784715
8192000000,0.0886309636187
8192000000,0.0808593463736
8192000000,0.0741111593161
8192000000,0.0683206487874
8234000000,0.0621057368507
8252000000,0.0537980383896
8259000000,0.0434859688659
8271000000,0.0335720628895
8282000000,0.0248008122862
8287000000,0.0171275366419
8296000000,0.00809041254341
8312000000,-0.0013980016457
8317000000,-0.00973802294306
8332000000,-0.0172732681553
8340000000,-0.0262793555434
8350000000,-0.0341688587798
8357000000,-0.0410004726983
8374000000,-0.0468450424394
8381000000,-0.0545343404198
8391000000,-0.0619030766183
8414000000,-0.0682986162798
8414000000,-0.0737843433995
8419000000,-0.0789115116379
8431000000,-0.0851182282689
8439000000,-0.0904858578257
8453000000,-0.0950718069595
8471000000,-0.0989391761255
8471000000,-0.102658208116
8483000000,-0.107725307095
8484000000,-0.112118056498
8497000000,-0.116682844141
8510000000,-0.121791121769
8519000000,-0.126242116404
8519000000,-0.130075305625
8537000000,-0.133336387108
8537000000,-0.136216176279
8554000000,-0.139861297391
8554000000,-0.142996528932
8557000000,-0.145658513696
8586000000,-0.148966229451
8595000000,-0.152080588385
8606000000,-0.154923774087
8616000000,-0.157515119714
8631000000,-0.159713858939
8642000000,-0.161553869101
8653000000,-0.163181258733
8662000000,-0.164941416214
8669000000,-0.166410919583
8678000000,-0.167618452632
8678000000,-0.168592714044
8699000000,-0.168955784077
8709000000,-0.168996555833
8719000000,-0.168920132717
8719000000,-0.168752353047
8742000000,-0.168238005575
8749000000,-0.167510582664
8766000000,-0.166781220091
8772000000,-0.166066481913
8780000000,-0.164238902081
8791000000,-0.162516898688
8796000000,-0.160915961785
8811000000,-0.159324091334
8822000000,-0.15680730031
8832000000,-0.154500502833
8842000000,-0.152410643016
8848000000,-0.150538270898
8861000000,-0.148878860733
8871000000,-0.147090531462
8897000000,-0.144215914992
8897000000,-0.141623637552
8918000000,-0.13931168485
8918000000,-0.137272124219
8918000000,-0.135492572566
8931000000,-0.133417971037
8937000000,-0.128957457961
8951000000,-0.123990588746
8960000000,-0.119489574844
8970000000,-0.115456154756
8981000000,-0.111874453461
8989000000,-0.106490823918
9002000000,-0.101660760501
9011000000,-0.0973748757057
9020000000,-0.093606248736
9032000000,-0.0881104859132
9040000000,-0.0829796513048
9051000000,-0.0782034671905
9066000000,-0.0718943211999
9073000000,-0.066268780396
9081000000,-0.0613077880624
9094000000,-0.0552798251001
9110000000,-0.0492395807772
9119000000,-0.0439138803197
9119000000,-0.0392700542916
9126000000,-0.0352671887169
9142000000,-0.0318587174524
9147000000,-0.0279035383977
9160000000,-0.0234428523836
9172000000,-0.0195643202642
9182000000,-0.015278254398
9188000000,-0.0101593409585
9199000000,-0.00565143094449
9209000000,-0.00172567015038
9221000000,0.00165359917131
9228000000,0.00452624882981
9238000000,0.00693531605277
9252000000,0.0103608943512
9261000000,0.0139258460614
9270000000,0.0194931819027
9279000000,0.0244739724019
9290000000,0.0288812203031
9298000000,0.032276434059
9306000000,0.0345041844813
9319000000,0.0363198650831
9332000000,0.0377703661466
9341000000,0.0380656198015
9350000000,0.036233360251
9364000000,0.034337210189
9371000000,0.0324329413279
9373000000,0.030564696801
9394000000,0.0287666700929
9398000000,0.0258222984653
9398000000,0.0212494823028
9398000000,0.0169987950594
9398000000,0.0130974104894
9399000000,0.00955855557157
9399000000,0.00518152170793
9399000000,-0.00150130068535
9472000000,-0.00758883272265
9482000000,-0.0133636275263
9482000000,-0.0228040781302
9500000000,-0.0318848944533
9511000000,-0.0400633744336
9521000000,-0.0473480177343
9532000000,-0.0541842296452
9542000000,-0.0604404799057
9552000000,-0.0658735903138
9562000000,-0.0705359189057
9572000000,-0.0745051354893
9581000000,-0.0778661074822
9590000000,-0.0806374517468
9603000000,-0.0828820831308
9606000000,-0.0842111946516
9622000000,-0.0849720329111
9640000000,-0.0854231366459
9642000000,-0.0856195394519
9651000000,-0.0852911568848
9663000000,-0.0843590967411
9670000000,-0.0833538487441
9679000000,-0.0823133259086
9679000000,-0.0812678511641
9679000000,-0.0802409534328
9710000000,-0.0792390085893
9720000000,-0.0764350069375
9728000000,-0.0736085698005
9738000000,-0.0695938477281
9751000000,-0.0638425231283
9762000000,-0.0585410222975
9771000000,-0.0537116571654
9778000000,-0.0479213001345
9793000000,-0.0417551698994
9802000000,-0.0362063591423
9814000000,-0.0312690214061
9823000000,-0.026924150039
9831000000,-0.0213139084978
9842000000,-0.0145572356016
9851000000,-0.00852403602686
9860000000,-0.00254508200002
9872000000,0.00521132653741
9878000000,0.0121351372992
9891000000,0.018247501049
9901000000,0.0255664391379
9905000000,0.0339698720063
9920000000,0.0414404287654
9928000000,0.0480090713437
9942000000,0.0546585115465
9950000000,0.062581534513
9962000000,0.0695654590263
9972000000,0.075652727749
9982000000,0.0841476294629
9992000000,0.0916649121494
9996000000,0.0982438778139
9996000000,0.103936553391
9996000000,0.10880282626
10028000000,0.114172306732
10039000000,0.120007129142
10050000000,0.125865714467
10061000000,0.132784176633
10069000000,0.138862757566
10096000000,0.144143657244
10096000000,0.148677522323
10101000000,0.152519874965
10108000000,0.15816255912
10121000000,0.163087963843
10130000000,0.167338207125
10142000000,0.170961619455
10150000000,0.17554392605
10157000000,0.179511872791
10169000000,0.183105022404
10181000000,0.187905550561
10191000000,0.192104597278
10199000000,0.195735669528
10212000000,0.198838193884
10222000000,0.201890750384
10230000000,0.204657816882
10237000000,0.206985973588
10239000000,0.208915302821
10261000000,0.210668004107
10270000000,0.212799329784
10277000000,0.214597187514
10280000000,0.216091906704
10301000000,0.217309424379
10312000000,0.218279854468
10314000000,0.219036789898
10323000000,0.219563929424
10339000000,0.219923596071
10349000000,0.220152275298
10361000000,0.220272498453
10371000000,0.219933971536
10392000000,0.219456674289
10392000000,0.218954762657
10394000000,0.218444286054
10408000000,0.217938165401
10421000000,0.217444899903
10430000000,0.2165868259
10438000000,0.215538062114
10450000000,0.214562404615
10461000000,0.21022260965
10469000000,0.205799370713
10483000000,0.20171848017
10492000000,0.197998585685
10503000000,0.194646304777
10509000000,0.191658558927
10522000000,0.189024756065
10531000000,0.182270740824
10536000000,0.175034333789
10543000000,0.167070679553
10543000000,0.154430045114
10557000000,0.142877237606
10580000000,0.13062504399
10591000000,0.115465148036
10601000000,0.101767578857
10613000000,0.0867973007908
10622000000,0.0707501552178
10629000000,0.0564181473876
10642000000,0.0437585075152
10643000000,0.0327001423729
10651000000,0.0208687795651
10669000000,0.0083514086939
10682000000,-0.00258426758816
10688000000,-0.0120286310244
10697000000,-0.0227221478927
10710000000,-0.0330860694706
10727000000,-0.0420455501885
10735000000,-0.0496975710566
10741000000,-0.0564187977688
10750000000,-0.0644080431299
10758000000,-0.0712540939376
10764000000,-0.0770458336248
10777000000,-0.0829215889482
10788000000,-0.0885485739556
10805000000,-0.0932909608752
10812000000,-0.0972298111354
10820000000,-0.100447110616
10833000000,-0.103023734358
10839000000,-0.105305974583
10848000000,-0.107475955785
10858000000,-0.109183889029
10870000000,-0.110455651103
10880000000,-0.111252134264
10891000000,-0.111763716699
10904000000,-0.112039452623
10912000000,-0.111748312951
10927000000,-0.110960731892
10937000000,-0.110101562298
10957000000,-0.109204658235
10957000000,-0.108297674308
10957000000,-0.107402675815
10972000000,-0.105752382753
10982000000,-0.10190149763
10993000000,-0.0971372997596
11009000000,-0.0927178353395
11009000000,-0.0886682693273
11020000000,-0.0850004046941
11028000000,-0.0817149852548
11029000000,-0.0770733898178
11050000000,-0.0727098522482
11051000000,-0.0688186938657
11070000000,-0.062092939013
11080000000,-0.0556469000459
11091000000,-0.0495986976826
11101000000,-0.0419150056312
11112000000,-0.0350160172232
11129000000,-0.0288905046649
11132000000,-0.0235117444495
11143000000,-0.0179114155785
11151000000,-0.0109126614638
11163000000,-0.00471818279687
11172000000,0.00240004826439
11182000000,0.00978933551256
11198000000,0.0163130669868
11198000000,0.0220084264691
11198000000,0.0269233784357
11211000000,0.0311139400091
11231000000,0.0363773435603
11237000000,0.0420641208812
11237000000,0.0470222216158
11255000000,0.0512940671313
11273000000,0.0579783798958
11278000000,0.0638944106455
11293000000,0.0697873948662
11300000000,0.0765663846087
11309000000,0.0825480239761
11319000000,0.0877675736066
11322000000,0.0922687520749
11337000000,0.0984604015734
11351000000,0.104152998563
11355000000,0.109112987726
11355000000,0.113385132227
11376000000,0.117360073909
11386000000,0.121952009428
11395000000,0.125917895051
11412000000,0.129300732397
11425000000,0.133650239235
11436000000,0.137789659013
11441000000,0.141367704154
11452000000,0.144691315631
11462000000,0.148112238334
11473000000,0.151042422476
11482000000,0.153519229535
11488000000,0.155582832927
11497000000,0.157377506521
11509000000,0.159740302779
11517000000,0.161749815707
11530000000,0.163435841347
11538000000,0.165009077909
11538000000,0.166484216143
11559000000,0.167703118693
11572000000,0.16875177229
11582000000,0.169728730278
11589000000,0.170515702004
11602000000,0.171135177904
11612000000,0.171591619341
11624000000,0.171773464768
11629000000,0.171857509526
11648000000,0.171862210126
11669000000,0.17180402804
11669000000,0.171697598383
11674000000,0.171555339116
11687000000,0.170991573892
11692000000,0.170269318454
11703000000,0.169032490232
11712000000,0.167735502979
11726000000,0.166527480886
11732000000,0.165416507749
11748000000,0.164157275873
11756000000,0.1620427843
11765000000,0.160105023896
11767000000,0.158349422178
11767000000,0.156776356074
11783000000,0.155382080318
11809000000,0.15299944388
11809000000,0.150849742829
11809000000,0.148931482821
11831000000,0.147238267043
11838000000,0.144440988291
11850000000,0.141925865304
11860000000,0.137963262647
11872000000,0.133652076061
11879000000,0.129759989685
11889000000,0.126285050864
11900000000,0.123216380541
11913000000,0.121013125299
11920000000,0.119844753241
11930000000,0.118941093998
11937000000,0.11971238264
11950000000,0.121521246531
11950000000,0.123337774437
11950000000,0.125119395351
11950000000,0.127868404073
11950000000,0.132817968461
11991000000,0.137443963187
12011000000,0.142129447105
12021000000,0.14804187248
12032000000,0.153440440312
12040000000,0.158312832378
12040000000,0.162661319719
12059000000,0.167365890391
12070000000,0.172093658326
12079000000,0.176267347313
12079000000,0.179910462563
12079000000,0.183053432413
12107000000,0.186695706766
12124000000,0.190256553888
12132000000,0.193339869206
12132000000,0.195977746127
12153000000,0.198205406311
12166000000,0.200790126363
12172000000,0.203073306641
12182000000,0.204495782902
12194000000,0.205132028104
12213000000,0.205543060581
12213000000,0.205767491725
12222000000,0.205839765515
12232000000,0.204681906676
12241000000,0.202413841865
12254000000,0.200215469912
12264000000,0.19812075614
12270000000,0.194246947435
12282000000,0.189392869812
12289000000,0.183152702324
12298000000,0.175697669672
12308000000,0.168862954938
12324000000,0.162669537618
12332000000,0.157119577049
12348000000,0.150679366134
12361000000,0.142712701505
12370000000,0.135563064609
12376000000,0.129217075929
12382000000,0.123645301542
12382000000,0.118807737043
12395000000,0.114656464492
12414000000,0.108940881253
12417000000,0.101862900788
12417000000,0.0928453874271
12439000000,0.0807557538934
12456000000,0.0698289950792
12467000000,0.060062368999
12467000000,0.0514279603751
12485000000,0.0438789973455
12494000000,0.0373556912485
12501000000,0.026966533273
12512000000,0.0143771610612
12523000000,0.00312111737685
12532000000,-0.00892236732381
12532000000,-0.0209509000381
12542000000,-0.0315741649139
12549000000,-0.0408508707493
12549000000,-0.048858189539
12581000000,-0.0582252785072
12590000000,-0.0680093613332
12601000000,-0.0765371247079
12613000000,-0.0847538147693
12613000000,-0.0938018949448
12632000000,-0.101666096752
12642000000,-0.108420294162
12652000000,-0.114148338061
12661000000,-0.118939618843
12672000000,-0.122886424541
12683000000,-0.126693883365
12693000000,-0.13411484642
12702000000,-0.141454338397
12708000000,-0.147898873819
12724000000,-0.153493540506
12736000000,-0.158781741481
12744000000,-0.164418978433
12755000000,-0.169286258442
12759000000,-0.173438016322
12759000000,-0.176932770031
12759000000,-0.179830197939
12793000000,-0.183334650523
12793000000,-0.186568484391
12811000000,-0.189290212487
12821000000,-0.191827013
12832000000,-0.194339212193
12849000000,-0.196438018434
12858000000,-0.198162961436
12862000000,-0.199554000053
12874000000,-0.20133355909
12882000000,-0.20288918767
12893000000,-0.203981805351
12899000000,-0.204656496796
12912000000,-0.205140582001
12921000000,-0.205462856182
12932000000,-0.205649604125
12940000000,-0.205679445903
12949000000,-0.205555749726
12963000000,-0.205369149179
12971000000,-0.204324030681
12974000000,-0.203098838959
12974000000,-0.201922998146
13018000000,-0.200811615695
13018000000,-0.199775557051
13018000000,-0.198821778327
13032000000,-0.197150062397
13043000000,-0.195417877827
13052000000,-0.193549400138
13058000000,-0.190724772085
13072000000,-0.188142987836
13082000000,-0.185810036851
13105000000,-0.183725129942
13105000000,-0.181882209722
13118000000,-0.180271054626
13118000000,-0.178878350054
13119000000,-0.177688704197
13145000000,-0.174846723279
13152000000,-0.171297989426
13159000000,-0.168087916577
13171000000,-0.16441226945
13171000000,-0.159311123586
13191000000,-0.154692435564
13199000000,-0.150557038718
13209000000,-0.146894831304
13222000000,-0.143687336463
13231000000,-0.138282823658
13237000000,-0.133438347569
13248000000,-0.129143318265
13261000000,-0.125377095225
13272000000,-0.119813952425
13285000000,-0.114608025495
13294000000,-0.110006652491
13301000000,-0.105984604406
13312000000,-0.102509011459
13322000000,-0.0976494199921
13331000000,-0.0911023885871
13341000000,-0.0837952640444
13352000000,-0.0772526795621
13361000000,-0.0714592413204
13364000000,-0.0649284575313
13372000000,-0.0585730890802
13394000000,-0.0529889570743
13397000000,-0.0481371361519
13412000000,-0.0439707447749
13421000000,-0.0404374854103
13431000000,-0.0357012334284
13441000000,-0.0315949766935
13451000000,-0.028077128814
13461000000,-0.0230510756578
13470000000,-0.0186428821091
13477000000,-0.014820050117
13491000000,-0.0108447751223
13507000000,-0.0063930409486
13512000000,-0.00251174418298
13522000000,0.000833037472727
13532000000,0.00505969022521
13542000000,0.00908412583124
13552000000,0.0125805685553
13561000000,0.0155828216232
13572000000,0.0181283820178
13581000000,0.0204263343533
13592000000,0.02382604914
13600000000,0.0267874982999
13609000000,0.0293374850744
13620000000,0.03248835577
13630000000,0.035470810341
13639000000,0.0380553836633
13645000000,0.0402680323617
13662000000,0.0421419678105
13668000000,0.0451005383892
13681000000,0.0476934496268
13690000000,0.0499403936154
13699000000,0.052380636811
13708000000,0.0547053155917
13718000000,0.0567102300763
13730000000,0.0584179216409
13738000000,0.059853011865
13752000000,0.0614229171596
13764000000,0.0633007824608
13781000000,0.0649229376254
13798000000,0.0663073141216
13798000000,0.0674730923915
13798000000,0.0684400770787
13810000000,0.0694688443139
13824000000,0.0710525413472
13833000000,0.0724902108286
13833000000,0.0737363173939
13850000000,0.0748035528858
13856000000,0.0758273579934
13872000000,0.0766931806695
13885000000,0.0774149116203
13892000000,0.078006782692
13901000000,0.0784831151669
13905000000,0.078857727978
13921000000,0.0791437379142
13930000000,0.079353460048
13940000000,0.0794980595506
13950000000,0.0794769781874
13961000000,0.0793451013561
13970000000,0.0791884671351
13979000000,0.0790158297442
13989000000,0.0785201370102
13998000000,0.077963764646
14011000000,0.0774353348418
14021000000,0.0769405208375
14030000000,0.0761360857024
14038000000,0.0753075490176
14052000000,0.0745486482708
14061000000,0.0738615218238
14067000000,0.072912107108
14078000000,0.0717270953306
14090000000,0.0706524436187
14102000000,0.0696887101202
14111000000,0.0686119216735
14120000000,0.06714839777
14128000000,0.0658302515134
14142000000,0.0644814817098
14148000000,0.0626021312703
14159000000,0.0609093423544
14167000000,0.058944895006
14181000000,0.0567419303299
14192000000,0.0547686475384
14199000000,0.0530204048364
14207000000,0.0514885351064
14222000000,0.049501417873
14232000000,0.0474690528367
14242000000,0.0456750144956
14251000000,0.0441089073958
14261000000,0.042757411845
14274000000,0.0407713585814
14279000000,0.0389279728335
14288000000,0.0373130945677
14301000000,0.0357217842196
14312000000,0.0335927398101
14319000000,0.0317084433867
14333000000,0.0300591763005
14336000000,0.0286318898374
14352000000,0.0270307819852
14362000000,0.0250859516758
14367000000,0.0233742163373
14378000000,0.0216018653583
14387000000,0.0194116454819
14402000000,0.0174730513368
14410000000,0.0157760323058
14418000000,0.0143072319439
14427000000,0.0130510789011
14434000000,0.0111839112303
14450000000,0.00954369905647
14457000000,0.00811914238491
14470000000,0.00689644119
14476000000,0.00586012264261
14491000000,0.00420681147727
14498000000,0.00243157975677
14510000000,0.000137663167039
14520000000,-0.00191112618626
14531000000,-0.00372073475902
14540000000,-0.00530132668871
14551000000,-0.00666607678441
14560000000,-0.00795594901097
14568000000,-0.00954402115941
14580000000,-0.0109267731292
14589000000,-0.0121211595034
14598000000,-0.0136450188936
14614000000,-0.0149742723963
14620000000,-0.0161219275803
14630000000,-0.0176159341804
14637000000,-0.0189229398349
14637000000,-0.0200533549484
14661000000,-0.0210192992289
14661000000,-0.0218338062934
14681000000,-0.022664763221
14685000000,-0.023463005784
14701000000,-0.0241346853776
14710000000,-0.0246916623492
14722000000,-0.0254415628023
14735000000,-0.0261144358994
14742000000,-0.0266847929479
14751000000,-0.0272329450885
14761000000,-0.027854849956
14768000000,-0.0283715432113
14777000000,-0.0288025163447
14791000000,-0.029159301364
14814000000,-0.0294496277482
14814000000,-0.029680960011
14833000000,-0.029860486892
14833000000,-0.0299951080946
14851000000,-0.0300916287422
14864000000,-0.0301564797843
14864000000,-0.0301942734873
14872000000,-0.0302098784557
14872000000,-0.0300755401698
14892000000,-0.0299206788954
14903000000,-0.0296920066866
14912000000,-0.0293993272184
14916000000,-0.0291216005918
14934000000,-0.0288618550215
14939000000,-0.02862206196
14949000000,-0.0282050895069
14962000000,-0.0277730999295
14971000000,-0.0272605427504
14981000000,-0.0266782000082
14991000000,-0.0261494341809
15001000000,-0.0256747011538
15011000000,-0.025198219235
15022000000,-0.024562220515
15032000000,-0.0239916910205
15041000000,-0.0234854833905
15049000000,-0.0230412614356
15061000000,-0.0226557996171
15072000000,-0.0219424800227
15083000000,-0.0213029775835
15090000000,-0.0207359221709
15102000000,-0.0200429847407
15110000000,-0.0193460903098
15122000000,-0.0187293856736
15129000000,-0.0180670415724
15140000000,-0.0173053879963
15151000000,-0.0166308276382
15159000000,-0.0160399585326
15159000000,-0.0155282351746
15179000000,-0.0150903424913
15189000000,-0.0147204201721
15212000000,-0.0144123250094
15230000000,-0.0141598064224
15230000000,-0.0139566792617
15230000000,-0.0137632964157
15242000000,-0.0133143910921
15250000000,-0.0127668053379
15261000000,-0.0118257905771
15272000000,-0.0108195933109
15279000000,-0.00990912032623
15292000000,-0.00909439758583
15310000000,-0.00837332689553
15310000000,-0.00774215653177
15322000000,-0.00719597901564
15332000000,-0.00672904664817
15338000000,-0.00622585147934
15347000000,-0.00554712377152
15362000000,-0.00495053864196
15363000000,-0.00443199672013
15381000000,-0.00398652325516
15389000000,-0.00328614978376
15397000000,-0.00245719568712
15410000000,-0.00171906280054
15419000000,-0.00106903092633
15430000000,-0.000106111795673
15440000000,0.000920102455026
15451000000,0.00183586553775
15456000000,0.0030244041696
15472000000,0.00408697162086
15479000000,0.00517142568125
15490000000,0.00627053852493
15502000000,0.00736553725531
15511000000,0.00840978069485
15533000000,0.00932370017032
15535000000,0.0101144760548
15535000000,0.0107904297763
15549000000,0.0113607065881
15561000000,0.0118349153817
15572000000,0.0123157319065
15580000000,0.0127441083031
15589000000,0.0131400853099
15600000000,0.0134659871542
15607000000,0.0137293199011
15621000000,0.0139373765082
15629000000,0.0141390713253
15638000000,0.0143370288604
15650000000,0.0144942279775
15662000000,0.0146157954649
15672000000,0.0147065657115
15681000000,0.0147772524675
15691000000,0.0148259719877
15700000000,0.0148556981482
15715000000,0.0148758518075
15724000000,0.0149062962071
15730000000,0.0149249171976
15743000000,0.0149337998052
15762000000,0.0149347938308
15762000000,0.0149294854317
15771000000,0.014919295407
15771000000,0.0149053342672
15787000000,0.0148457898583
15794000000,0.0147141188981
15811000000,0.0145587554217
15821000000,0.0143384924972
15829000000,0.0141336526559
15847000000,0.0139455192649
15848000000,0.0137747412469
15861000000,0.0136214509847
15871000000,0.0134392479455
15881000000,0.0132714250702
15892000000,0.0131041673923
15898000000,0.0128837413283
15914000000,0.012686445884
15923000000,0.0125117779615
15931000000,0.0123588371219
15940000000,0.0119488223672
15955000000,0.011574766859
15967000000,0.0112374119091
15972000000,0.0109365144756
15983000000,0.0106419852802
15995000000,0.0103709108778
16003000000,0.0101344449504
16007000000,0.00993614038395
16021000000,0.00978956864114
16031000000,0.00966895540151
16037000000,0.00957148413064
16049000000,0.00950566018505
16062000000,0.00948252490383
16071000000,0.00947240007171
16077000000,0.00947273974846
16092000000,0.00931058835394
16110000000,0.00909359607052
16117000000,0.00889733240707
16124000000,0.0087217946468
16131000000,0.00856651850346
16141000000,0.00823093999178
16152000000,0.00792581827303
16160000000,0.00765150534705
16171000000,0.00740759616508
16181000000,0.00706941620718
16189000000,0.0067149333677
16190000000,0.00639837205306
16207000000,0.00611877998104
16223000000,0.0058740931869
16232000000,0.00550081067112
16240000000,0.00516833335419
16251000000,0.00487544336139
16261000000,0.00459168828461
16272000000,0.00423358638566
16281000000,0.00391712144651
16292000000,0.0036405536418
16303000000,0.00330647848708
16304000000,0.00297331912996
16310000000,0.00268126458404
16310000000,0.00242813020623
16310000000,0.00221135523274
16342000000,0.00192636922191
16346000000,0.00165322185919
16370000000,0.00139515131065
16383000000,0.00109043182878
16391000000,0.000823181404272
16400000000,0.00059143303412
16412000000,0.000392865123467
16422000000,0.000224611466158
16431000000,-1.77270177542e-05
16438000000,-0.00022874984046
16452000000,-0.00041791452225
16453000000,-0.000639703613246
16471000000,-0.000832432268198
16480000000,-0.000997941386137
16493000000,-0.00113826654725
16502000000,-0.00128608956707
16527000000,-0.00145593659291
16527000000,-0.0017273191862
16542000000,-0.00183232649404
16551000000,-0.00194097626914
16562000000,-0.00205327686857
16574000000,-0.00216962437158
16579000000,-0.00228971667877
16592000000,-0.00239299094668
16605000000,-0.00248071005978
16608000000,-0.00255420489219
16620000000,-0.00262534960259
16631000000,-0.00268868749159
16640000000,-0.00274084775409
16649000000,-0.00278302305316
16660000000,-0.00282063094418
16672000000,-0.00285444095233
16678000000,-0.00288106948976
16692000000,-0.00290143938863
16701000000,-0.00291640873179
16712000000,-0.002922243699
16719000000,-0.00292447802792
16729000000,-0.00292381876195
16742000000,-0.0029142508322
16752000000,-0.00289364007526
16762000000,-0.00287282302131
16771000000,-0.00285230156659
16781000000,-0.00281392410334
16792000000,-0.00277311122932
16801000000,-0.00273503127188
16811000000,-0.00260251541019
16811000000,-0.00238395374838
16830000000,-0.00218110745486
16841000000,-0.00199518143039
16851000000,-0.00180375028408
16860000000,-0.00162163374543
16870000000,-0.00145889097612
16880000000,-0.00131505576715
16899000000,-0.00120111821617
16899000000,-0.00110848293632
16899000000,-0.00103062422955
16920000000,-0.000966147788338
16932000000,-0.000913656034062
16942000000,-0.000889790378138
16952000000,-0.000881671989039
16968000000,-0.000879905040674
16972000000,-0.000883176479542
16982000000,-0.000890338439784
16990000000,-0.000912702775509
17003000000,-0.000948249499976
17012000000,-0.000983572295887
17026000000,-0.00101792514187
17036000000,-0.00106983105516
17042000000,-0.00112069890067
17042000000,-0.00116788626916
17042000000,-0.00121838405495
17067000000,-0.00127474713091
17079000000,-0.00132587626455
17079000000,-0.00137173436079
17101000000,-0.00141517534861
17110000000,-0.00146424012978
17121000000,-0.00150770502242
17138000000,-0.00154577590273
17138000000,-0.00158059524141
17146000000,-0.00161775758713
17162000000,-0.00164996991709
17172000000,-0.00167755490895
17181000000,-0.00170086313651
17189000000,-0.0015854518895
17201000000,-0.0013889748352
17210000000,-0.00111720346332
17219000000,-0.00077920931109
17231000000,-0.000466533660462
17243000000,-0.000180806943404
17253000000,7.73011446575e-05
17267000000,0.000307878241585
17276000000,0.000511608730726
17283000000,0.000744541581201
17292000000,0.00107042449068
17302000000,0.00140619820551
17312000000,0.00170621071648
17322000000,0.00197133422683
17330000000,0.00223657729863
17339000000,0.00249010171413
17340000000,0.00271066479842
17354000000,0.00290029756376
17364000000,0.00306130121623
17382000000,0.00319613489198
17391000000,0.00334983283912
17400000000,0.00349004440064
17410000000,0.00360805986522
17421000000,0.00371515698497
17438000000,0.00382430464908
17442000000,0.00391552110486
17452000000,0.00399055969015
17461000000,0.00407498981622
17468000000,0.00414525386033
17473000000,0.00420278331898
17474000000,0.00424899145799
17502000000,0.00428523327134
17502000000,0.00431279517101
17502000000,0.00433289390385
17531000000,0.00435752469798
17541000000,0.00437619933968
17552000000,0.00439383814759
17564000000,0.004406898954
17572000000,0.0043538588032
17581000000,0.00415976313956
17589000000,0.00397584281886
17600000000,0.00380405510553
17611000000,0.00361157533892
17621000000,0.00342694529898
17636000000,0.00325952683217
17640000000,0.00310941895094
17652000000,0.00297802565008
17660000000,0.00286960689985
17669000000,0.00277616913722
17678000000,0.00269662855505
17688000000,0.00262982143463
17701000000,0.00259244000574
17713000000,0.00256867067931
17719000000,0.0025525379241
17719000000,0.00254277996805
17742000000,0.00255085739544
17751000000,0.00257455347463
17758000000,0.00259998231671
17758000000,0.0026262090456
17758000000,0.00265247899441
17758000000,0.00267819074053
17758000000,0.00270288016979
17758000000,0.00272620831746
17758000000,0.00277613408437
17829000000,0.00283409646155
17829000000,0.00288759713739
17829000000,0.00296283825602
17829000000,0.00304888688632
17829000000,0.00312727904884
17877000000,0.00320827802595
17877000000,0.00330458584777
17901000000,0.0033912398145
17913000000,0.00349163658421
17925000000,0.00358706012842
17931000000,0.00367172017551
17941000000,0.00375703718708
17952000000,0.00384261006265
17959000000,0.00391755448664
17975000000,0.00398244277011
17980000000,0.00405480908297
17990000000,0.00412849046022
18001000000,0.00419248187322
18010000000,0.00425024747403
18023000000,0.00432442758824
18030000000,0.0043892415175
18042000000,0.0044452189107
18049000000,0.0044929749904
18061000000,0.0045482816957
18068000000,0.00460564872474
18079000000,0.0046552206304
18090000000,0.00469753605277
18101000000,0.00474114440589
18110000000,0.0047898645797
18122000000,0.00483188229491
18131000000,0.00486766980211
18141000000,0.00489774183548
18153000000,0.00492263078669
18163000000,0.00495363068901
18171000000,0.00498608109557
18180000000,0.00502197477342
18190000000,0.00505301734514
18202000000,0.00507953070264
18209000000,0.00509634013395
18221000000,0.00510909093016
18231000000,0.00511885526012
18231000000,0.00512604761172
18252000000,0.00513104878923
18263000000,0.00490344388693
18271000000,0.00466322629014
18282000000,0.00443917561847
18292000000,0.00423287367122
18301000000,0.00386135019076
18305000000,0.00351984425185
18318000000,0.00320964084874
18318000000,0.00293104926819
18341000000,0.0026569602887
18349000000,0.00231069810934
18356000000,0.00200114826193
18357000000,0.00172746129093
18381000000,0.00147038873559
18393000000,0.00117873012153
18402000000,0.000922657978454
18410000000,0.000677330761835
18421000000,0.000431285390822
18431000000,0.000218035590542
18440000000,3.54035171463e-05
18448000000,-0.00011899665437
18464000000,-0.000247685251549
18475000000,-0.000388450353393
18481000000,-0.000521225074669
18491000000,-0.000649846799971
18501000000,-0.000765163283577
18508000000,-0.000861504499618
18514000000,-0.000940724332963
18532000000,-0.00100467309845
18541000000,-0.00106484943935
18550000000,-0.00112215537336
18551000000,-0.00116810250364
18551000000,-0.00120406885883
18551000000,-0.00123799870462
18551000000,-0.00132225762407
18596000000,-0.00139619842289
18609000000,-0.00146034598185
18611000000,-0.00154944519515
18632000000,-0.00162803123088
18640000000,-0.00169657177968
18650000000,-0.00170369065672
18658000000,-0.00158692617768
18671000000,-0.00147288243102
18683000000,-0.00136353123307
18689000000,-0.00126032266745
18700000000,-0.00116426425752
18711000000,-0.00107598945996
18722000000,-0.000917060540409
18731000000,-0.000771083495143
18741000000,-0.000632779348132
18752000000,-0.000495212595175
18761000000,-0.000372207698067
18771000000,-0.00028138586358
18781000000,-0.000220645098748
18792000000,-0.000170472487126
18794000000,-0.000129746293739
18794000000,-9.73723786082e-05
18820000000,-7.23022503495e-05
18832000000,-6.75106382522e-05
18840000000,-8.07401722278e-05
18851000000,-9.67320146029e-05
18865000000,-0.000133463688572
18868000000,-0.000172129326761
18881000000,-0.000209749887355
18889000000,-0.000245703993901
18900000000,-0.000295392837942
18911000000,-0.000341690836442
18920000000,-0.000384275976221
18932000000,-0.000422976621659
18939000000,-0.00045774274435
18952000000,-0.000498625124181
18966000000,-0.000537592901679
18973000000,-0.00055226799427
18976000000,-0.000486348369778
18992000000,-0.000422488104922
18998000000,-0.000361674038148
18998000000,-0.000304614504977
18998000000,-0.000251784889374
18998000000,-0.000203474256132
18999000000,-0.000159808326553
18999000000,-0.000106229125323
19056000000,7.98839458714e-06
19069000000,0.000189601185916
19081000000,0.000356857265145
19092000000,0.000509062354747
19106000000,0.000677024507581
19116000000,0.000848196195539
19139000000,0.00100136264588
19139000000,0.00113691162995
19164000000,0.00125555102168
19164000000,0.00144599824148
19188000000,0.00152008940723
19188000000,0.00158172158274
19189000000,0.00164601732315
19201000000,0.00175409268206
19209000000,0.00185878623566
19220000000,0.00199787263548
19229000000,0.00212695797183
19230000000,0.00224101829971
19230000000,0.00234067353448
19261000000,0.00244831585528
19271000000,0.00255605561527
19279000000,0.00264984700473
19290000000,0.00273055219549
19300000000,0.00281814610184
19310000000,0.00289557143293
19323000000,0.00296153385907
19330000000,0.00301697684192
19338000000,0.00306288495927
19349000000,0.00310472429248
19360000000,0.00315617592041
19371000000,0.00319963096516
19378000000,0.00324092989614
19410000000,0.00327870277864
19410000000,0.00331008620528
19410000000,0.00333572754955
19410000000,0.00335626627669
19433000000,0.00337232618375
19439000000,0.00338449783482
19452000000,0.003393334184
19459000000,0.0034062200553
19469000000,0.0033891917975
19481000000,0.00326269982236
19495000000,0.00312507594273
19501000000,0.00297933261203
19512000000,0.00284443205852
19515000000,0.00272109777184
19515000000,0.00260963935371
19542000000,0.00251275777419
19548000000,0.00243348302201
19553000000,0.00236472146233
19572000000,0.00231129150473
19582000000,0.00227912391521
19592000000,0.00225407094907
19597000000,0.00223518610924
19610000000,0.00222158062163
19620000000,0.00230825304526
19631000000,0.00239283319644
19642000000,0.00247386772979
19651000000,0.00255029451722
19661000000,0.00265475222152
19671000000,0.00276535675725
19680000000,0.00286677204603
19688000000,0.00295866893276
19704000000,0.00305421324302
19711000000,0.00314817347971
19719000000,0.00323167097792
19731000000,0.0033043474255
19740000000,0.00336676369768
19751000000,0.00342026426648
19761000000,0.00346553550765
19766000000,0.00349702729203
19782000000,0.00351601224205
19792000000,0.00352977975619
19802000000,0.00353912420155
19811000000,0.00354477274624
19822000000,0.0035473800224
19827000000,0.00353527215327
19840000000,0.00352067398803
19852000000,0.00350550335592
19859000000,0.00349171021395
19869000000,0.0034802572099
19880000000,0.00346909665564
19890000000,0.0034584137017
19902000000,0.00345159947641
19912000000,0.00344847253315
19922000000,0.00344569134509
19932000000,0.00344324178643
19942000000,0.0034411024893
19952000000,0.00344059656254
19962000000,0.00344115009822
19972000000,0.00344131090229
19982000000,0.00344045214584
19992000000,0.00343972488666
20002000000,0.00343911492409
20009000000,0.00343860507496
20020000000,0.00343595255377
20029000000,0.00342844188851
20041000000,0.00342145371636
20041000000,0.00341503595983
20060000000,0.00340364231948
20070000000,0.0033853963575
20081000000,0.00336858763973
20092000000,0.00335327807389
20101000000,0.0033246729404
20112000000,0.00329484840816
20122000000,0.0032677266542
20130000000,0.00324334501312
20141000000,0.00317058331433
20148000000,0.00290786688727
20162000000,0.00266303109571
20171000000,0.00243776218237
20178000000,0.00223295060446
20192000000,0.00204884694847
20200000000,0.00179009848194
20211000000,0.00145079132183
20221000000,0.00104271981471
20230000000,0.000672738516034
20240000000,0.000341053362122
20249000000,4.69726062628e-05
20262000000,-0.000210887615128
20271000000,-0.00047052077518
20277000000,-0.00069590220793
20290000000,-0.000889242825022
20301000000,-0.00105567212159
20311000000,-0.00120517078415
20322000000,-0.00132954757224
20339000000,-0.00143133993285
20349000000,-0.00151304404604
20355000000,-0.00157708160459
20369000000,-0.0016257595753
20380000000,-0.00166123492827
20389000000,-0.0016854891238
20403000000,-0.00170037806129
20403000000,-0.00170754960684
20418000000,-0.0017084712028
20429000000,-0.0016348425556
20429000000,-0.00145976507666
20440000000,-0.00129286550674
20452000000,-0.00107617309866
20458000000,-0.000878066663307
20473000000,-0.000696220689292
20483000000,-0.000531256045617
20489000000,-0.000383285159851
20501000000,-0.000252016452633
20511000000,-0.000181776546324
20522000000,-0.000128802727453
20530000000,-8.67105520162e-05
20537000000,-7.27879026289e-05
20550000000,-7.35594682292e-05
20558000000,-7.96071289213e-05
20571000000,-8.96754979722e-05
20582000000,-0.000103975911153
20591000000,-0.000131185932871
20599000000,-0.000158897792601
20599000000,-0.000186379020895
20621000000,-0.000196221243759
20632000000,-0.000189607785257
20637000000,-0.000183605584758
20648000000,-0.000178217771942
20656000000,-0.000136624211953
20670000000,-9.38412808787e-05
20677000000,-5.43805987265e-05
20691000000,-1.40259244374e-05
20699000000,6.09940769476e-05
20712000000,0.000129842089963
20716000000,0.000192284822589
20716000000,0.000248282900825
20744000000,0.000324666341997
20753000000,0.000404517307409
20761000000,0.000476069749547
20770000000,0.000539481891452
20779000000,0.000625087143786
20793000000,0.000701448153391
20798000000,0.000768813854749
20809000000,0.000827586978112
20820000000,0.000903404384018
20830000000,0.000972928407435
20839000000,0.00103368145179
20850000000,0.00108615585841
20860000000,0.00113092877466
20873000000,0.00104489400693
20879000000,0.000959945386725
20891000000,0.000877760525416
20902000000,0.000785485909168
20916000000,0.000685217669661
20920000000,0.000592281243361
20924000000,0.000507199728382
20942000000,0.000438370715878
20951000000,0.000378036661819
20962000000,0.000325021225628
20969000000,0.00029272569012
20977000000,0.000271877899609
20989000000,0.000255752977791
20999000000,0.000243704390119
20999000000,0.000235137105221
20999000000,0.000229504847109
21029000000,0.000248158338327
21035000000,0.000269865462688
21035000000,0.000291537286768
21035000000,0.000312697785668
21070000000,0.000455490329069
21078000000,0.000709278676641
21090000000,0.000945976413109
21111000000,0.00126190422215
21122000000,0.00161453849848
21122000000,0.00193670686932
21128000000,0.0022465887299
21139000000,0.00259670460305
21146000000,0.0029107603582
21165000000,0.0031893656278
21172000000,0.0034337999386
21178000000,0.00368791953386
21189000000,0.00391378634676
21215000000,0.00410855296916
21215000000,0.00427444018153
21219000000,0.00441384430789
21229000000,0.00454786034239
21242000000,0.00466379720648
21251000000,0.00468852275245
21262000000,0.00459582538774
21271000000,0.004498098784
21283000000,0.00439858973145
21289000000,0.00429989364605
21302000000,0.00417809087808
21312000000,0.00406224489563
21319000000,0.0039536850371
21332000000,0.00385329487129
21340000000,0.00376158882424
21350000000,0.00367877507705
21361000000,0.00361437459143
21372000000,0.00356735285055
21381000000,0.00353674963116
21390000000,0.00353337560494
21402000000,0.00353386834331
21411000000,0.00353745156563
21422000000,0.00356219403839
21431000000,0.00358747436617
21439000000,0.00361260792838
21450000000,0.003637059234
21463000000,0.00367356264253
21471000000,0.00371109386134
21481000000,0.00374593690017
21489000000,0.00377787826269
21499000000,0.00380969696557
21512000000,0.00384936338939
21520000000,0.00388519735359
21531000000,0.00390537757778
21531000000,0.00387641715236
21552000000,0.0038474943253
21562000000,0.00381924570071
21572000000,0.00379215752074
21574000000,0.00376659018339
21589000000,0.00368329525994
21597000000,0.00360553114234
21607000000,0.00353386080752
21620000000,0.00342879392648
21628000000,0.00331598209169
21641000000,0.00321336710609
21646000000,0.00312108795842
21651000000,0.0029788460203
21672000000,0.00285013476621
21679000000,0.00273496334975
21691000000,0.00263303128894
21700000000,0.00249734327221
21714000000,0.00237143665114
21722000000,0.00226023602218
21732000000,0.00214222232442
21744000000,0.00200816798027
21752000000,0.00188975392719
21763000000,0.0017863077156
21769000000,0.00169696972891
21778000000,0.00159349036468
21796000000,0.00148617550728
21804000000,0.00139274451431
21817000000,0.00131234764467
21823000000,0.00119951338135
21833000000,0.00110041227168
21843000000,0.00101434831824
21852000000,0.000936719927928
21856000000,0.00083758283343
21868000000,0.000750999554586
21880000000,0.000676251342971
21884000000,0.000612504239574
21899000000,0.000534867469857
21911000000,0.000461975761917
21921000000,0.000399301832195
21930000000,0.000322662191268
21940000000,0.000253550208566
21951000000,0.000194026565461
21961000000,0.000143393331755
21968000000,0.000203221488802
21982000000,0.000330810558286
21989000000,0.000453861436794
22001000000,0.000570580439374
22009000000,0.000693193699962
22018000000,0.000826073656693
22029000000,0.000947941466276
22039000000,0.00105840221545
22052000000,0.00115099694335
22062000000,0.00122648106067
22071000000,0.00129195540621
22081000000,0.00134807813572
22093000000,0.00137546571612
22101000000,0.0013913039656
22111000000,0.00140175132313
22117000000,0.00140771242841
22130000000,0.00129993658238
22141000000,0.00112424571545
22150000000,0.000958217322099
22160000000,0.000803528057472
22160000000,0.000598672552375
22174000000,0.000369844607561
22190000000,0.000160927194598
22202000000,-2.76255713279e-05
22212000000,-0.000195906183696
22221000000,-0.000379152999637
22231000000,-0.000555932778229
22241000000,-0.000711634679214
22250000000,-0.000847237235224
22260000000,-0.000972662528653
22270000000,-0.00108856322914
22286000000,-0.00118733891418
22286000000,-0.00127040404431
22305000000,-0.00133922281739
22305000000,-0.00132543101767
22330000000,-0.0012753145777
22330000000,-0.00122187212455
22330000000,-0.00116697443801
22342000000,-0.00110248816458
22372000000,-0.00103989061699
22372000000,-0.000980179034248
22377000000,-0.000937363882229
22391000000,-0.000903402416096
22401000000,-0.000872575504563
22409000000,-0.00085333217131
22420000000,-0.000849012801153
22430000000,-0.000846348961956
22439000000,-0.000845044573965
22449000000,-0.00084787498577
22458000000,-0.000863226004368
22470000000,-0.000878315557075
22474000000,-0.000892857207374
22474000000,-0.00090663561297
22474000000,-0.000919496687368
22508000000,-0.000934100181584
22518000000,-0.000953749234927
22518000000,-0.000971743202987
22519000000,-0.000988028177088
22534000000,-0.00100322855133
22535000000,-0.00101916126846
22535000000,-0.00103327717164
22574000000,-0.00104563729462
22574000000,-0.00105493258977
22574000000,-0.00106185422866
22612000000,-0.00106750436989
22612000000,-0.00107202430552
22631000000,-0.000914864207431
22640000000,-0.000728009815408
22650000000,-0.000553811630646
22650000000,-0.000393482455992
22679000000,-0.000151098503399
22683000000,0.000111146886703
22694000000,0.000381942213012
22706000000,0.000700101428395
22713000000,0.000987884106999
22724000000,0.00124529254612
22732000000,0.00148684272422
22734000000,0.00175299613468
22751000000,0.00198797886744
22766000000,0.00219313336007
22766000000,0.00237019157587
22779000000,0.00252115229328
22789000000,0.00264817162511
22801000000,0.00278344553292
22810000000,0.00291670110893
22819000000,0.00307268944036
22829000000,0.00321792257298
22838000000,0.00334268682251
22853000000,0.00344853351447
22862000000,0.00353893844617
22872000000,0.00362078777761
22880000000,0.00368814597268
22892000000,0.00374256307279
22901000000,0.00379456987514
22912000000,0.00383606263849
22920000000,0.00386834338978
22930000000,0.00389264204638
22942000000,0.00390343751768
22954000000,0.00390722823422
22958000000,0.00390674985554
22973000000,0.00390288380367
22987000000,0.00388870910675
22994000000,0.00387129228474
23001000000,0.00385322352241
23013000000,0.00383504553195
23022000000,0.00381111943506
23031000000,0.00377439812038
23041000000,0.00373982216659
23051000000,0.00369351286623
23059000000,0.00364918015088
23070000000,0.00360866711521
23081000000,0.0035720703369
23085000000,0.00352605144918
23089000000,0.00347163541579
23102000000,0.00342257242413
23122000000,0.0033788240133
23127000000,0.00332674233031
23137000000,0.00326738085358
23150000000,0.00321437705669
23160000000,0.00316757109586
23170000000,0.00312114740834
23180000000,0.00305903132607
23191000000,0.00300380113508
23202000000,0.00295523599357
23212000000,0.00289768545053
23222000000,0.00283701950221
23231000000,0.0027835050906
23237000000,0.00273682049088
23250000000,0.00267302358291
23261000000,0.00261087123257
23270000000,0.00255616403067
23279000000,0.00250854694971
23279000000,0.00246756822487
23311000000,0.00243274121188
23315000000,0.00240353970952
23322000000,0.00235767622325
23330000000,0.00231768178342
23334000000,0.00228320900506
23334000000,0.0022538617963
23334000000,0.00221541027825
23365000000,0.00216186313954
23381000000,0.00211429579086
23390000000,0.00207250019704
23390000000,0.00202137627144
23412000000,0.00196199266741
23415000000,0.0019092570036
23431000000,0.0018500412554
23440000000,0.00178525236165
23451000000,0.00172541696345
23456000000,0.00166347942898
23470000000,0.00160897579737
23471000000,0.00156155516861
23471000000,0.00152078352905
23501000000,0.00148271152999
23511000000,0.00144261211933
23520000000,0.00140830172222
23531000000,0.00137216068537
23534000000,0.00133830635784
23547000000,0.00130949779903
23557000000,0.00128531434071
23557000000,0.00126531906514
23558000000,0.00124905589541
23590000000,0.00123376738969
23600000000,0.00121620588501
23608000000,0.00120163769317
23621000000,0.00118871035703
23630000000,0.00117413363013
23639000000,0.00116198103481
23651000000,0.00115072041878
23657000000,0.00114063939456
23668000000,0.00113240547764
23668000000,0.00112580852897
23695000000,0.00112065676256
23702000000,0.00111676230589
23712000000,0.00110808958516
23720000000,0.00110006390102
23728000000,0.00109323419813
23741000000,0.00108847584294
23748000000,0.0010846530717
23754000000,0.00108165768896
23766000000,0.0010793855663
23782000000,0.0010775358578
23790000000,0.00107620345299
23796000000,0.00107532028159
23811000000,0.00107481709805
23818000000,0.00107888136098
23829000000,0.0010829385213
23840000000,0.00108690401521
23849000000,0.00109071136584
23859000000,0.00109689580326
23863000000,0.00110645412283
23884000000,0.00111533441508
23891000000,0.00112348361321
23899000000,0.0011308732314
23909000000,0.00114301079775
23918000000,0.00115765426792
23923000000,0.00117098291986
23923000000,0.00118297100927
23948000000,0.00120245267178
23962000000,0.00122381407234
23962000000,0.00124312548712
23962000000,0.00126039241685
23962000000,0.0012756635968
24001000000,0.00129276175974
24013000000,0.00131633197588
24013000000,0.00133744392401
24025000000,0.00135615097917
24042000000,0.00137254389091
24047000000,0.00138674720392
24058000000,0.00140707944331
24071000000,0.0014375479372
24082000000,0.00148266696193
24092000000,0.00152370251131
24100000000,0.00157272022256
24111000000,0.00161823762711
24119000000,0.00165888771486
24131000000,0.00169479267634
24136000000,0.00172933663572
24152000000,0.00177181222406
24156000000,0.00180933409098
24156000000,0.00184211619831
24181000000,0.00187043110858
24191000000,0.00189458963835
24199000000,0.00192848013309
24204000000,0.00195955719892
24218000000,0.00198650451975
24230000000,0.00202053837878
24240000000,0.00206103662006
24250000000,0.00207577655055
24260000000,0.00206672457122
24264000000,0.00205616621058
24281000000,0.002044656804
24288000000,0.00203265522022
24298000000,0.00205910854402
24311000000,0.00209282846864
24321000000,0.00212372868557
24329000000,0.00215171520267
24341000000,0.00219172125444
24354000000,0.00224982552744
24364000000,0.00230280632137
24377000000,0.00235056694711
24377000000,0.0023931478191
24395000000,0.00243333488609
24396000000,0.00249169334196
24412000000,0.00254661050351
24422000000,0.00261880026514
24429000000,0.00268362276651
24440000000,0.0027411895431
24450000000,0.00279175279624
24461000000,0.00283190902378
24470000000,0.00286368214196
24480000000,0.0028901085776
24490000000,0.00291172608744
24501000000,0.00293009829019
24511000000,0.00294866850564
24522000000,0.00296366144096
24532000000,0.00297550106381
24543000000,0.00298772277986
24549000000,0.0029994227407
24560000000,0.00300875968272
24572000000,0.00301602357822
24583000000,0.00302148800318
24591000000,0.00303267210641
24602000000,0.00304515843567
24611000000,0.00305588067262
24627000000,0.00306497473604
24630000000,0.00307581392679
24642000000,0.00308984603295
24649000000,0.00310215780273
24665000000,0.00312073457815
24673000000,0.00313817324678
24682000000,0.00315361477239
24682000000,0.00316713965204
24705000000,0.00317884554389
24713000000,0.00318958221847
24723000000,0.00320510530153
24730000000,0.00322191518416
24741000000,0.00323808520774
24750000000,0.00325229739438
24762000000,0.00326465160597
24768000000,0.00327526112921
24768000000,0.0032875246205
24792000000,0.00330289458231
24799000000,0.00331641170598
24808000000,0.00332818069617
24822000000,0.00333831798937
24828000000,0.00334775168779
24840000000,0.00335584174914
24851000000,0.00336261312965
24865000000,0.00336818879843
24872000000,0.00339812096102
24889000000,0.00348344042585
24893000000,0.00356266956585
24911000000,0.00363532653958
24916000000,0.00370117996954
24922000000,0.00380754104162
24933000000,0.00390430920121
24942000000,0.00400038352117
24954000000,0.0041209339743
24958000000,0.00422945579577
24971000000,0.00432548536149
24980000000,0.00440773752093
24991000000,0.00447915373947
24999000000,0.00454042697743
25010000000,0.00459177604474
25015000000,0.00462980518363
25022000000,0.00466046996449
25023000000,0.00468464032601
25023000000,0.00470315645882
25032000000,0.00471679381243
25032000000,0.00472627453949
25082000000,0.00472113165349
25091000000,0.00470214526078
25101000000,0.00467472242251
25110000000,0.00464752074559
25118000000,0.00462110417947
25122000000,0.00459589641615
25132000000,0.00456710280689
25146000000,0.00453535864714
25159000000,0.00450610646309
25172000000,0.00447948686701
25178000000,0.00443958792305
25190000000,0.00440155925782
25197000000,0.00436729325743
25197000000,0.0043367508101
25221000000,0.00430446748198
25232000000,0.00426811453865
25238000000,0.00423585762359
25246000000,0.0042075503125
25261000000,0.00417319226084
25272000000,0.00413337447848
25279000000,0.00409804224547
25293000000,0.00406703174567
25301000000,0.00402416905108
25309000000,0.00398610590284
25318000000,0.00395268034908
25331000000,0.00392365306322
25342000000,0.00388731230933
25352000000,0.00384802584916
25362000000,0.00381344722233
25370000000,0.00378164313821
25380000000,0.0037392105318
25390000000,0.00370169987562
25397000000,0.00366890431805
25410000000,0.0036405588706
25421000000,0.00361635819914
25429000000,0.00359214984611
25442000000,0.00355676297763
25450000000,0.00352395173813
25463000000,0.00348053210028
25468000000,0.00344192994109
25483000000,0.00340798739845
25493000000,0.00337848141713
25502000000,0.00334665346448
25514000000,0.00330958035593
25521000000,0.00327703482102
25530000000,0.00324592933793
25542000000,0.00320786615448
25553000000,0.00317438777619
25561000000,0.00314527532591
25571000000,0.00311913072504
25580000000,0.00308698002471
25589000000,0.00305895931768
25598000000,0.00303482212843
25611000000,0.00301428631358
25620000000,0.00298810491639
25632000000,0.00296447957686
25638000000,0.00294420335517
25650000000,0.0029270200214
25658000000,0.00290770031487
25663000000,0.00288803581052
25677000000,0.00287117665858
25691000000,0.00285690622649
25701000000,0.00283874038858
25712000000,0.00282240290335
25718000000,0.00280843512503
25719000000,0.00279664755405
25738000000,0.00278541689613
25753000000,0.00277281209665
25759000000,0.00276208578857
25772000000,0.00275225489792
25782000000,0.00274086941478
25788000000,0.00273113045156
25802000000,0.00272290761318
25813000000,0.00271535015834
25814000000,0.00270837896301
25835000000,0.00270260138311
25841000000,0.0026978955392
25852000000,0.00269315349562
25865000000,0.00268866401309
25865000000,0.00268500615339
25879000000,0.0026820849317
25891000000,0.00267980926944
25903000000,0.00267812999792
25911000000,0.00267694561618
25921000000,0.00267616704296
25931000000,0.00267572742797
25941000000,0.0026754533195
25950000000,0.00267539495136
25961000000,0.00267551602971
25971000000,0.00267577891924
25982000000,0.00267591311286
25992000000,0.00267579784503
26002000000,0.00267577315482
26011000000,0.00267591968061
26021000000,0.0026770018672
26034000000,0.00267805958013
26039000000,0.00267907903161
26039000000,0.00268004731914
26039000000,0.00268095401749
26070000000,0.00268138081645
26071000000,0.00268081602883
26089000000,0.0026802606251
26094000000,0.00267972057189
26110000000,0.00267920995151
26115000000,0.00267873721121
26127000000,0.00267881121616
26142000000,0.0026788991467
26151000000,0.00267813779491
26153000000,0.00267617597226
26171000000,0.00267434147574
26182000000,0.00267202894801
26188000000,0.00266991165264
26201000000,0.002667994172
26211000000,0.00266627990869
26222000000,0.00266476363661
26230000000,0.0026614671508
26241000000,0.00265798102779
26251000000,0.00265481902754
26266000000,0.00265199362312
26271000000,0.00264949578587
26285000000,0.00264481603201
26295000000,0.00264058801059
26305000000,0.00263644787612
26312000000,0.00263194975768
26322000000,0.00262793556385
26335000000,0.0026211546611
26340000000,0.00261467825146
26349000000,0.0026088779215
26355000000,0.00260374530091
26370000000,0.00259992029213
26381000000,0.00259818321679
26391000000,0.00259685816307
26406000000,0.00259589616744
26406000000,0.00259524628994
26423000000,0.00259485519876
26431000000,0.00259119164848
26439000000,0.00258705836085
26451000000,0.00258355600011
26460000000,0.00258058673421
26469000000,0.00257799541463
26479000000,0.00257576849068
26490000000,0.00257336741707
26502000000,0.0025674383773
26502000000,0.00256205638974
26520000000,0.00255722009376
26529000000,0.0025517378472
26531000000,0.00254634763375
26552000000,0.00254157005281
26562000000,0.0025373812168
26572000000,0.00253225576501
26581000000,0.00252434310045
26591000000,0.0025172167507
26598000000,0.00251086668276
26613000000,0.00250526547853
26621000000,0.00250038934425
26635000000,0.00249385336151
26638000000,0.00248466307536
26651000000,0.00247642341897
26659000000,0.00246494156295
26669000000,0.00245460459139
26677000000,0.00244539562255
26691000000,0.00243728833371
26702000000,0.00242790057516
26712000000,0.00241447273787
26731000000,0.0024024353094
26731000000,0.00239175983277
26741000000,0.00238239410775
26753000000,0.00237286852358
26767000000,0.00236322374108
26775000000,0.00235483255121
26784000000,0.0023472954982
26793000000,0.0023380541488
26797000000,0.00232999994057
26818000000,0.0023230580123
26832000000,0.00231714491202
26836000000,0.00231217389959
26843000000,0.00230806165382
26853000000,0.00229992637448
26864000000,0.00228900811372
26869000000,0.00227924626819
26884000000,0.00227061055886
26891000000,0.00226305363638
26901000000,0.00225651331357
26909000000,0.00224822928664
26922000000,0.00223838346318
26928000000,0.00222967754342
26939000000,0.00222033251347
26952000000,0.00220536364215
26961000000,0.00219188294814
26969000000,0.00217987435471
26981000000,0.00216198136514
26987000000,0.00214510244591
27001000000,0.00213005866634
27011000000,0.00211679861633
27023000000,0.00209767507235
27030000000,0.00207879259445
27040000000,0.00206202174519
27048000000,0.00204232956971
27056000000,0.00202003308765
27069000000,0.00200018813409
27082000000,0.00198271970429
27092000000,0.00196369489051
27101000000,0.00194143507265
27106000000,0.00192174405784
27122000000,0.00190451753208
27131000000,0.00188961763218
27140000000,0.00187688629682
27154000000,0.00185695668045
27161000000,0.00183839746928
27173000000,0.00181905238594
27195000000,0.00179501780454
27195000000,0.00177366987999
27195000000,0.00175491498935
27218000000,0.00173862455967
27225000000,0.0017223864188
27230000000,0.00169977636779
27237000000,0.00167979114019
27237000000,0.00166232164163
27237000000,0.00164722551359
27265000000,0.00163433493836
27279000000,0.00161328802904
27288000000,0.00159470014309
27289000000,0.00157846515213
27306000000,0.00156444809434
27310000000,0.00154132597193
27310000000,0.00151804532076
27310000000,0.00149741482692
27310000000,0.00146890558521
27354000000,0.00144089705612
27369000000,0.00141601620621
27378000000,0.00138776787656
27393000000,0.00136010417745
27398000000,0.00133573444877
27404000000,0.00131450374384
27422000000,0.0012893031246
27429000000,0.0012655665575
27429000000,0.00124491112189
27446000000,0.00122714644564
27460000000,0.00120753573373
27471000000,0.00118402940029
27478000000,0.00116345138989
27491000000,0.00114413174354
27502000000,0.00112162869547
27511000000,0.00110195724873
27519000000,0.001084955945
27531000000,0.00106618086466
27548000000,0.00104378937379
27558000000,0.0010241478351
27558000000,0.00100709959867
27558000000,0.00099248115241
27583000000,0.00098010679606
27590000000,0.000963785563266
27604000000,0.000949023447492
27611000000,0.000936361806661
27620000000,0.000925645393638
27638000000,0.000910451381074
27647000000,0.000896544024605
27655000000,0.000884527855929
27661000000,0.000874263701444
27668000000,0.000865604552893
27668000000,0.000854605307662
27689000000,0.000844764958011
27698000000,0.000834838932005
27712000000,0.000822833033924
27724000000,0.00081235817272
27724000000,0.000803317507913
27739000000,0.000795224655924
27749000000,0.000787502391863
27760000000,0.000780985928029
27771000000,0.0007757752113
27782000000,0.00077342007955
27791000000,0.000771804676651
27809000000,0.000770805081785
27820000000,0.000770311086173
27828000000,0.000770235394377
27840000000,0.000769033910274
27865000000,0.000764853013182
27865000000,0.000757912484666
27873000000,0.000755119273633
27883000000,0.000755549918211
27898000000,0.000756191602051
27903000000,0.000756990187336
27913000000,0.000756350619778
27922000000,0.000753606420212
27932000000,0.000751299616456
27940000000,0.00075080188731
27940000000,0.000750449876717
27940000000,0.000750229352395
27965000000,0.000750122813872
27982000000,0.000749796399764
27992000000,0.000748294375896
28001000000,0.000746934454102
28011000000,0.000745727827737
28018000000,0.000745257324728
28031000000,0.000746223328351
28042000000,0.00074720254322
28051000000,0.000748388515726
28062000000,0.000750008798249
28070000000,0.000751524976116
28083000000,0.000752935804668
28084000000,0.00075423026034
28101000000,0.00075708719139
28101000000,0.000761371584706
28122000000,0.000765329087762
28132000000,0.000768946370259
28144000000,0.000773825845874
28148000000,0.000779842219809
28162000000,0.000785309769832
28171000000,0.000790215306865
28179000000,0.000813827864103
28191000000,0.000843699693763
28206000000,0.000871268207286
28211000000,0.00089840571981
28221000000,0.000940608455088
28231000000,0.000979137581634
28232000000,0.0010139022651
28250000000,0.00104555404598
28260000000,0.00107904094609
28268000000,0.00110867421459
28282000000,0.00113459883873
28283000000,0.00115701507401
28293000000,0.00118065796862
28293000000,0.00120151617971
28312000000,0.00121930778837
28312000000,0.00123428728354
28312000000,0.00124671870135
28312000000,0.00125696292262
28364000000,0.00126538654545
28365000000,0.00127200735638
28377000000,0.00127686315519
28393000000,0.00127960986128
28393000000,0.00128126974941
28410000000,0.00128203727238
28410000000,0.00128208604659
28426000000,0.00128041403468
28440000000,0.00127762699525
28452000000,0.00127464272135
28460000000,0.00127098018643
28470000000,0.00126506655735
28482000000,0.00125939813014
28495000000,0.00125405111194
28501000000,0.00124874446918
28511000000,0.00124098817036
28519000000,0.00123385049927
28532000000,0.00122735817075
28538000000,0.00121936012986
28549000000,0.00121074908621
28558000000,0.00120299524568
28558000000,0.00119608824342
28579000000,0.00118921950822
28590000000,0.00118013393562
28601000000,0.0011720251243
28611000000,0.00116448811149
28623000000,0.00115457307743
28627000000,0.00114573882356
28642000000,0.00113795319524
28649000000,0.00112727398865
28662000000,0.00110259077836
28669000000,0.00107997337292
28680000000,0.00105948976584
28692000000,0.00104231034538
28698000000,0.00103170143901
28711000000,0.00102274807469
28721000000,0.0010153012563
28730000000,0.0010096644178
28737000000,0.00100564930522
28751000000,0.00100263600211
28760000000,0.00100047672963
28760000000,0.000999037397766
28775000000,0.000998194804217
28775000000,0.000998346658645
28795000000,0.000999994219163
28795000000,0.00100185078983
28816000000,0.00100383232657
28827000000,0.0010054610768
28842000000,0.00100621079157
28842000000,0.00100698884452
28861000000,0.00100784100315
28868000000,0.00100870867698
28868000000,0.00100954552496
28868000000,0.00101034101077
28868000000,0.00101108590492
28868000000,0.00101042447769
28868000000,0.0010094504767
28931000000,0.00100852181171
28931000000,0.00100765569812
28931000000,0.0010068582355
28931000000,0.00100530842546
28931000000,0.00100307849298
28931000000,0.00100044963933
28931000000,0.000997476959759
28931000000,0.000994758699742
28931000000,0.000992308152867
28931000000,0.000988794907067
