%time,field
522000000,-0.00735829987119
532000000,-0.00589481053698
538000000,-0.0105667654364
552000000,-0.00910202305895
563000000,-0.00774433214102
563000000,-0.00650145688376
581000000,-0.00537683611764
591000000,-0.00980871185409
595000000,-0.00859189254062
611000000,-0.00744121317429
619000000,-0.00636820282513
626000000,-0.00973309564445
642000000,-0.00855013303607
655000000,-0.0074268498232
665000000,-0.00637582714309
671000000,-0.00540532593349
679000000,-0.00794668202625
691000000,-0.0105993534262
701000000,-0.00943763749867
710000000,-0.00831151955812
726000000,-0.00723841223056
739000000,-0.00795566157063
751000000,-0.00691897203162
765000000,-0.00594738825931
765000000,-0.00504885687485
765000000,-0.00422797753806
765000000,-0.00348683276324
794000000,-0.00282502698539
800000000,-0.00385158389541
810000000,-0.00324852466052
821000000,-0.00503315822362
832000000,-0.00440750403569
840000000,-0.00381607303191
846000000,-0.00455223245532
857000000,-0.00397304979901
858000000,-0.00342773362189
873000000,-0.00292142683436
892000000,-0.00245721416746
902000000,-0.00203656531641
911000000,-0.00278566375854
921000000,-0.00238260956589
932000000,-0.00294527040655
941000000,-0.00255204790437
952000000,-0.00218515144995
963000000,-0.00184724257384
971000000,-0.00153971436914
979000000,-0.00126309956057
991000000,-0.00101700495238
1001000000,-0.00153526739872
1009000000,-0.00130063145284
1019000000,-0.00184057859634
1019000000,-0.00160043955597
1020000000,-0.00137544626804
1051000000,-0.00116744582482
1062000000,-0.000986202388822
1068000000,-0.00109343698669
1083000000,-0.000921175979728
1083000000,-0.000764847127014
1083000000,-0.000624562872282
1111000000,-0.000507285415652
1123000000,-0.000644822421392
1127000000,-0.000533063468926
1138000000,-0.000433107502487
1149000000,-0.000693865828541
1162000000,-0.000594509027002
1166000000,-0.000654189092497
1182000000,-0.000561763268144
1191000000,-0.000476261939666
1203000000,-0.000398132678272
1208000000,-0.000327566927932
1231000000,-0.000375177960958
1251000000,-0.000312158744493
1251000000,-0.000255353358452
1262000000,-0.00020472550089
1262000000,-0.000160068764747
1270000000,-0.000213508491871
1282000000,-0.000174708567049
1285000000,-0.000140081473733
1295000000,-0.000265605821297
1311000000,-0.000230101625056
1317000000,-0.00019673078113
1331000000,-0.000165028133777
1345000000,-0.000309583815349
1345000000,-0.000271016613485
1357000000,-0.000233547324462
1371000000,-0.00019768807498
1381000000,-0.0120301237882
1393000000,-0.011285789489
1401000000,-0.0104453373898
1406000000,-0.0130240198377
1420000000,-0.0118976201077
1431000000,-0.0107421871914
1442000000,-0.00958976381968
1447000000,-0.00846548640103
1461000000,-0.00836335399032
1469000000,-0.0072844825629
1480000000,-0.00626982685598
1489000000,-0.00532831989932
1495000000,-0.0196209888481
1505000000,-0.0179292091053
1519000000,-0.0161930928241
1530000000,-0.0144613526157
1543000000,-0.0217180996645
1552000000,-0.019538386617
1567000000,-0.01738204784
1567000000,-0.0152923888234
1582000000,-0.01330222411
1592000000,-0.0152376700931
1602000000,-0.0132562117688
1608000000,-0.0129747120428
1621000000,-0.0111613165108
1631000000,-0.00948169300513
1640000000,-0.00794503502964
1654000000,-0.00655562624542
1662000000,0.00696200976973
1676000000,0.00730659864271
1676000000,0.0074149227331
1676000000,0.00733473387035
1703000000,0.00972221657921
1712000000,0.00921726790007
1722000000,0.00861344900374
1733000000,0.00735016026134
1742000000,0.00668001310127
1753000000,0.00600261835908
1765000000,0.00533459531684
1772000000,0.00468888353913
1778000000,0.0040983217837
1793000000,0.00352200252861
1793000000,0.00298903110805
1812000000,0.00250200133846
1821000000,0.0020478453158
1830000000,0.00119917312594
1840000000,0.000883137018851
1851000000,0.000160073478036
1861000000,-3.75413884033e-05
1865000000,-0.000192809943588
1880000000,-0.00031131188463
1889000000,-0.000714033344883
1902000000,-0.000755311136343
1912000000,-0.000771492267888
1920000000,-0.000767606422917
1931000000,-0.000748039597016
1936000000,-0.000854659671831
1948000000,-0.000806393499062
1956000000,-0.000751261705099
1972000000,-0.000692055293859
1981000000,-0.000556028363633
1992000000,-0.000499242999584
2001000000,-0.000444394631279
2012000000,-0.000392342192854
2022000000,-5.04061535395e-05
2031000000,-2.49562194189e-05
2041000000,-5.83757950803e-06
2052000000,7.75664657402e-06
2062000000,0.0006675843684
2067000000,0.000632969008539
2073000000,0.00058997797731
2090000000,0.000541314971261
2101000000,0.00152542948575
2111000000,0.00140373368801
2119000000,0.00127436585654
2131000000,0.00114176732567
2139000000,0.00100993576672
2149000000,0.002484753478
2161000000,0.00225925565543
2171000000,0.00202888040888
2181000000,0.0221839438244
2189000000,0.0207361669342
2190000000,0.0191285150026
2190000000,0.017431275217
2216000000,0.015701743319
2227000000,0.0272441710405
2237000000,0.0247109779475
2237000000,0.0221594672057
2258000000,0.0283727209828
2267000000,0.0254297381531
2274000000,0.0225391292826
2274000000,0.0197552222877
2274000000,0.0171175989851
2308000000,0.0146542719829
2319000000,0.0183491826504
2320000000,0.0158833293066
2342000000,0.0135828484151
2350000000,0.0160269024017
2358000000,0.0138012152761
2358000000,0.0117372924612
2358000000,0.0098469375325
2391000000,0.00969515543613
2393000000,0.00806547682981
2407000000,0.00659954642024
2420000000,0.0050211354569
2425000000,0.00388884876939
2435000000,0.00290889184802
2435000000,0.00207091310105
2461000000,0.00136361535739
2470000000,-0.0122290388285
2477000000,-0.0118612906725
2490000000,-0.0113065927492
2499000000,-0.0127774913134
2507000000,-0.0118585850012
2518000000,-0.0108693135231
2526000000,-0.00984677088504
2542000000,-0.00882083795123
2542000000,-0.00781521424009
2542000000,-0.00543655016809
2542000000,-0.00461533567539
2570000000,-0.00149820544206
2592000000,-0.000959403366221
2593000000,-0.000513318323126
2593000000,-0.000150215716838
2622000000,0.000139409861283
2631000000,0.00180348600769
2641000000,0.00188472545477
2644000000,0.00320674052528
2665000000,0.00310028290295
2671000000,0.00294744524385
2677000000,0.00276151761952
2691000000,0.0025537505984
2701000000,0.00343248239848
2706000000,0.00313847771712
2718000000,0.00283725893849
2729000000,0.00253721568498
2741000000,0.00324795204783
2752000000,0.00290144992458
2766000000,0.00256445794838
2766000000,0.00224259312331
2782000000,0.00194003954345
2791000000,0.00243746440367
2798000000,0.0021317685332
2811000000,0.00227537619192
2820000000,0.00198267231051
2832000000,0.00170911379492
2842000000,0.00145686300454
2851000000,0.0012272501955
2859000000,0.000939079429283
2871000000,0.000760598762987
2881000000,0.000604950916317
2889000000,-0.000113182977247
2897000000,-0.000195050153767
2910000000,-0.000253079176879
2910000000,-0.00029090747802
2910000000,-0.000311710914166
2910000000,-0.0015479685322
2949000000,-0.00147506185103
2962000000,-0.00138210918927
2970000000,-0.00127556867248
2970000000,-0.00307055448807
2985000000,-0.00283662380682
2996000000,-0.0025857796431
3013000000,-0.029509318796
3019000000,-0.0277325343511
3029000000,-0.025707088823
3042000000,-0.0235333764295
3050000000,-0.0389559600207
3061000000,-0.0357441621828
3072000000,-0.0324122256935
3085000000,-0.0290582846391
3085000000,-0.0257621735415
3085000000,-0.0225853380047
3104000000,-0.019574299458
3127000000,-0.016761208496
3127000000,-0.0243121294518
3127000000,-0.0213527411103
3151000000,-0.0263220116229
3166000000,-0.0232105144336
3172000000,-0.0202367201044
3182000000,-0.0174385611588
3194000000,-0.0179208935216
3204000000,-0.0153475667905
3211000000,-0.0129746143989
3222000000,-0.0117889678114
3230000000,-0.00978720167193
3242000000,-0.00798918565359
3252000000,-0.00639230145985
3260000000,-0.00440356839332
3271000000,-0.00322130217332
3282000000,-0.00221677546027
3292000000,-0.00137476811954
3301000000,0.0148905089247
3312000000,0.0145397688282
3320000000,0.0139383085686
3330000000,0.0131526566372
3337000000,0.0122394176437
3352000000,0.0112460495151
3355000000,0.0128209896205
3371000000,0.0116037950442
3381000000,0.0103849079633
3388000000,0.00850778092033
3395000000,0.00740384651477
3411000000,0.0063680590058
3424000000,0.00312126707508
3433000000,0.00239662202449
3450000000,0.00177159805952
3452000000,0.00123896841196
3464000000,-0.000903667522626
3472000000,-0.0011733503826
3479000000,-0.00136022164025
3491000000,-0.00261346249529
3502000000,-0.00260710798151
3510000000,-0.00254463737537
3519000000,-0.00243945929363
3519000000,-0.00230316547367
3519000000,-0.00214550264853
3552000000,0.00310655801113
3558000000,0.0029460202771
3558000000,0.00275228553364
3580000000,0.00789101390621
3589000000,0.00731301422382
3600000000,0.00669219058688
3600000000,0.0060513902588
3619000000,0.0104476696118
3627000000,0.00949005846382
3632000000,0.00852141286315
3652000000,0.0075657333222
3660000000,0.0113852476356
3676000000,0.0102468700802
3682000000,0.00911887787583
3710000000,0.00802382452974
3710000000,0.00697968381437
3710000000,0.0059988576258
3722000000,0.00992083808206
3729000000,0.00880493370801
3741000000,0.00772633899684
3752000000,0.0128727676177
3762000000,0.0115589274902
3782000000,0.0102629153286
3782000000,0.00901013976689
3789000000,0.0118626930752
3805000000,0.0104937822522
3827000000,0.00917802989028
3827000000,0.00793362494214
3850000000,0.00677319472559
3850000000,0.00570523217187
3880000000,0.00473434345395
3880000000,0.00308550190319
3881000000,-0.0152619844989
3891000000,-0.0239722891545
3900000000,-0.0268763218089
3910000000,-0.0251817991515
3920000000,-0.0232847396051
3927000000,-0.0212707574097
3940000000,-0.0192097695086
3949000000,-0.00756652912839
3957000000,-0.00616989778914
3970000000,-0.00493392183104
3981000000,-0.00385228055333
3990000000,0.0216694277596
3999000000,0.0208330847586
4009000000,0.0197054524031
4021000000,0.0183734046885
4031000000,0.0333965807106
4035000000,0.0308943108508
4052000000,0.0282282184164
4062000000,0.0254934107499
4070000000,0.0325392871029
4082000000,0.0292784619389
4090000000,0.0260516907107
4100000000,0.0283675128137
4110000000,0.0250321607665
4122000000,0.0218416776306
4127000000,0.0188370690529
4141000000,0.0183575790224
4150000000,0.0156660965431
4161000000,0.0131934666752
4171000000,0.0109485958554
4183000000,0.00892702959786
4192000000,0.00692715312038
4201000000,0.00537141234712
4210000000,0.00402464296114
4221000000,-0.0115798596896
4229000000,-0.0117454257751
4237000000,-0.0116118378786
4246000000,-0.0112470621718
4260000000,-0.00862499193618
4267000000,-0.00808344720489
4278000000,-0.00747591029939
4290000000,-0.00682988578557
4299000000,-0.00333519929742
4306000000,-0.00283788709732
4323000000,-0.0023824593405
4331000000,-0.00197013388559
4341000000,0.000571434461441
4351000000,0.000753853817221
4364000000,0.000881180287523
4373000000,0.000962283029348
4380000000,0.00258088863979
4389000000,0.00249827115626
4406000000,0.0023780347961
4406000000,0.00223087753521
4422000000,0.00206594098852
4432000000,0.00295384788303
4438000000,0.00270377791102
4438000000,0.00244740326624
4460000000,0.00301774184447
4465000000,0.00272282428962
4475000000,0.00243092894976
4489000000,0.00252659506595
4496000000,0.00223471727714
4501000000,0.00195643607912
4510000000,0.00169524048643
4510000000,0.00145349726548
4539000000,0.00123281660686
4539000000,0.00103367892269
4539000000,-0.0137681623849
4539000000,-0.01300737319
4539000000,-0.0121144016105
4591000000,-0.0240846528775
4593000000,-0.0223399075737
4609000000,-0.0204606737322
4621000000,-0.018518949927
4629000000,-0.0258714476965
4638000000,-0.0234042541167
4647000000,-0.0209338097611
4663000000,-0.0271324138786
4672000000,-0.0242584104065
4678000000,-0.0214478512201
4691000000,-0.0187500768934
4700000000,-0.0212708397637
4713000000,-0.018586056924
4720000000,-0.0160521733242
4730000000,-0.0136938997439
4737000000,-0.0167166023466
4749000000,-0.0144230093068
4758000000,-0.0122901387704
4770000000,-0.0103319004973
4788000000,-0.00855498357896
4788000000,-0.00696117558796
4788000000,-0.00919735225486
4811000000,-0.0113864906909
4821000000,-0.00985456506008
4830000000,-0.00842452431525
4838000000,-0.00710701381733
4849000000,-0.00590757558712
4861000000,-0.00663288149944
4866000000,-0.0055549364819
4878000000,-0.00457954268921
4878000000,-0.00370678941191
4878000000,-0.00293429060668
4910000000,-0.004396068506
4922000000,-0.00368562511119
4922000000,-0.00304173315284
4941000000,-0.00246514916316
4941000000,-0.00195445041975
4954000000,-0.00150711108328
4971000000,-0.00218815128435
4981000000,-0.00178675023403
4988000000,-0.00142942730438
5001000000,-0.00121909451816
5007000000,-0.000938586694263
5019000000,-0.000479311288508
5032000000,-0.000284829147352
5038000000,-0.000124551005668
5038000000,5.21200081438e-06
5038000000,0.000107816686629
5072000000,0.00147871939597
5078000000,0.00146654537223
5087000000,0.00142431837405
5102000000,0.00135933886722
5111000000,0.00866351973775
5119000000,0.00807902544605
5131000000,0.00743763131943
5139000000,0.00790802367684
5147000000,0.00716149566033
5159000000,0.00641278000814
5168000000,0.00567908488016
5180000000,0.00406857512645
5189000000,0.0034590420972
5190000000,0.00290099964913
5197000000,0.00239587098494
5217000000,0.00194371254745
5217000000,0.00154347895712
5241000000,4.68380926067e-05
5251000000,-0.00144181783875
5260000000,-0.00154443731208
5270000000,-0.00159140614742
5281000000,-0.00159364196227
5292000000,-0.00156064897425
5301000000,-0.00150054017918
5313000000,0.00291901887577
5321000000,0.00274084126356
5331000000,0.00656685422446
5337000000,0.006112683681
5352000000,0.00561676020942
5360000000,0.00509897162591
5362000000,0.00457564154999
5378000000,0.00765711742047
5392000000,0.00695243223443
5393000000,0.00624027337779
5393000000,0.00553806520934
5393000000,0.00485938292239
5432000000,0.00430694957183
5439000000,0.00667612101361
5440000000,0.00591407366083
5462000000,0.00907915844176
5467000000,0.00815453561457
5481000000,0.00724193598985
5489000000,0.00635924360872
5498000000,0.00551975947383
5505000000,-0.00644764525149
5521000000,-0.00647426063218
5531000000,-0.00941653978276
5537000000,-0.00899961230921
5551000000,-0.00847131693087
5561000000,-0.00786722500658
5571000000,-0.00679530269552
5582000000,-0.00614696234161
5592000000,-0.00550026140178
5601000000,-0.00486921218756
5612000000,-0.00284164574173
5621000000,-0.00235907625224
5630000000,-0.00192808087013
5643000000,-0.00154742842013
5651000000,0.000594261516063
5660000000,0.000772512922082
5672000000,0.000893859400131
5679000000,0.000967467195646
5687000000,0.00100178422304
5698000000,0.00325050614831
5707000000,0.0030955745359
5718000000,0.00290165572202
5718000000,0.00268136063538
5718000000,0.00244573938344
5718000000,0.00220312310143
5738000000,0.00196037561208
5738000000,0.0250233121883
5782000000,0.0233038819238
5791000000,0.0389909933746
5803000000,0.0358810048893
5820000000,0.0326254517026
5820000000,0.0293281204203
5830000000,0.0340631458505
5840000000,0.0303896400161
5852000000,0.0268127472523
5861000000,0.0267624295497
5871000000,0.0233171153702
5881000000,0.0200789763611
5891000000,0.0185397705612
5899000000,0.0156990786613
5912000000,0.0131082150778
5913000000,0.0107721231744
5915000000,0.00868924179536
5936000000,0.0052026241538
5949000000,0.00369342116403
5957000000,0.00242148497579
5957000000,0.00136474415318
5980000000,-0.012633088066
5989000000,-0.0125183264892
5997000000,-0.0121476631056
5997000000,-0.0115837158609
6020000000,-0.0127263161195
6030000000,-0.0118049439544
6053000000,-0.0108143475154
6053000000,-0.00979130177508
6062000000,-0.00876551983958
6070000000,-0.00656063905581
6081000000,-0.0056663812918
6096000000,-0.00483418275048
6100000000,-0.00406941553702
6111000000,-0.00196374514289
6122000000,-0.00143209456522
6122000000,-0.000980071901677
6122000000,-0.000600196587831
6122000000,-0.000285418247519
6160000000,0.00076161363216
6168000000,0.000923205848193
6176000000,-0.0207568295474
6180000000,-0.0194136043086
6181000000,-0.017918394887
6206000000,-0.0163367285265
6217000000,-0.0147221639937
6228000000,-0.0283589764206
6240000000,-0.0259649053601
6249000000,-0.0234964832671
6260000000,-0.0323141232175
6271000000,-0.0291543594512
6282000000,-0.0260091118783
6289000000,-0.0304084408646
6295000000,-0.0270501016539
6302000000,-0.0237950694168
6314000000,-0.0206950910031
6330000000,-0.017786750123
6339000000,-0.0208952404813
6351000000,-0.0180926958171
6363000000,-0.0154764527398
6370000000,-0.0130658811991
6381000000,-0.0140409949703
6382000000,-0.0118927253902
6395000000,-0.0099321223497
6395000000,-0.00816281586839
6395000000,-0.00658382598946
6427000000,-0.00751283977757
6439000000,-0.00615980915646
6448000000,-0.00495365868131
6458000000,-0.00450300681465
6460000000,-0.00353674382715
6479000000,-0.00269465257551
6491000000,0.0180057055521
6492000000,0.0174232155592
6507000000,0.0165756978804
6521000000,0.0155383790174
6528000000,0.0189392485583
6542000000,0.017440062984
6550000000,0.0158695123765
6556000000,0.0142780326838
6569000000,0.0122093328544
6582000000,0.0107151844357
6591000000,0.00929935912259
6601000000,0.00797694209659
6612000000,0.00675748907736
6621000000,0.00395842336097
6631000000,0.00307016273537
6640000000,0.00230273907951
6651000000,0.00164782705163
6661000000,-0.000859459387577
6670000000,-0.00118730751972
6678000000,-0.00141800048625
6690000000,-0.00369408849228
6702000000,-0.00364496558231
6710000000,-0.00352367287607
6721000000,-0.00334813829904
6731000000,-0.00313389845804
6741000000,-0.00523625725616
6752000000,-0.00482856637511
6758000000,-0.00439856000671
6758000000,-0.00396056795756
6778000000,-0.00620586286529
6790000000,-0.00562652109145
6797000000,-0.00504334860651
6797000000,-0.00447038848375
6799000000,-0.00391831310076
6829000000,-0.0144438597503
6837000000,-0.0132479599592
6837000000,-0.0120085645928
6838000000,-0.0158396295897
6863000000,-0.0143332785023
6878000000,-0.0128250572469
6878000000,-0.0113495278226
6878000000,-0.00993292491938
6911000000,-0.0125111547383
6917000000,-0.0110291820433
6929000000,-0.00961485138563
6935000000,-0.00828560587133
6951000000,-0.00674239414817
6954000000,-0.00563338180864
6971000000,-0.00149200579569
6982000000,-0.000773669349462
6988000000,-0.000190953844905
6995000000,0.00027145499279
7012000000,0.000628503005062
7019000000,0.000894398661328
7044000000,0.00103460571283
7044000000,-0.000534090792947
7052000000,-0.000355383422428
7059000000,-0.00192755810647
7069000000,-0.00170575201434
7080000000,-0.00149488420899
7091000000,-0.00129753865631
7102000000,-0.00111547005457
7111000000,-0.000557899046114
7122000000,-0.000432357410233
7130000000,-0.000326177182793
7140000000,0.000748249353722
7149000000,0.0007586155669
7159000000,0.000746698922157
7172000000,0.0261188309394
7176000000,0.0246913865522
7192000000,0.0230110243373
7201000000,0.0211692146267
7211000000,0.037695149462
7219000000,0.0347331213626
7232000000,0.0316201152216
7239000000,0.0284558785916
7252000000,0.0253218904462
7261000000,0.0222822082391
7271000000,0.0313176753647
7279000000,0.027834151155
7290000000,0.0341355800892
7302000000,0.0303882657856
7310000000,0.0267508019815
7319000000,0.023282305309
7332000000,0.0200247432689
7341000000,0.0170072359941
7351000000,0.0142461726422
7360000000,0.0117490090066
7369000000,0.0159181480076
7382000000,0.0135323105176
7390000000,0.0113465382303
7394000000,0.00936736489603
7409000000,0.00759616149845
7419000000,0.0114014377306
7428000000,0.00970656927562
7441000000,0.00815167526022
7447000000,0.00674184193448
7452000000,0.00547793317223
7452000000,0.00800170351093
7484000000,0.00678156341044
7492000000,0.00773281793231
7502000000,0.00660628907913
7511000000,0.00556933765419
7520000000,0.00462619436778
7530000000,0.00377821345751
7537000000,0.00172816203312
7547000000,0.00114836429163
7561000000,0.000665258952369
7571000000,-0.0139093009701
7582000000,-0.0133574432373
7590000000,-0.0126241332319
7603000000,-0.0117642179581
7610000000,0.27326682339
7622000000,0.256430591193
7632000000,0.237424889875
7643000000,0.21713667763
7650000000,0.623661094536
7659000000,0.579478483164
7671000000,0.531743195665
7682000000,0.482233853332
7690000000,0.432436518256
7697000000,0.834320001311
7708000000,0.760745917695
7716000000,0.685756451143
7731000000,1.04147571843
7742000000,0.945655498846
7746000000,0.849058747295
7764000000,0.753971337935
7773000000,0.662206827518
7780000000,0.954941417962
7792000000,0.852722150442
7801000000,0.753179887901
7808000000,0.657943563363
7820000000,0.839996587357
7832000000,0.740343814539
7840000000,0.645328970325
7851000000,0.556096138383
7856000000,0.631255814318
7866000000,0.546980195514
7884000000,0.468452632929
7890000000,0.396209931851
7901000000,0.330544103177
7912000000,0.349914555762
7923000000,0.292875938989
7932000000,0.201903789017
7941000000,0.15860134505
7952000000,0.121087649566
7962000000,0.0889967068175
7967000000,-0.0324833698517
7975000000,-0.0494741403055
7987000000,-0.0615673438951
7995000000,-0.0695380732952
8011000000,-0.0740684457482
8015000000,-0.281312228001
8030000000,-0.268679829905
8056000000,-0.252478553681
8056000000,-0.233811269769
8085000000,-0.213627269455
8085000000,-0.192727081664
8117000000,-0.151066875863
8117000000,-0.112218037586
8121000000,-0.559672307956
8130000000,-0.855727335546
8141000000,-1.14824137856
8152000000,-1.05772682013
8162000000,-0.962422562387
8169000000,-1.1591230199
8179000000,-1.04580199578
8188000000,-0.932777134024
8201000000,-0.822506759102
8211000000,-0.716945128785
8221000000,-0.617446344137
8229000000,-0.524944405394
8241000000,-0.873736758574
8248000000,-0.771755477634
8259000000,-1.04159658647
8274000000,-0.925419102714
8278000000,-0.812883449892
8279000000,-0.705751178974
8279000000,-0.99988253077
8317000000,-0.882628908055
8320000000,-0.770157054912
8331000000,-0.950046918844
8340000000,-0.835545386633
8357000000,-0.72635919403
8362000000,-0.623824752795
8370000000,-0.528806333223
8381000000,-0.779198988935
8391000000,-0.6788757407
8414000000,-0.584334440819
8414000000,-0.496459931132
8419000000,-0.655513321761
8431000000,-0.56905201782
8441000000,-0.487923258351
8453000000,-0.412838002874
8460000000,-0.344172008625
8471000000,-0.533153773165
8484000000,-0.46363836845
8489000000,-0.398184742317
8500000000,-0.536435021289
8510000000,-0.469172026801
8518000000,-0.405460728151
8529000000,-0.345966512342
8537000000,-0.291106655233
8550000000,-0.383353921121
8560000000,-0.330574526756
8566000000,-0.281411003064
8578000000,-0.236211288576
8590000000,-0.327301148528
8599000000,-0.281931724026
8611000000,-0.273037073081
8616000000,-0.232193456705
8629000000,-0.194629706952
8642000000,-0.160510103405
8653000000,-0.185090070476
8661000000,-0.154857828721
8671000000,-0.127437465096
8676000000,-0.102836569673
8676000000,-0.0810147432085
8701000000,-0.00516709778802
8711000000,0.0078701238596
8718000000,0.0180519527243
8725000000,0.025760762005
8742000000,0.0770295536648
8750000000,0.078015937194
8760000000,0.077137612369
8771000000,0.0748015871139
8778000000,0.182400122313
8787000000,0.1707553065
8793000000,0.157805399279
8811000000,0.26585010474
8819000000,0.245227900879
8832000000,0.223547339973
8842000000,0.201497152198
8849000000,0.17964616233
8861000000,0.158426542391
8863000000,0.304308194282
8897000000,0.275988057852
8897000000,0.247482483745
8897000000,0.219484357366
8897000000,0.192505304193
8897000000,0.166928216178
8931000000,0.321827523091
8942000000,0.521377442517
8951000000,0.475178502602
8958000000,0.428111940548
8968000000,0.381409165858
8981000000,0.342650783962
8988000000,0.511782085764
8997000000,0.456465163198
9012000000,0.402615740363
9020000000,0.358381005067
9028000000,0.544159652108
9040000000,0.483361440268
9050000000,0.666043039613
9062000000,0.596944003561
9067000000,0.52908551791
9081000000,0.463709196108
9094000000,0.640759540595
9110000000,0.567880205959
9119000000,0.497662481948
9119000000,0.431105003121
9137000000,0.368920914968
9138000000,0.311568177027
9147000000,0.475169966793
9169000000,0.4151505135
9169000000,0.358476612315
9180000000,0.541994038975
9180000000,0.479593422948
9180000000,0.419585510251
9180000000,0.362802392586
9221000000,0.309842874998
9221000000,0.261092250417
9237000000,0.216740876179
9252000000,0.378501964944
9262000000,0.330351829739
9274000000,0.525354739281
9279000000,0.467051783318
9280000000,0.410552984718
9300000000,0.242453255171
9309000000,0.198698840404
9313000000,0.159680987972
9313000000,0.125255733617
9340000000,-0.181674188328
9350000000,-0.191711862217
9357000000,-0.19543069136
9357000000,-0.194071734747
9357000000,-0.188750699549
9394000000,-0.180429178467
9398000000,-0.477891148906
9398000000,-0.44785614405
9398000000,-0.414275137653
9399000000,-0.378659611676
9438000000,-0.342216030173
9438000000,-0.704626145593
9438000000,-0.64645342868
9438000000,-0.586251517357
9482000000,-0.783403525117
9489000000,-0.96212512166
9500000000,-0.872523087516
9511000000,-0.782521698484
9521000000,-0.694220358996
9531000000,-0.678112291775
9541000000,-0.593435826042
9550000000,-0.513595954587
9562000000,-0.439355106077
9566000000,-0.377465014747
9576000000,-0.315255865255
9590000000,-0.259333365462
9600000000,-0.209630226531
9606000000,-0.102728276084
9622000000,-0.0687557654196
9633000000,-0.0406470846094
9642000000,-0.0177987755151
9657000000,0.0789610531077
9662000000,0.0885043936778
9669000000,0.0938475295041
9682000000,0.0957558018265
9692000000,0.0948882049306
9703000000,0.0918452704724
9707000000,0.0930245487641
9714000000,0.283072555148
9730000000,0.263243410156
9741000000,0.587794370463
9754000000,0.544708729683
9755000000,0.49831444475
9763000000,0.450336132398
9782000000,0.638932465855
9789000000,0.577173294214
9802000000,0.515354835127
9803000000,0.454871799928
9815000000,0.396779476267
9832000000,0.703726077278
9842000000,0.630775261497
9851000000,0.558886559266
9862000000,0.808955558603
9871000000,0.725166346698
9878000000,0.642653736426
9887000000,0.562991403379
9901000000,0.87957725498
9910000000,0.785217914894
9919000000,0.69299607763
9919000000,0.604519053052
9942000000,0.831915577657
9952000000,0.736379703246
9962000000,0.644350713337
9972000000,0.557148928256
9982000000,0.792216000816
9984000000,0.696009808991
10013000000,0.604336610318
10013000000,0.518279787835
10013000000,0.438637114662
10031000000,0.615936322859
10039000000,0.53510220937
10050000000,0.72711466932
10060000000,0.6413700884
10068000000,0.559177174175
10080000000,0.481620690466
10080000000,0.409499753491
10097000000,0.34329128558
10111000000,0.520027496653
10121000000,0.45034880102
10130000000,0.385109654838
10141000000,0.324844690554
10152000000,0.419217064113
10160000000,0.359677881374
10168000000,0.503833543412
10180000000,0.442476799596
10191000000,0.384047424306
10199000000,0.329194514059
10207000000,0.278400287143
10221000000,0.29318413129
10231000000,0.247353994689
10237000000,0.20556003364
10245000000,0.167867095219
10261000000,0.224622312882
10270000000,0.18991567944
10281000000,0.158142247247
10290000000,0.129408159984
10303000000,0.10277490238
10312000000,0.080153097034
10320000000,0.0604162200767
10337000000,0.0379838403604
10338000000,0.0238271184628
10351000000,0.012018510993
10361000000,0.00233411629332
10372000000,-0.0508474636831
10385000000,-0.0540403007162
10385000000,-0.0554198294492
10394000000,-0.055340887088
10411000000,-0.0541131480318
10421000000,-0.0538696333511
10431000000,-0.112073340781
10437000000,-0.105018513878
10448000000,-0.0971592324172
10462000000,-0.462588977725
10472000000,-0.429664810928
10477000000,-0.394139102654
10477000000,-0.357359363062
10496000000,-0.320407361408
10496000000,-0.284143087828
10496000000,-0.249225819596
10527000000,-0.760290098061
10545000000,-0.694566609593
10550000000,-1.32171418606
10561000000,-1.21585930267
10571000000,-1.10515698399
10577000000,-1.59483168102
10589000000,-1.44988537357
10601000000,-1.3032018245
10611000000,-1.69875713802
10624000000,-1.52631283701
10629000000,-1.35626550404
10638000000,-1.19191744852
10652000000,-1.03574195614
10662000000,-1.34094786458
10671000000,-1.17870045531
10684000000,-1.02448395448
10687000000,-0.880052538208
10697000000,-1.11678118787
10710000000,-0.971690116558
10720000000,-0.835642223063
10721000000,-0.709771116006
10741000000,-0.865547503233
10751000000,-0.746829889898
10758000000,-0.636643086494
10770000000,-0.535620103343
10781000000,-0.61577988526
10789000000,-0.523238449447
10795000000,-0.438678966854
10795000000,-0.362310319635
10795000000,-0.294102396522
10829000000,-0.233856403206
10839000000,-0.247760621263
10852000000,-0.198433860196
10860000000,-0.155233729199
10870000000,-0.101174402871
10879000000,-0.0701218822764
10889000000,-0.0442053413887
10901000000,-0.022910866003
10909000000,0.0683774537949
10927000000,0.0774460595437
10937000000,0.0827038923409
10957000000,0.0848378959346
10957000000,0.0844519279768
10957000000,0.0820913027391
10972000000,0.207267903829
10982000000,0.486954408563
10990000000,0.454333496931
10998000000,0.418266748053
11009000000,0.380288438528
11022000000,0.341646095575
11028000000,0.303342279588
11037000000,0.454157332982
11044000000,0.406463955608
11055000000,0.359588792659
11073000000,0.671950221424
11080000000,0.605715421202
11092000000,0.801958550487
11098000000,0.723315236446
11104000000,0.644992422955
11129000000,0.568634093603
11132000000,0.495524644753
11142000000,0.734971978862
11151000000,0.653187374589
11163000000,0.573870572142
11172000000,0.776981921961
11182000000,0.688940299538
11190000000,0.603933691281
11198000000,0.523211025165
11210000000,0.447659479568
11219000000,0.377851968904
11230000000,0.599629845286
11238000000,0.524615437245
11247000000,0.453537932998
11263000000,0.387176610055
11271000000,0.622946773332
11278000000,0.547452711708
11294000000,0.712292614901
11300000000,0.631115916692
11319000000,0.55277434126
11322000000,0.478438297312
11322000000,0.40896753096
11342000000,0.600852191573
11354000000,0.525700538869
11355000000,0.454489616335
11372000000,0.387979185085
11372000000,0.48538464924
11387000000,0.420697489472
11395000000,0.360134689096
11412000000,0.30417595933
11422000000,0.437144618332
11431000000,0.379256390892
11441000000,0.324952731306
11452000000,0.361837997037
11462000000,0.310907680132
11472000000,0.263657804864
11482000000,0.220377893712
11486000000,0.181185792936
11500000000,0.249287265658
11509000000,0.212552210902
11520000000,0.178698996514
11529000000,0.147862347535
11536000000,0.155722997495
11551000000,0.128913870146
11559000000,0.104778201763
11570000000,0.102973638387
11582000000,0.0829177455497
11594000000,0.0651325883822
11602000000,0.0495382967645
11607000000,0.0190151454916
11624000000,0.00840758610495
11633000000,-0.000229979067904
11642000000,-0.00711781938647
11669000000,-0.0124766287024
11669000000,-0.016507129362
11669000000,-0.0193942352532
11687000000,-0.0769708510232
11692000000,-0.0745680415291
11703000000,-0.137268623771
11712000000,-0.128724971386
11726000000,-0.119161726741
11732000000,-0.10900791564
11740000000,-0.222903314647
11756000000,-0.205603431497
11756000000,-0.187379302107
11782000000,-0.168843533127
11782000000,-0.150475732101
11794000000,-0.132648657283
11809000000,-0.22863661596
11809000000,-0.205130131213
11809000000,-0.182017676678
11831000000,-0.159725496938
11841000000,-0.267016864708
11849000000,-0.238681544119
11863000000,-0.453409004438
11872000000,-0.411642711814
11879000000,-0.369491378453
11884000000,-0.327976698161
11901000000,-0.287889633133
11912000000,-0.1316323127
11923000000,-0.102949112327
11930000000,-0.078003580546
11939000000,0.180010378021
11951000000,0.183713948193
11960000000,0.182579681146
11969000000,0.177664547245
11986000000,0.512893583153
11990000000,0.483356539676
12001000000,0.449326051699
12005000000,0.621004882585
12014000000,0.571231916605
12030000000,0.519299707001
12036000000,0.466861504549
12050000000,0.415191131124
12059000000,0.507664438725
12070000000,0.451534105947
12079000000,0.397319854936
12089000000,0.345848297568
12100000000,0.297695816576
12108000000,0.38867736174
12124000000,0.339644055864
12125000000,0.293552825211
12146000000,0.250825079356
12146000000,0.211712856309
12166000000,0.255678509853
12172000000,0.218890681018
12182000000,0.085171931942
12189000000,0.0607296634993
12213000000,0.0403069015002
12213000000,0.0235256062737
12221000000,0.00999739714999
12232000000,-0.219818231315
12240000000,-0.214743206012
12250000000,-0.205656301782
12254000000,-0.193605738056
12270000000,-0.493147323405
12282000000,-0.458518652755
12286000000,-0.766724999625
12301000000,-0.706421210075
12307000000,-0.642773279609
12321000000,-0.577908693029
12333000000,-0.513522216193
12338000000,-0.828383678697
12349000000,-0.746586405
12361000000,-0.665127640884
12370000000,-0.585733588926
12381000000,-0.509711771605
12388000000,-0.438046373387
12395000000,-0.371395847729
12406000000,-0.73777609289
12424000000,-0.656712018822
12430000000,-1.25701908275
12440000000,-1.14172327798
12440000000,-1.02495455339
12456000000,-0.909647811606
12467000000,-0.798050154079
12485000000,-0.691923730322
12494000000,-0.592523089491
12501000000,-1.31669384441
12512000000,-1.18283255839
12523000000,-1.05051464634
12532000000,-1.26573661687
12532000000,-1.12267092242
12542000000,-0.984465252011
12543000000,-0.853260025725
12560000000,-0.730482203241
12581000000,-1.03446227828
12586000000,-0.905333016208
12601000000,-0.782980812675
12613000000,-0.956880795853
12622000000,-0.835006341507
12632000000,-0.720026145631
12632000000,-0.613043998044
12632000000,-0.514754979941
12632000000,-0.425490810398
12632000000,-0.345318566883
12682000000,-0.580178892959
12691000000,-0.77035258187
12702000000,-0.679193559546
12711000000,-0.591933831843
12721000000,-0.5096916685
12736000000,-0.595206912094
12744000000,-0.51570816183
12755000000,-0.441263369889
12759000000,-0.372462126611
12769000000,-0.309693333762
12781000000,-0.253118515722
12781000000,-0.342214986411
12781000000,-0.288805858805
12811000000,-0.240036808079
12821000000,-0.265239649148
12832000000,-0.221901632944
12849000000,-0.1825946909
12858000000,-0.147396109214
12862000000,-0.116209256097
12874000000,-0.163045412427
12882000000,-0.134516098409
12891000000,-0.0711521720566
12899000000,-0.0506152962589
12911000000,-0.0331505776773
12917000000,-0.0185468311109
12917000000,-0.00651935915261
12939000000,0.0145054745204
12951000000,0.0215437700849
12961000000,0.0267168540326
12972000000,0.12990614792
12981000000,0.125768554852
12990000000,0.119758751766
13000000000,0.112401946466
13000000000,0.104148463121
13018000000,0.0953720464392
13032000000,0.184904176291
13041000000,0.169628105308
13052000000,0.298232222333
13058000000,0.27431915964
13072000000,0.249337380141
13082000000,0.224089447496
13082000000,0.199192902043
13082000000,0.175129354807
13082000000,0.152252358672
13118000000,0.130817254467
13133000000,0.110990393872
13144000000,0.37347650395
13150000000,0.339695140433
13162000000,0.305446706066
13177000000,0.535565297589
13177000000,0.48764889662
13191000000,0.438932323963
13198000000,0.390673897177
13199000000,0.343855989928
13209000000,0.299217095046
13229000000,0.513106917512
13239000000,0.457214335065
13248000000,0.40286714451
13248000000,0.350951048459
13268000000,0.551532568882
13268000000,0.48991310237
13268000000,0.430318046115
13302000000,0.373645710832
13314000000,0.320540396481
13322000000,0.536071593589
13332000000,0.768762322255
13343000000,0.691932018954
13351000000,0.615801795674
13362000000,0.541943514514
13369000000,0.674543336659
13374000000,0.595680790926
13390000000,0.52009813732
13396000000,0.448789346384
13412000000,0.382440976281
13421000000,0.321483422114
13431000000,0.43961563779
13441000000,0.378414333668
13451000000,0.321614155038
13465000000,0.469231632333
13474000000,0.408749827067
13480000000,0.351821827874
13491000000,0.472285510662
13507000000,0.413665935471
13508000000,0.358112138432
13522000000,0.306214187171
13530000000,0.427376953009
13538000000,0.372935478866
13548000000,0.321570129556
13560000000,0.273773324023
13570000000,0.229877894334
13578000000,0.359732216148
13589000000,0.314713577193
13596000000,0.272108269898
13611000000,0.232328221246
13622000000,0.315981745862
13630000000,0.27489839995
13639000000,0.236268139244
13645000000,0.200454558573
13658000000,0.171776507524
13664000000,0.274396573199
13671000000,0.238727654262
13691000000,0.205178037425
13699000000,0.24624403522
13705000000,0.213196482163
13722000000,0.182311253148
13727000000,0.153814616283
13739000000,0.127837906064
13754000000,0.198397847939
13759000000,0.172009013098
13781000000,0.147281704535
13798000000,0.124416339893
13798000000,0.103551164855
13806000000,0.0847295589319
13811000000,0.115458750619
13824000000,0.151351789181
13824000000,0.131668553146
13833000000,0.113146229849
13851000000,0.0959522501659
13861000000,0.0920360880609
13868000000,0.0769976083721
13878000000,0.063376661343
13891000000,0.0511788145162
13899000000,0.0403755376426
13905000000,0.0309092177991
13921000000,0.0227130985745
13930000000,0.0157056075515
13941000000,0.00980543035753
13948000000,-0.0133150614469
13961000000,-0.016192705679
13969000000,-0.0181264486657
13980000000,-0.0192709957336
13985000000,-0.0582639513869
14001000000,-0.0557679858306
14012000000,-0.0525646404149
14021000000,-0.0488747369141
14032000000,-0.0874037910969
14039000000,-0.080540089218
14050000000,-0.0733361420692
14061000000,-0.0660223063482
14071000000,-0.124872993405
14080000000,-0.113880924429
14092000000,-0.102664712167
14102000000,-0.0915223319995
14112000000,-0.154250610705
14119000000,-0.139678517897
14131000000,-0.125054608774
14140000000,-0.197733070464
14152000000,-0.179081816042
14161000000,-0.160348957741
14171000000,-0.23227325998
14182000000,-0.209175435652
14192000000,-0.186267603791
14199000000,-0.164020737432
14211000000,-0.142790755151
14218000000,-0.215525986162
14230000000,-0.191210722734
14236000000,-0.167741369486
14237000000,-0.145462690965
14249000000,-0.124617370064
14249000000,-0.195879738697
14277000000,-0.172399958824
14277000000,-0.149998456539
14301000000,-0.224965670173
14310000000,-0.200100458884
14318000000,-0.175979860723
14318000000,-0.152994207093
14318000000,-0.131412387939
14351000000,-0.205776997336
14356000000,-0.181941961479
14370000000,-0.159044658953
14379000000,-0.231124322882
14387000000,-0.205582007864
14388000000,-0.180808227209
14388000000,-0.157191156485
14388000000,-0.135014858806
14427000000,-0.114468228347
14437000000,-0.174218725227
14437000000,-0.151992582613
14439000000,-0.131033868187
14439000000,-0.111542461863
14439000000,-0.0936383125384
14490000000,-0.187004050852
14500000000,-0.167698681682
14510000000,-0.216090734951
14515000000,-0.191790382867
14526000000,-0.168310595412
14536000000,-0.146001826166
14540000000,-0.125111731679
14559000000,-0.168408116067
14560000000,-0.147285369237
14576000000,-0.127290091587
14591000000,-0.110071258775
14598000000,-0.141419496902
14599000000,-0.122495510096
14616000000,-0.106328396786
14630000000,-0.138899193159
14637000000,-0.120657523125
14654000000,-0.103542031234
14662000000,-0.0877024699048
14669000000,-0.0732293704812
14681000000,-0.0854822745477
14692000000,-0.0722460076154
14702000000,-0.0601633361517
14710000000,-0.0492619887334
14722000000,-0.071644104481
14735000000,-0.0609656787068
14740000000,-0.0511635962734
14751000000,-0.0659590371272
14761000000,-0.0566217329478
14766000000,-0.0461363887649
14776000000,-0.0383353017503
14791000000,-0.031304755724
14814000000,-0.0250392633447
14814000000,-0.0195248648427
14814000000,-0.0147250776658
14814000000,-0.0105960746097
14851000000,-0.0071985415657
14864000000,-0.00425036945382
14864000000,-0.00181562370231
14872000000,0.000159910478816
14872000000,0.0160571626971
14872000000,0.0163246521084
14896000000,0.0306012043629
14908000000,0.0292685386165
14929000000,0.0275732673687
14929000000,0.0256286074259
14940000000,0.023530517387
14950000000,0.0456418665427
14964000000,0.0418984031045
14972000000,0.061433815204
14981000000,0.0561181570305
14991000000,0.0506758623587
15002000000,0.0452545113581
15010000000,0.0673411441034
15021000000,0.0607540104806
15032000000,0.0541984596854
15041000000,0.0478173511614
15048000000,0.041715934313
15061000000,0.0359708151571
15072000000,0.0679077772973
15083000000,0.0605291905797
15094000000,0.0533537981112
15100000000,0.0739758927864
15109000000,0.0658030734804
15120000000,0.0578824504084
15132000000,0.080737139633
15140000000,0.0718703276792
15151000000,0.0632641857635
15159000000,0.0550553729246
15171000000,0.0473437357627
15179000000,0.0401970219906
15193000000,0.0336543778637
15199000000,0.0277336059964
15212000000,0.0224334926655
15212000000,0.0177405615384
15212000000,0.047288745482
15212000000,0.0418886582749
15251000000,0.0742284302768
15258000000,0.105128893273
15271000000,0.0956501893402
15283000000,0.0860230681155
15289000000,0.0764938375387
15299000000,0.0672545844282
15312000000,0.0584498606139
15317000000,0.0501881650667
15330000000,0.0425383997015
15342000000,0.0717239357493
15350000000,0.0633227424815
15360000000,0.0552644346596
15368000000,0.0476578311094
15377000000,0.0405762696745
15386000000,0.0870658455014
15396000000,0.0779055100962
15408000000,0.0689253809854
15421000000,0.0602878646145
15427000000,0.107846117988
15439000000,0.0967205062375
15440000000,0.0857674889556
15457000000,0.112232257057
15462000000,0.0997386042448
15481000000,0.116321017945
15490000000,0.103089360031
15502000000,0.110931092408
15508000000,0.0975770545234
15508000000,0.0848513686616
15508000000,0.0729065005338
15508000000,0.0618490069947
15549000000,0.0517369454435
15560000000,0.0425962595474
15571000000,0.0434736801665
15583000000,0.0429938800015
15589000000,0.0355804667112
15602000000,0.0289267364141
15610000000,0.023025028279
15620000000,0.0178476593214
15630000000,0.021592833179
15639000000,0.0172484258749
15649000000,0.0134261614801
15657000000,0.010101619159
15669000000,0.00724343555272
15681000000,0.00549797367218
15688000000,0.00342756702806
15700000000,0.00171057570336
15710000000,0.00329910826016
15719000000,0.00201239403306
15737000000,0.000944464982928
15743000000,7.3035742768e-05
15754000000,-0.00062242715019
15761000000,-0.00116181973207
15771000000,-0.00156662974696
15771000000,-0.00198305730791
15791000000,-0.00625061617909
15792000000,-0.0163048368079
15804000000,-0.0154005186306
15820000000,-0.0216173823957
15830000000,-0.0199854193937
15838000000,-0.0182551767423
15851000000,-0.0164859504395
15851000000,-0.0147258343485
15865000000,-0.0180185411335
15881000000,-0.0160519456137
15892000000,-0.0234425234926
15904000000,-0.0211047232188
15914000000,-0.0187897382446
15914000000,-0.016545355841
15931000000,-0.0144066955952
15940000000,-0.039433185709
15958000000,-0.0357728446014
15967000000,-0.0320871467779
15972000000,-0.0284634817969
15983000000,-0.0290541609559
15992000000,-0.0254843764619
16003000000,-0.0220992085042
16012000000,-0.0161393131374
16021000000,-0.0133757019911
16031000000,-0.0108962226854
16041000000,-0.00869560234935
16049000000,-0.00303948580713
16060000000,-0.00157619797371
16071000000,-0.000384441432685
16081000000,0.000567327366018
16096000000,-0.022667770217
16110000000,-0.0206040810973
16117000000,-0.0185117556522
16118000000,-0.0164442685655
16130000000,-0.014442261029
16142000000,-0.0319872096347
16150000000,-0.0289039656379
16161000000,-0.0258213035222
16169000000,-0.0228081285929
16181000000,-0.0372872300853
16190000000,-0.0334676878468
16199000000,-0.0297031034598
16210000000,-0.026065820806
16222000000,-0.0230879247165
16229000000,-0.0351899835568
16238000000,-0.0311465424059
16239000000,-0.0272560075973
16262000000,-0.0378323248761
16271000000,-0.0336011286859
16281000000,-0.0295069619902
16288000000,-0.0256138441544
16301000000,-0.0353260750727
16309000000,-0.0311141284471
16322000000,-0.0270912377003
16330000000,-0.0233075347484
16342000000,-0.0197984897141
16352000000,-0.0290477920148
16362000000,-0.0253390102696
16370000000,-0.0322680824707
16373000000,-0.0284344024823
16395000000,-0.0247687510997
16399000000,-0.0213185065247
16408000000,-0.0181168883656
16416000000,-0.0154836732415
16416000000,-0.0224855228534
16442000000,-0.0194414802452
16452000000,-0.023534613314
16452000000,-0.0205404062504
16471000000,-0.0177151529582
16478000000,-0.0150870617761
16490000000,-0.0126736873381
16502000000,-0.0180435176521
16524000000,-0.0156336789382
16524000000,-0.0112972072401
16546000000,-0.00939836184239
16552000000,-0.0119671762869
16560000000,-0.0101850740814
16567000000,-0.0127349542532
16583000000,-0.0109981349882
16587000000,-0.00937855371283
16605000000,-0.00788777651381
16613000000,-0.00653205803443
16620000000,-0.00678257365422
16631000000,-0.00560800977617
16640000000,-0.0045536966826
16650000000,-0.00361776316153
16657000000,-0.00363631523897
16670000000,-0.00287212243069
16678000000,-0.00220252672289
16690000000,-0.00162244116355
16701000000,-0.00112678863008
16712000000,-0.000268441077859
16721000000,4.95123579026e-05
16729000000,0.000301089514194
16742000000,0.002142458446
16751000000,0.00218920640867
16761000000,0.002178876268
16772000000,0.00212332796149
16781000000,0.00430350194638
16793000000,0.00404252921201
16801000000,0.0037473929816
16811000000,0.0227053443744
16811000000,0.021223071137
16830000000,0.0195805717234
16842000000,0.0178485641433
16848000000,0.0193139026908
16860000000,0.0173615779021
16871000000,0.0154348029734
16880000000,0.0135712531206
16899000000,0.0101444971496
16901000000,0.00858769264619
16911000000,0.00716859120727
16920000000,0.00588966186038
16931000000,0.00474974415552
16940000000,0.00121520605869
16953000000,0.000497723297211
16965000000,-7.93411594967e-05
16968000000,-0.000533066086257
16981000000,-0.000879539126325
16989000000,-0.00355269180946
16998000000,-0.00358334783992
17008000000,-0.00352835535775
17008000000,-0.00340721710504
17031000000,-0.00530948880048
17042000000,-0.00496896735789
17042000000,-0.00459115224149
17042000000,-0.00596988093885
17067000000,-0.00545927419755
17085000000,-0.00493660583394
17088000000,-0.00441622554046
17101000000,-0.00528972049483
17110000000,-0.00472839544126
17120000000,-0.0041827524939
17138000000,-0.00366189897683
17143000000,-0.00409383899776
17148000000,-0.00358788459844
17162000000,-0.00311148553044
17172000000,-0.00266948491536
17180000000,-0.00226473139053
17189000000,0.0200473858304
17198000000,0.0190287280901
17212000000,0.0349388052718
17219000000,0.0325376882793
17233000000,0.0299142469805
17243000000,0.0271741997532
17253000000,0.0244031714151
17267000000,0.0216696892193
17276000000,0.0190267266977
17283000000,0.027376761721
17292000000,0.0353745314163
17302000000,0.0317824625176
17311000000,0.0282371441551
17322000000,0.0248075938095
17330000000,0.027058414978
17335000000,0.023663787077
17335000000,0.0204556210974
17356000000,0.0174670484008
17356000000,0.0147180965464
17374000000,0.0122195210416
17409000000,0.0151621824359
17409000000,0.0128340255553
17409000000,0.0107088852861
17409000000,0.0118153032022
17428000000,0.00993209499672
17438000000,0.00822336019451
17452000000,0.00669040998898
17462000000,0.0076498182295
17470000000,0.00630139687672
17474000000,0.00509513282055
17476000000,0.00402790646711
17501000000,0.00309496609639
17501000000,0.00228867480254
17502000000,0.00160021823711
17518000000,0.00207823486573
17541000000,0.00152565283607
17552000000,0.00145098200065
17564000000,0.00102739715609
17572000000,-0.0199453012911
17582000000,-0.0190622091998
17589000000,-0.017940504769
17600000000,-0.0166564472976
17612000000,-0.0194512297743
17621000000,-0.0177534178911
17636000000,-0.0160197081302
17636000000,-0.0142963253969
17652000000,-0.0117614799817
17660000000,-0.0102066826609
17670000000,-0.00875430783749
17678000000,-0.00741520649784
17692000000,-0.00619531236267
17701000000,-0.00290445105526
17712000000,-0.00206636809868
17721000000,-0.00136063866723
17731000000,-0.000775203112248
17740000000,0.00217894504477
17749000000,0.00241207843547
17749000000,0.00254062936172
17749000000,0.00258382413232
17749000000,0.00255879860156
17749000000,0.00248094144105
17750000000,0.00236317822708
17750000000,0.00221659369787
17750000000,0.00597822041039
17750000000,0.00555445060807
17750000000,0.00509526828481
17841000000,0.00896594676679
17841000000,0.0082192031585
17841000000,0.00744625759667
17878000000,0.0101167484619
17878000000,0.00915763969555
17901000000,0.00819621450507
17913000000,0.0101082713011
17931000000,0.0090206979727
17931000000,0.00796142696683
17941000000,0.00913233552202
17952000000,0.00804735028353
17962000000,0.00701225312389
17972000000,0.00603965507633
17979000000,0.00790886985201
17987000000,0.00691351599398
17997000000,0.00597467072256
18011000000,0.00794786736313
18023000000,0.00699059909649
18030000000,0.00608072105005
18039000000,0.00522833289785
18039000000,0.00444051116743
18061000000,0.00620339008475
18071000000,0.00540190804517
18077000000,0.00465058081071
18089000000,0.00395567176888
18100000000,0.00529502782547
18109000000,0.00460604769445
18121000000,0.00396173418668
18129000000,0.00336710416616
18141000000,0.00282507076232
18153000000,0.00233670920371
18163000000,0.00321906832197
18170000000,0.0039414115522
18181000000,0.00344528205262
18190000000,0.00297975157383
18202000000,0.00254894586142
18210000000,0.00155437170392
18220000000,0.00123812969425
18232000000,0.000963927989389
18239000000,0.000729208025575
18252000000,0.000531005331507
18259000000,-0.0246849626597
18269000000,-0.023182946379
18279000000,-0.0214768484923
18290000000,-0.0196479164106
18300000000,-0.0356650744505
18308000000,-0.0325874239892
18316000000,-0.0294294905082
18327000000,-0.0262788524999
18341000000,-0.0364789015164
18350000000,-0.0327918640132
18353000000,-0.029147183362
18364000000,-0.0256195742509
18382000000,-0.0310032703302
18390000000,-0.0273692139689
18401000000,-0.0238893094985
18411000000,-0.0263170937531
18421000000,-0.0229326625242
18431000000,-0.0197491840244
18442000000,-0.0167956992498
18448000000,-0.0140901742111
18458000000,-0.0116403777237
18458000000,-0.0143940374298
18481000000,-0.0121410930018
18491000000,-0.0125116364487
18500000000,-0.0105163918089
18508000000,-0.00870634522356
18522000000,-0.00708346187202
18531000000,-0.00564386436576
18541000000,-0.00629739579152
18550000000,-0.00508682582354
18555000000,-0.00401670031976
18555000000,-0.00308144205275
18555000000,-0.00890473179423
18598000000,-0.0078528121002
18598000000,-0.00684732243512
18618000000,-0.00590019119347
18618000000,-0.00834182246334
18636000000,-0.00731318088027
18639000000,-0.00633753002963
18647000000,0.0117967340558
18658000000,0.0116500620251
18675000000,0.0112738155259
18684000000,0.0107255952258
18692000000,0.0100540955472
18702000000,0.0093004839595
18713000000,0.00849885909809
18719000000,0.0153468557879
18720000000,0.0140170530314
18740000000,0.0145768549444
18749000000,0.0131106882236
18761000000,0.0116619379859
18768000000,0.0067076137627
18782000000,0.0055860481525
18789000000,0.00457704831698
18794000000,0.00367926704365
18810000000,0.00288919648993
18821000000,0.00220162246637
18834000000,-0.00113585243658
18840000000,-0.00147357684113
18845000000,-0.00170729417878
18859000000,-0.00390857912478
18867000000,-0.0038494080776
18881000000,-0.00371745898029
18891000000,-0.00353116311065
18901000000,-0.00485026011612
18911000000,-0.00449729893762
18918000000,-0.00411970984921
18918000000,-0.00373131958062
18939000000,-0.00334323076416
18951000000,-0.00418919819438
18966000000,-0.00374695998514
18972000000,0.00659664869064
18975000000,0.00645540552774
18975000000,0.0061966833591
19004000000,0.00585220359069
19015000000,0.00544767415963
19015000000,0.00500486765273
19031000000,0.0045421594362
19038000000,0.00407391404137
19047000000,0.0108637354995
19055000000,0.0188112742409
19069000000,0.0174326484688
19080000000,0.0159541213757
19090000000,0.014429509246
19106000000,0.0180025925032
19116000000,0.0161959582473
19139000000,0.0144077125913
19139000000,0.0126738520433
19164000000,0.0110214436871
19164000000,0.00803311987947
19188000000,0.00671872647226
19188000000,0.00553058301059
19188000000,0.00906368294411
19201000000,0.0110954956793
19211000000,0.00976633079791
19222000000,0.0136402356295
19229000000,0.0121120872997
19235000000,0.0106344694941
19252000000,0.0092302991157
19261000000,0.0114613355654
19272000000,0.0100282019188
19280000000,0.00867221814144
19288000000,0.00740744463618
19301000000,0.00830586999876
19302000000,0.00711145279876
19302000000,0.00600956699189
19330000000,0.00500512642894
19330000000,0.00409994844664
19349000000,0.00552337553088
19358000000,0.00468758068213
19372000000,0.00392198135864
19387000000,0.0040699740429
19414000000,0.00339875794211
19414000000,0.00279252885719
19414000000,0.00225104533374
19433000000,0.00177268408001
19433000000,0.00135469188006
19433000000,0.000993652459562
19445000000,0.000685553993134
19457000000,0.0011730461449
19475000000,-0.0129809594609
19481000000,-0.0124342195449
19495000000,-0.0151700682835
19500000000,-0.0141424230237
19510000000,-0.0130170667489
19522000000,-0.0118399837508
19531000000,-0.0106483965372
19542000000,-0.00856730139056
19548000000,-0.00748085064417
19557000000,-0.00645811795522
19572000000,-0.00368262057021
19581000000,-0.00291660706002
19590000000,-0.00224871893545
19599000000,-0.0016730191164
19611000000,-0.00118256699871
19619000000,0.00856055154534
19630000000,0.00828066769371
19642000000,0.00787411016529
19648000000,0.00737687178012
19660000000,0.0115065977131
19671000000,0.010619982118
19681000000,0.00968327737773
19692000000,0.00872819124027
19704000000,0.00995089823084
19711000000,0.00889610483264
19721000000,0.00786562821775
19731000000,0.00673792633226
19740000000,0.00581355282234
19751000000,0.00495507350153
19761000000,0.00416791002907
19766000000,0.00221297606516
19782000000,0.0016484103862
19789000000,0.0011669780547
19799000000,0.00076191628315
19815000000,0.000426093617697
19822000000,0.000152460792427
19827000000,-0.00139213543034
19840000000,-0.00147551676557
19852000000,-0.00150747043179
19857000000,-0.00112812790835
19866000000,-0.00110798483499
19880000000,-0.0010664121064
19886000000,-0.00100875421577
19902000000,-0.000295747617028
19910000000,-0.000257910886327
19925000000,-0.000221164733045
19932000000,-0.000185992135723
19941000000,-0.000152658304343
19951000000,9.9592556001e-05
19959000000,0.000114753573475
19970000000,-3.60527175769e-05
19981000000,-1.95562115381e-05
19992000000,-4.52569035619e-06
19998000000,9.11653742078e-06
20009000000,2.16072821919e-05
20020000000,-0.000704844145316
20029000000,-0.000652356348479
20039000000,-0.000594322284734
20039000000,-0.000533412901694
20061000000,-0.00181452946953
20070000000,-0.00167432446896
20079000000,-0.00152399919445
20080000000,-0.00136895535058
20101000000,-0.00302883633423
20111000000,-0.00276044791263
20118000000,-0.0024849122342
20132000000,-0.00220975786285
20139000000,-0.0270386275898
20152000000,-0.0253791249729
20166000000,-0.0234989290374
20169000000,-0.0214888009867
20169000000,-0.0194210824756
20185000000,-0.0173547705804
20185000000,-0.0309645808113
20211000000,-0.0427202249862
20221000000,-0.0389674260658
20231000000,-0.0351349236303
20242000000,-0.0313260897924
20249000000,-0.027621083092
20260000000,-0.0240813292783
20267000000,-0.0242670776193
20278000000,-0.0209427093757
20288000000,-0.0178525953807
20300000000,-0.016324453502
20312000000,-0.0136784190547
20322000000,-0.0112854848763
20322000000,-0.00914588798225
20339000000,-0.007254252469
20350000000,-0.00560027421723
20369000000,-0.00417064239016
20380000000,-0.00294579244626
20389000000,-0.001917059667
20403000000,-0.0010628322814
20403000000,-0.000365321488789
20418000000,0.00019274691551
20419000000,0.0178836718889
20429000000,0.0172000751464
20429000000,0.0162764768063
20448000000,0.020673188149
20462000000,0.0191016366456
20473000000,0.0174354542203
20483000000,0.0157322063523
20492000000,0.014037838053
20502000000,0.0123883602105
20511000000,0.00594953405736
20523000000,0.00478187870439
20531000000,0.00375436708845
20538000000,0.000261300718817
20550000000,-0.00034490847557
20558000000,-0.000815356682725
20558000000,-0.00116836984703
20582000000,-0.00267420938447
20591000000,-0.00277380886726
20598000000,-0.00279098381063
20608000000,-0.00274297440092
20621000000,0.000666262192537
20632000000,0.000603286666944
20637000000,0.000539231144154
20652000000,0.000475734472505
20657000000,0.00440982738908
20670000000,0.00408969815464
20682000000,0.00374454811573
20691000000,0.00777431894988
20702000000,0.00717596501415
20711000000,0.00654308296119
20716000000,0.00589662496632
20731000000,0.00525383663024
20744000000,0.00838026590511
20753000000,0.0075467650019
20761000000,0.00671933123709
20772000000,0.00591547441338
20778000000,0.00807296669153
20792000000,0.00715699002912
20798000000,0.00627352712711
20809000000,0.00543525726789
20820000000,0.00737906034751
20830000000,0.00647722570213
20841000000,0.00561992480122
20845000000,0.00481724374613
20860000000,0.00407541509279
20867000000,-0.00865139242973
20882000000,-0.00846050747873
20891000000,-0.00812250805791
20901000000,-0.0104677843218
20916000000,-0.00977865244311
20916000000,-0.0090183224592
20931000000,-0.00821910186399
20942000000,-0.00652156915342
20951000000,-0.0057758665642
20962000000,-0.0050611387228
20970000000,-0.00245436066267
20977000000,-0.00194857333374
20989000000,-0.00150841370946
20996000000,-0.00112986372608
20996000000,-0.000808447019441
20996000000,-0.00053937964931
21027000000,0.0020530651349
21037000000,0.00207725677715
21037000000,0.00204701917774
21060000000,0.001974901268
21071000000,0.0261046906897
21073000000,0.0245233994197
21093000000,0.0227258808701
21111000000,0.0367500629409
21111000000,0.0337844491915
21111000000,0.0306888739318
21129000000,0.0368607128889
21138000000,0.0332577782982
21156000000,0.029671987705
21159000000,0.0261806444823
21171000000,0.022841593217
21178000000,0.0242654989641
21185000000,0.0210467772773
21203000000,0.0180376252896
21210000000,0.0152617154623
21219000000,0.0127316185687
21231000000,0.0127316894514
21244000000,0.0105542456881
21249000000,-0.00890526298476
21260000000,-0.00961009725887
21269000000,-0.00995128163122
21281000000,-0.00999796527611
21293000000,-0.00981151859698
21303000000,-0.0119727544275
21312000000,-0.0113051759415
21332000000,-0.0105265667626
21332000000,-0.00967790119378
21339000000,-0.00879299336298
21346000000,-0.00789911711964
21356000000,-0.00512731746584
21370000000,-0.00438965165627
21380000000,-0.000597857171845
21390000000,-0.000157788112098
21402000000,0.000192480652207
21412000000,0.000519898348021
21420000000,0.00250943898731
21430000000,0.00253305609648
21439000000,0.00249538449663
21450000000,0.00241035408779
21462000000,0.00390000146096
21475000000,0.00365155161951
21481000000,0.00337476561746
21481000000,0.00308198247763
21491000000,0.00419954873114
21510000000,0.0038237449353
21521000000,0.00344303892668
21530000000,-0.00282778916264
21540000000,-0.00286204384593
21552000000,-0.00282290936895
21562000000,-0.00272733402487
21571000000,-0.0025894417015
21581000000,-0.00242129125547
21592000000,-0.00802677324079
21601000000,-0.00744082529633
21611000000,-0.00681056568318
21620000000,-0.0117490250505
21631000000,-0.0107454680348
21641000000,-0.00971209459606
21651000000,-0.00867861104004
21662000000,-0.0135278529116
21668000000,-0.0121676794162
21679000000,-0.0108212738213
21691000000,-0.00951579703215
21700000000,-0.0133162977465
21707000000,-0.0118190548723
21714000000,-0.0103727555181
21731000000,-0.014179492314
21740000000,-0.0125891310785
21753000000,-0.0110517799156
21759000000,-0.00959048426593
21767000000,-0.00822197811435
21778000000,-0.011415055903
21789000000,-0.00998698404048
21799000000,-0.00863615106558
21812000000,-0.00737633938864
21822000000,-0.01055065581
21829000000,-0.00920639856795
21840000000,-0.0079388464996
21850000000,-0.0105217919887
21859000000,-0.00923389443335
21868000000,-0.00801101471465
21876000000,-0.00686621500751
21884000000,-0.00580851406902
21901000000,-0.00778111826725
21910000000,-0.00672169360004
21921000000,-0.0057344188021
21927000000,-0.00736881623108
21940000000,-0.006377688078
21950000000,-0.00545238872216
21961000000,-0.00459966254786
21972000000,0.012994506548
21982000000,0.0126610665125
21991000000,0.0121164785885
22002000000,0.0114178003345
22016000000,0.0139339630675
22023000000,0.0128688348025
22030000000,0.0117429749482
22042000000,0.0105946016848
22050000000,0.00818861583813
22062000000,0.00715615505544
22069000000,0.00618417131167
22083000000,0.0052813427553
22091000000,0.00198882079725
22099000000,0.00139592821896
22111000000,0.000899118671292
22122000000,0.00048932926071
22131000000,-0.0179324405182
22138000000,-0.0170852371797
22150000000,-0.0160336345994
22162000000,-0.0148448350127
22171000000,-0.0238577770077
22182000000,-0.0219201388037
22191000000,-0.0199011525454
22196000000,-0.0178634681463
22207000000,-0.0158567440546
22220000000,-0.0187946347903
22227000000,-0.016649974632
22238000000,-0.0145865658583
22250000000,-0.0126334173666
22261000000,-0.0125314434853
22261000000,-0.0107492640927
22261000000,-0.00910386625609
22261000000,-0.00760314756313
22261000000,-0.00625030637663
22262000000,0.00476445846648
22315000000,0.00521244312022
22315000000,0.00544874694688
22315000000,0.00554151337749
22315000000,0.00638615642729
22360000000,0.00614343697613
22361000000,0.00581426845791
22381000000,0.00355794199745
22391000000,0.00324579483153
22400000000,0.00292661558154
22408000000,0.000519644135482
22418000000,0.000332728147404
22429000000,0.000177043331654
22439000000,4.9415811237e-05
22450000000,-0.00156596846916
22457000000,-0.00156222472897
22469000000,-0.00152523740614
22476000000,-0.00146325378997
22476000000,-0.0013830761777
22476000000,-0.00129054947472
22511000000,-0.0021051590089
22517000000,-0.0019486527899
22517000000,-0.00178332461891
22541000000,-0.00161485489298
22554000000,-0.00176174320672
22560000000,-0.0015823565634
22568000000,-0.00140785301486
22577000000,-0.00124128663993
22589000000,-0.000853750949674
22594000000,-0.000722203001266
22610000000,-0.000604730754088
22622000000,-0.000501150407135
22634000000,0.0192032646475
22640000000,0.0180253307818
22650000000,0.0166907322171
22658000000,0.0152629374479
22671000000,0.0273590430892
22683000000,0.0250392500342
22691000000,0.033324125765
22706000000,0.0303181297915
22713000000,0.0272675766079
22722000000,0.0242503364491
22732000000,0.0282231927264
22742000000,0.0250551705181
22742000000,0.0219947780927
22754000000,0.0190884973414
22768000000,0.0163683865418
22779000000,0.0138559167844
22787000000,0.0115632277532
22801000000,0.0143954187052
22812000000,0.0122506241565
22819000000,0.015583506266
22830000000,0.0134626571751
22838000000,0.0114879972778
22849000000,0.00967271122478
22862000000,0.00893754173361
22872000000,0.00740539658016
22879000000,0.00603071606844
22892000000,0.00481110629278
22899000000,0.00461850344491
22912000000,0.00363162838601
22919000000,0.0027711909006
22930000000,0.00202970734558
22942000000,0.000581405289358
22950000000,0.000104037698478
22958000000,-0.000275247258698
22969000000,-0.000597156549486
22981000000,-0.00173375359755
22981000000,-0.00182942490467
23001000000,-0.00186464370822
23011000000,-0.00185148724949
23019000000,-0.00381080585917
23031000000,-0.00361534353265
23042000000,-0.0033805538843
23051000000,-0.00466111790894
23058000000,-0.00428573022731
23071000000,-0.00389406101773
23081000000,-0.00349852484938
23088000000,-0.00574449800795
23099000000,-0.00520916470522
23100000000,-0.00467064592154
23120000000,-0.00414163879636
23129000000,-0.00628680293941
23137000000,-0.00564401942986
23145000000,-0.00501092751941
23160000000,-0.00439958679548
23168000000,-0.00658121764347
23176000000,-0.00588353195607
23185000000,-0.00520124728459
23200000000,-0.00454681911178
23204000000,-0.00644609670106
23221000000,-0.00571563583698
23228000000,-0.00501146501429
23240000000,-0.00434339828504
23251000000,-0.00660296161008
23260000000,-0.00584252913692
23268000000,-0.0051119503588
23281000000,-0.00442071002788
23281000000,-0.00377603939415
23311000000,-0.00318273529443
23312000000,-0.0026427874954
23316000000,-0.00427490991084
23316000000,-0.00370230056029
23316000000,-0.00316744010023
23316000000,-0.00267404616206
23316000000,-0.0056411249982
23316000000,-0.00503533813026
23380000000,-0.00444395766877
23390000000,-0.00387729881107
23390000000,-0.00625741740131
23412000000,-0.00558591497397
23415000000,-0.00493077242909
23431000000,-0.00683659419815
23440000000,-0.0060921319209
23452000000,-0.00655847663646
23460000000,-0.00579999130386
23472000000,-0.00507158340136
23484000000,-0.00438314161076
23484000000,-0.00374183574559
23500000000,-0.0042934238961
23507000000,-0.00369088162112
23520000000,-0.00313242245563
23531000000,-0.00362641624736
23541000000,-0.00310088339386
23547000000,-0.00261650183168
23558000000,-0.00217551802027
23558000000,-0.00177813779316
23558000000,-0.00142396256768
23590000000,-0.00188627517761
23600000000,-0.00157021734723
23608000000,-0.00128517771276
23620000000,-0.00155572128073
23631000000,-0.00130251566098
23638000000,-0.0010729376074
23657000000,-0.00107674427871
23668000000,-0.00088138163588
23682000000,-0.000706883023963
23682000000,-0.000552645035248
23692000000,-0.000418283918349
23702000000,-0.000302461889472
23712000000,-0.000838184057402
23720000000,-0.000713526255875
23731000000,-0.000598775737773
23741000000,-0.000399921532791
23747000000,-0.000312088563819
23753000000,-0.000235587847784
23763000000,-0.000169594654762
23780000000,-0.000135585239668
23790000000,-8.65608695396e-05
23796000000,-4.55933989275e-05
23809000000,-1.19705252727e-05
23820000000,0.000429804931095
23832000000,0.00042357824739
23834000000,0.000409432888604
23839000000,0.000389245027665
23862000000,0.00100599145015
23875000000,0.000941393773208
23886000000,0.000869444887896
23891000000,0.000793523144604
23899000000,0.00071600493579
23909000000,0.00154407779399
23918000000,0.00141339014978
23934000000,0.00127880907084
23944000000,0.00114436335752
23951000000,0.00225073484645
23973000000,0.00204659678168
23973000000,0.00183996560045
23973000000,0.00163578669911
23973000000,0.00143813470724
23974000000,0.00248912545717
24002000000,0.00224194575682
24011000000,0.0019966032778
24030000000,0.00175828184447
24030000000,0.00153099706911
24048000000,0.0013173062162
24060000000,0.00273523199775
24071000000,0.00471736182807
24082000000,0.00431639412214
24090000000,0.00390304116719
24102000000,0.00480453702276
24109000000,0.00431425741239
24118000000,0.00383094579134
24122000000,0.0033639155217
24141000000,0.00450579526699
24151000000,0.00400181072689
24170000000,0.00351432897508
24170000000,0.00305088646382
24191000000,0.00261684723781
24191000000,0.0022157905617
24193000000,0.00332046535708
24208000000,0.00289394308464
24218000000,0.00249247955237
24230000000,0.00428416760115
24242000000,0.00381225568621
24250000000,-0.000822456171149
24260000000,-0.00100800519323
24260000000,-0.00113222195379
24278000000,-0.00120536715737
24290000000,-0.00123670094173
24301000000,0.00349130324018
24308000000,0.0032172955005
24314000000,0.00292849549415
24314000000,0.0026346953914
24339000000,0.0060490972755
24351000000,0.00554904391926
24364000000,0.00503008505691
24368000000,0.00450773689262
24384000000,0.003994389921
24391000000,0.00613655294136
24402000000,0.00552330070467
24411000000,0.00758641146876
24422000000,0.0068514474164
24430000000,0.00611869815537
24442000000,0.00540357403691
24451000000,0.00471843240364
24461000000,0.00346055105082
24470000000,0.00289697422796
24480000000,0.00238763968918
24491000000,0.00193235989562
24501000000,0.00204378513063
24511000000,0.00166308029737
24521000000,0.00132526036164
24531000000,0.0010288575219
24540000000,0.00128615995226
24547000000,0.00103431029143
24562000000,0.000812424078791
24572000000,0.000619127875689
24584000000,0.000452623091878
24592000000,0.00132962387803
24603000000,0.0011465785213
24610000000,0.000976202520947
24627000000,0.000819685832405
24630000000,0.00148055501364
24642000000,0.00130633653977
24652000000,0.00113961269453
24662000000,0.00183877439803
24671000000,0.00163644901921
24682000000,0.00144000805895
24696000000,0.00125248508032
24705000000,0.00107666410667
24713000000,0.001643570287
24723000000,0.00145480457426
24729000000,0.00171509666863
24739000000,0.0015154752853
24749000000,0.00132401381415
24755000000,0.001143001474
24768000000,0.000974882174656
24781000000,0.00163166007432
24789000000,0.00144428784462
24798000000,0.00126374087719
24798000000,0.00109262826169
24820000000,0.000932815101257
24831000000,0.000872547314316
24840000000,0.000732655165943
24840000000,0.000605656146473
24840000000,0.000491870868325
24871000000,0.00881728399918
24877000000,0.00824536651236
24877000000,0.00760892313972
24911000000,0.00693619287256
24911000000,0.00625044785816
24919000000,0.0101811244489
24931000000,0.00921287732011
24942000000,0.0126849186891
24954000000,0.0114875918115
24962000000,0.010286259804
24971000000,0.00881886490522
24980000000,0.00770299024497
24995000000,0.00665135398841
24998000000,0.00567382024662
25010000000,0.0042276278059
25019000000,0.00344315986134
25029000000,0.00274781505242
25029000000,0.00213829307355
25030000000,0.00160971227995
25065000000,0.00115754268157
25072000000,0.000775502038032
25080000000,-0.000625761405556
25092000000,-0.00272660719576
25101000000,-0.00273977649162
25112000000,-0.00268856767148
25119000000,-0.00258824299796
25133000000,-0.00245073969832
25134000000,-0.00329472439513
25149000000,-0.00305330861283
25159000000,-0.00279449862017
25172000000,-0.00252776948678
25181000000,-0.00399143116984
25222000000,-0.00361682647171
25222000000,-0.00324021516144
25222000000,-0.00287020789264
25222000000,-0.00384113189827
25231000000,-0.00342532947065
25238000000,-0.00302065145191
25251000000,-0.00263344085946
25261000000,-0.00420559623189
25272000000,-0.00375077116711
25278000000,-0.00330749719133
25292000000,-0.00288336187677
25301000000,-0.00403622199095
25310000000,-0.00356184503286
25318000000,-0.00310747489567
25331000000,-0.00267902714412
25340000000,-0.00415994330671
25349000000,-0.00367891717548
25361000000,-0.00321665788858
25370000000,-0.00448185625714
25380000000,-0.00398104369059
25392000000,-0.00349687726346
25397000000,-0.00303612251837
25410000000,-0.00260447051239
25421000000,-0.00220516827089
25429000000,-0.00373971812444
25442000000,-0.00330393726679
25451000000,-0.00456968123138
25461000000,-0.00408210382915
25470000000,-0.00360602609328
25481000000,-0.0031493293392
25488000000,-0.00271825143806
25502000000,-0.00392236271156
25514000000,-0.00345902534781
25522000000,-0.00301547476356
25530000000,-0.00402319583093
25542000000,-0.0035553810599
25552000000,-0.00310610305017
25563000000,-0.00268193550745
25572000000,-0.00341083563822
25580000000,-0.00298571758279
25588000000,-0.00258336085866
25603000000,-0.00220779905296
25611000000,-0.00186161851414
25622000000,-0.00251715018798
25629000000,-0.00217009842255
25637000000,-0.00184734321329
25648000000,-0.00155096422229
25660000000,-0.00209277415372
25667000000,-0.00180170041346
25681000000,-0.00153127733458
25691000000,-0.00128323330415
25701000000,-0.00173752219954
25711000000,-0.00149182446176
25722000000,-0.00126423690388
25729000000,-0.00105599851259
25742000000,-0.00133956863786
25751000000,-0.00114425326562
25759000000,-0.00096408963812
25772000000,-0.00120580894595
25778000000,-0.00103564537685
25791000000,-0.00087781168987
25801000000,-0.000733329585147
25809000000,-0.000743577697125
25821000000,-0.000618123386479
25831000000,-0.000505021993594
25841000000,-0.000404194241418
25852000000,-0.000477662842475
25860000000,-0.000390275939893
25871000000,-0.000312306500134
25871000000,-0.000243446061378
25891000000,-0.000183398158034
25901000000,-0.000126665067219
25910000000,-8.29616301403e-05
25920000000,-4.64531150952e-05
25930000000,-1.6365298443e-05
25942000000,-4.00392255746e-06
25950000000,1.61198587316e-05
25961000000,3.1863411781e-05
25970000000,4.37434171082e-05
25981000000,-5.73942481016e-06
25992000000,3.36439548377e-06
26002000000,1.06059853662e-05
26011000000,0.000117615024896
26021000000,0.000116445266596
26034000000,0.000113144315667
26039000000,0.000108070377043
26039000000,0.000101772418831
26060000000,9.45934866932e-05
26077000000,-5.06336759885e-05
26087000000,-5.06239196645e-05
26092000000,-4.93018889618e-05
26103000000,-4.69210064643e-05
26115000000,-4.40813190523e-05
26115000000,-4.07867283052e-05
26132000000,1.2086677008e-05
26144000000,1.21870131229e-05
26152000000,-0.000199889257946
26161000000,-0.000187649253553
26171000000,-0.000173529361846
26177000000,-0.000219464855804
26187000000,-0.000200300527355
26202000000,-0.000180726585109
26212000000,-0.000161565173358
26221000000,-0.000142702365933
26229000000,-0.0003654056285
26241000000,-0.000332709205982
26250000000,-0.000299684631628
26266000000,-0.000267081601469
26269000000,-0.000235383922512
26285000000,-0.000448582414314
26295000000,-0.000404162993884
26300000000,-0.000478211017382
26311000000,-0.000428418287767
26321000000,-0.000379597168245
26333000000,-0.000685610870628
26339000000,-0.000618348050864
26351000000,-0.00055166957151
26351000000,-0.000487037872019
26365000000,-0.000202082171125
26382000000,-0.000156416668802
26391000000,-0.000116805117679
26399000000,-8.3350860788e-05
26423000000,-5.51738240321e-05
26423000000,-3.18365343146e-05
26430000000,-0.000440657955272
26441000000,-0.000398070564948
26450000000,-0.000321455847938
26457000000,-0.000281848982434
26469000000,-0.000244776360242
26482000000,-0.000210161602892
26494000000,-0.000625580820613
26505000000,-0.000572452520079
26509000000,-0.000517731387168
26520000000,-0.000463008983604
26530000000,-0.000575080619555
26540000000,-0.000513432231102
26551000000,-0.000453575245874
26562000000,-0.000396272964797
26570000000,-0.000838021885028
26577000000,-0.000759635132721
26591000000,-0.000680755162028
26598000000,-0.000603236229852
26598000000,-0.000528657576267
26598000000,-0.000458279711898
26628000000,-0.00097311304303
26635000000,-0.00087860779674
26652000000,-0.000784659397979
26658000000,-0.00109901212813
26667000000,-0.000984100409549
26679000000,-0.000871417094115
26679000000,-0.000763365256613
26702000000,-0.00141981081491
26710000000,-0.00128111624928
26731000000,-0.00114337574881
26731000000,-0.00100912315354
26736000000,-0.000880727237928
26753000000,-0.00103597085658
26767000000,-0.000907262628365
26775000000,-0.000785557753044
26784000000,-0.000992748628202
26791000000,-0.000871001666701
26796000000,-0.000755510592316
26805000000,-0.000647560710389
26832000000,-0.000547855326698
26836000000,-0.000457149717642
26837000000,-0.000375496119239
26850000000,-0.00115565729802
26861000000,-0.00103987647158
26872000000,-0.000925311793351
26872000000,-0.000814252265052
26884000000,-0.00070840472884
26899000000,-0.000609119429256
26912000000,-0.00104724968467
26912000000,-0.000931479608372
26928000000,-0.000819426458013
26937000000,-0.00157664188936
26948000000,-0.00142828390736
26957000000,-0.00127917507814
26971000000,-0.00113290831943
26981000000,-0.00178640344957
26987000000,-0.00160141371227
27001000000,-0.00141974545799
27011000000,-0.00124478141359
27019000000,-0.00200224067434
27032000000,-0.00178818324296
27040000000,-0.00157932450577
27051000000,-0.00236059261471
27061000000,-0.00211308511499
27065000000,-0.00187068831832
27082000000,-0.00163773855845
27089000000,-0.0023642488054
27101000000,-0.0021031694569
27111000000,-0.00185019441986
27123000000,-0.00160930850976
27131000000,-0.00138329853674
27143000000,-0.00117414500254
27151000000,-0.0019808606761
27162000000,-0.0017428017935
27171000000,-0.0025458325068
27178000000,-0.00227405999218
27188000000,-0.00200876089794
27195000000,-0.00175449234699
27195000000,-0.00151476062775
27220000000,-0.00239996316512
27230000000,-0.00213325763908
27240000000,-0.00187511930506
27251000000,-0.00162957487327
27252000000,-0.00139943965967
27260000000,-0.00118648701081
27279000000,-0.00198364678666
27288000000,-0.00174201110833
27289000000,-0.00151237027789
27304000000,-0.00129741124194
27310000000,-0.00246691853389
27310000000,-0.00219804473088
27310000000,-0.00193662338537
27310000000,-0.00296470585316
27310000000,-0.00264836342523
27372000000,-0.00233949398006
27378000000,-0.00294106968926
27393000000,-0.00260569323034
27396000000,-0.00228296812808
27408000000,-0.00197714779125
27420000000,-0.00253894174958
27432000000,-0.00222180279457
27440000000,-0.00192179898718
27450000000,-0.00164231859466
27461000000,-0.00250678426098
27471000000,-0.00220745822496
27480000000,-0.00192172905481
27489000000,-0.00240151099885
27500000000,-0.00211129332962
27512000000,-0.00183490817889
27520000000,-0.00157602869702
27531000000,-0.00238597724717
27536000000,-0.00210607835972
27552000000,-0.00183809998908
27557000000,-0.00158541713778
27569000000,-0.00135093772121
27579000000,-0.00113566829937
27591000000,-0.00159041214814
27597000000,-0.00137322351444
27598000000,-0.00117148688759
27598000000,-0.000986290742574
27630000000,-0.00149467918292
27638000000,-0.00129959177608
27638000000,-0.00111672246725
27638000000,-0.000947277097971
27638000000,-0.000805420798908
27676000000,-0.00106763677456
27676000000,-0.000916606126984
27702000000,-0.00128617641464
27709000000,-0.0011295310094
27719000000,-0.000980908681831
27734000000,-0.000841374366477
27742000000,-0.000841901601594
27750000000,-0.000717721198364
27758000000,-0.000604391296203
27770000000,-0.000283885190479
27780000000,-0.000203202541194
27794000000,-0.000135438461145
27809000000,-7.86049790473e-05
27820000000,-3.24676304144e-05
27828000000,4.29701877003e-06
27840000000,-0.000452740651362
27865000000,-0.000403241064275
27865000000,-0.000309581969103
27871000000,-0.000266708555595
27879000000,4.75330463374e-05
27898000000,6.501996904e-05
27903000000,7.67919615061e-05
27910000000,-0.000298260119645
27919000000,-0.000271662459503
27931000000,-6.86019025047e-05
27940000000,-5.19515030514e-05
27948000000,-3.74785443106e-05
27956000000,-2.58487034469e-05
27968000000,-1.65265395661e-05
27981000000,-0.000170662378285
27988000000,-0.000155369785401
27995000000,-0.000140255744036
27995000000,-0.000125641484533
28021000000,8.42521294027e-05
28031000000,8.64051773115e-05
28044000000,8.57175790445e-05
28052000000,0.000151872018753
28060000000,0.000143834858113
28071000000,0.00013394821132
28081000000,0.000122577999924
28092000000,0.00011100189059
28102000000,0.00043256213097
28113000000,0.000400295122991
28128000000,0.00036521609153
28128000000,0.000329113580975
28141000000,0.000615120755577
28144000000,0.000560107543978
28162000000,0.00050392953138
28171000000,0.000448020528352
28179000000,0.00308600512788
28191000000,0.0028645332013
28201000000,0.00262534412916
28211000000,0.00439304072906
28221000000,0.00403380482529
28231000000,0.00366025566051
28237000000,0.00328385284515
28252000000,0.00354155504537
28260000000,0.0031491489975
28269000000,0.0027688330879
28281000000,0.00240717026131
28290000000,0.00206767593424
28290000000,0.00224018413647
28290000000,0.0019212040569
28300000000,0.00162628066295
28340000000,0.00135699686364
28340000000,0.00111379236937
28353000000,0.000929932456247
28364000000,0.000736855245558
28371000000,0.000567616928279
28377000000,0.000323196940376
28380000000,0.000203605464437
28402000000,0.000104422139786
28402000000,2.34763595727e-05
28418000000,-4.11214371889e-05
28431000000,-0.000279413917014
28440000000,-0.000305817684224
28452000000,-0.000320109695533
28460000000,-0.000616151448887
28470000000,-0.000596330168985
28482000000,-0.000567649404283
28495000000,-0.000532637684974
28501000000,-0.000820479122924
28511000000,-0.000760832650894
28519000000,-0.000697197962845
28532000000,-0.000631582161872
28542000000,-0.000918951585133
28551000000,-0.00083318195825
28564000000,-0.000747194154764
28571000000,-0.000662819101179
28579000000,-0.00097155491955
28591000000,-0.000873188755383
28601000000,-0.000776272879451
28611000000,-0.00105973013835
28621000000,-0.000950172204969
28627000000,-0.00084274693919
28642000000,-0.000739346486321
28649000000,-0.00258195140516
28660000000,-0.00238234809184
28674000000,-0.00217168379866
28678000000,-0.00195715082593
28693000000,-0.00116323875239
28701000000,-0.000989007002988
28711000000,-0.000829743492247
28722000000,-0.000685800049946
28731000000,-0.000467210522476
28740000000,-0.000358961562919
28750000000,-0.000265765241975
28760000000,-0.000186378880208
28771000000,-0.000119686512549
28781000000,-6.44370046504e-05
28791000000,0.000145528597067
28802000000,0.000171722198604
28809000000,0.000188382491495
28821000000,0.000197090156072
28831000000,6.79780981797e-05
28840000000,7.30145405925e-05
28851000000,7.54588644496e-05
28860000000,8.51751532039e-05
28869000000,8.28600229213e-05
28869000000,7.91180832597e-05
28870000000,7.41905974637e-05
28898000000,6.87182687746e-05
28898000000,-0.00010200880011
28916000000,-9.73056074256e-05
28929000000,-9.15005901763e-05
28940000000,-8.50099007736e-05
28949000000,-7.80369834111e-05
28966000000,-0.00023413897635
28971000000,-0.000217221426408
28978000000,-0.000312430951389
28991000000,-0.000286670423097
29000000000,-0.000259929562969
29009000000,-0.000233200047515
29019000000,-0.000469915253637
