%time,field0,field1,field2,field3
53000000,0.0522828168513,0.00856857276174,3.17259878256,7.9314969564
62000000,0.300371348712,0.0492275265945,18.2269784344,45.5674460861
82000000,0.390167211301,0.063944070741,23.6759244072,59.1898110181
109000000,0.390167211301,0.063944070741,23.6759244072,59.1898110181
159000000,0.390167292078,0.0639441865789,23.6759367006,59.1885727555
167000000,0.402929586989,0.0624100184921,23.6512733084,59.5004153921
223000000,0.398648487524,0.0629251553946,23.6595098145,59.3992073773
282000000,0.26213508972,0.0411210104176,15.6462762775,38.9850902279
320000000,-0.383770375698,-0.0647102508641,-23.6882775139,-59.0350496732
364000000,-0.385953942862,-0.0644478335535,-23.684063843,-59.0877985717
405000000,-0.386847734272,-0.0643407626238,-23.6823647592,-59.1067973471
431000000,-0.386864771614,-0.0643387853332,-23.6823323094,-59.1071696692
470000000,-0.386943975439,-0.0643297859894,-23.6821810112,-59.1089204261
530000000,-0.387315691623,-0.0642857356171,-23.6814686836,-59.1173664332
574000000,-0.387493218617,-0.0642648381568,-23.681129427,-59.1213054544
621000000,-0.387572859175,-0.0642555168681,-23.6809767085,-59.1231318206
665000000,-0.387654072642,-0.0642458822132,-23.6808196492,-59.1251348868
688000000,-0.387868725405,-0.0642201738418,-23.6804050342,-59.130348949
721000000,-0.387968502116,-0.064208199018,-23.6802116832,-59.1328487375
765000000,-0.388057090834,-0.0641975555966,-23.6800401215,-59.1350554729
798000000,-0.388186641933,-0.0641819840607,-23.6797894365,-59.1382543348
840000000,-0.388265510891,-0.0641724821949,-23.6796359943,-59.1402912684
892000000,-0.388342713157,-0.0641631762092,-23.6794854656,-59.142318484
921000000,-0.348610967744,-0.0576245120842,-21.2592424193,-53.1020613476
985000000,-0.2295909312,-0.0380937725043,-14.0290694049,-35.0348045315
1002000000,-0.0577325004243,-0.00990294802978,-3.59310989886,-8.95173933133
1047000000,0.148050472156,0.023842091574,8.89974214178,22.2751225981
1079000000,0.35053701066,0.0570452265688,21.1918424689,53.0010559451
1123000000,0.391604123518,0.0637717018091,23.6731259327,59.2264528745
1159000000,0.391560709031,0.0637769439596,23.6732128267,59.2250903562
1204000000,0.391517817024,0.063782123722,23.6732987132,59.2237401271
1251000000,0.391482652028,0.0637863772291,23.6733697302,59.2225726614
1292000000,0.383523079089,0.0624917309929,23.1927670389,58.0192193617
1329000000,0.382861847728,0.0623924230734,23.1548123804,57.9227013716
1370000000,0.365171858827,0.0595242382972,22.1000655592,55.256093861
1401000000,0.330623740302,0.053898527868,20.02086523,50.0338797167
1444000000,0.284442657579,0.0463517555693,17.2305062343,43.0396653495
1488000000,0.247335579795,0.0402851888328,14.9876265627,37.4198567904
1520000000,0.218861325844,0.0356171282121,13.2636720481,33.1006287147
1573000000,0.213384075667,0.034735687763,12.9380002861,32.2776709457
1596000000,0.225282968121,0.0366972897882,13.6649242851,34.088389453
1642000000,0.25174536222,0.0410460618354,15.2749824411,38.1072673878
1691000000,0.298473219781,0.048724149956,18.1160717171,45.2056736095
1722000000,0.366033580038,0.0598022564323,22.2177126951,55.4579596811
1765000000,0.391148834355,0.0638264995025,23.674011441,59.2146907989
1811000000,0.391141528931,0.0638273776258,23.6740244587,59.2146058018
1843000000,0.391121229486,0.0638298074017,23.6740624177,59.2142279315
1880000000,0.391093507051,0.0638331184012,23.6741140951,59.2137353207
1926000000,0.391066022653,0.0638363926872,23.6741647184,59.2133101625
1969000000,0.391043629109,0.0638390506232,23.6742051088,59.2130498602
2004000000,0.391025906061,0.0638411450324,23.6742362075,59.2129297105
2047000000,0.391010345141,0.0638429782012,23.6742629253,59.2128816254
2077000000,0.390995222276,0.0638447570663,23.6742886237,59.2128613697
2132000000,0.390979624893,0.0638465915858,23.6743150997,59.2128435622
2156000000,0.39096360661,0.0638486211472,23.6743567287,59.2113878502
2197000000,0.390911350702,0.0638548930134,23.6744579566,59.2101059136
2239000000,0.390873727687,0.0638593949974,23.6745291337,59.2093485017
2288000000,0.390850699406,0.0638621849407,23.6745718472,59.2089638476
2329000000,0.390869646023,0.0638599849469,23.6745351998,59.2093958078
2358000000,0.390841299873,0.0638634235739,23.6745888952,59.2088073174
2400000000,0.390818654003,0.0638661730473,23.6746329018,59.2082279363
2408000000,0.390796300154,0.0638687223794,23.6746615347,59.2091356284
2485000000,0.390815066098,0.063866498992,23.6746279942,59.2093122246
2536000000,0.390813314089,0.0638667354584,23.6746342338,59.2089841512
2566000000,0.390802060341,0.0638680900701,23.6746569523,59.208618292
2622000000,0.390790115115,0.0638695137114,23.6746798027,59.2083575316
2639000000,0.390782719761,0.0638703926902,23.6746936265,59.2082255322
2688000000,0.390778236041,0.0638709257487,23.6747021137,59.2081353613
2720000000,0.390771639603,0.063871718685,23.6747150446,59.2079540832
2779000000,0.390762613548,0.063872806432,23.6747330264,59.2076789364
2800000000,0.390750589063,0.0638742567329,23.6747570741,59.207303631
2843000000,0.390738443518,0.0638757221863,23.6747816427,59.2068998023
2882000000,0.390508978287,0.0638409446476,23.6612542929,59.1731602739
2910000000,0.389806973074,0.063728405864,23.6190239438,59.0675744693
2976000000,0.388187999169,0.0634654866704,23.52116044,58.8228134131
3007000000,0.385789942513,0.0630747884369,23.3760290114,58.4600872024
3042000000,0.382773059176,0.0625812407621,23.1930537521,58.0027508349
3085000000,0.379868777893,0.0621062386597,23.0169516544,57.5625346699
3128000000,0.377065775268,0.0616527450876,22.8480967705,57.1398593003
3160000000,0.373851159399,0.0611253627425,22.6528608715,56.6519450689
3194000000,0.369628430899,0.0604322829214,22.3963559012,56.0108111411
3245000000,0.36459752288,0.0596069852264,22.0908703205,55.2471957717
3280000000,0.364167171341,0.0595360040032,22.06461907,55.180304284
3342000000,0.367509252524,0.0600900862525,22.2688117337,55.6901213354
3374000000,0.369118741711,0.0603514026108,22.3659243821,55.9331233631
3407000000,0.368944894734,0.0603237538637,22.3555539643,55.9069762771
3452000000,0.36722069824,0.0600420169686,22.2511072446,55.6455383793
3485000000,0.364899021593,0.0596633098189,22.110619659,55.2938852103
3517000000,0.362434721865,0.0592616110096,21.9615863091,54.9225831418
3578000000,0.359668924952,0.0588013266832,21.7922132939,54.4999040609
3597000000,0.356564095426,0.0582900728685,21.6032824556,54.0277216631
3647000000,0.353269650436,0.0577511839759,21.4036070905,53.5283335762
3682000000,0.349894419451,0.0571999266331,21.1992248158,53.0171539217
3739000000,0.346674482246,0.0566741451821,21.0042720792,52.5295483766
3757000000,0.343124241183,0.0560934938151,20.7891133928,51.9915619275
3805000000,0.339191201024,0.0554506669358,20.5508474448,51.3955998451
3850000000,0.334905146126,0.0547445601406,20.2899646501,50.7440933922
3884000000,0.330488903206,0.054017125582,20.0211800642,50.0727967123
3935000000,0.326301850889,0.0533367203455,19.7683975271,49.4405369085
3969000000,0.322153254589,0.0526612005034,19.5175018894,48.8123611728
4014000000,0.318007129431,0.0519899659449,19.2676438819,48.1870932994
4057000000,0.31389326428,0.0513220456499,19.0193258042,47.5658949018
4084000000,0.31085369713,0.0508285611313,18.8358520803,47.1070043079
4117000000,0.308759273893,0.0504883457227,18.7093827742,46.7907041559
4167000000,0.30506793241,0.0498858573818,18.4858971088,46.2318840827
4209000000,0.299664447944,0.0490024782531,18.1584750053,45.4145922558
4247000000,0.295197930288,0.0482667603615,17.8865961906,44.7352458609
4279000000,0.291619213858,0.0476806039555,17.6694910107,44.1923966283
4333000000,0.288790139823,0.0472191250507,17.498283372,43.7642642861
4375000000,0.286706807387,0.0468792411495,17.3721968569,43.4490756806
4399000000,0.285214347805,0.0466354839671,17.281813581,43.2232156998
4437000000,0.284251540939,0.0464782060784,17.2235015467,43.0775252455
4478000000,0.282836769063,0.0462472566606,17.1378548026,42.8634101689
4513000000,0.280932572338,0.0459356472789,17.0223964374,42.5733899291
4554000000,0.278136011052,0.0454619362159,16.8492922872,42.1420377758
4609000000,0.274203009047,0.0448262057708,16.612583045,41.5492581964
4645000000,0.269294095964,0.0440237346568,16.3151539392,40.8055371288
4688000000,0.264074003223,0.0431719622423,15.999360714,40.0152789027
4724000000,0.258593771008,0.0422771250791,15.6676682284,39.1854178104
4766000000,0.253740397436,0.0414839556668,15.3737637712,38.4501417149
4800000000,0.249286390122,0.0407597476316,15.1048604149,37.7769220222
4838000000,0.24546142443,0.0401328357845,14.872834935,37.1967667613
4878000000,0.2417222315,0.0395204574169,14.646104921,36.6296818606
4922000000,0.238064878196,0.038919895744,14.4239782298,36.0743064646
4977000000,0.234512253279,0.0383415569779,14.2093165431,35.5370873431
5006000000,0.231280154758,0.0378149299661,14.0139175376,35.0481950442
5040000000,0.228531921676,0.0373619902264,13.8466301584,34.6301144738
5079000000,0.226191887762,0.0369769568118,13.7043121476,34.2728068358
5129000000,0.2241696957,0.0366502025268,13.5826674335,33.9681502588
5160000000,0.221497214527,0.0362135044417,13.4208117062,33.5633467599
5198000000,0.218228353193,0.035677403074,13.2223920959,33.067135667
5243000000,0.214457991165,0.0350615997574,12.9940872077,32.495889801
5287000000,0.211178766113,0.034524754304,12.7952632365,32.0001922603
5318000000,0.208345998053,0.0340549226377,12.6221495686,31.5680126936
5360000000,0.204919712106,0.0334913923059,12.4138059913,31.0471890967
5398000000,0.200969692052,0.0328444311608,12.1742139877,30.4480511354
5447000000,0.196575007623,0.0321260610264,11.9076645153,29.7815315615
5497000000,0.193071493072,0.0315518691169,11.6950692444,29.2490098933
5522000000,0.19034464189,0.0311086561309,11.5304359984,28.837480732
5556000000,0.188038116668,0.0307308806351,11.3905426892,28.4881274606
5600000000,0.186058531386,0.0304057793974,11.2702832954,28.1877746612
5640000000,0.184348891216,0.0301260687041,11.1666564358,27.9288136744
5690000000,0.182395976791,0.029807612064,11.0485155237,27.6334682841
5743000000,0.180224014654,0.0294534860514,10.9171287138,27.3045584949
5770000000,0.177571444906,0.029017376006,10.7558673873,26.9015450181
5803000000,0.174489751584,0.0285156915514,10.5696180589,26.4356120344
5840000000,0.171110693053,0.0279642149276,10.3650900563,25.9241038728
5881000000,0.167641455704,0.0273973604563,10.1549580121,25.3987049468
5926000000,0.164108664518,0.0268194213646,9.94082035197,24.8632640062
5965000000,0.161295689727,0.0263595945384,9.77040943237,24.438472188
6006000000,0.159341164635,0.0260368146762,9.65128818304,24.1409473971
6060000000,0.158091814543,0.0258326191141,9.57562769116,23.951746783
6076000000,0.157476756188,0.0257338288156,9.53877580431,23.8595709512
6122000000,0.157462736585,0.0257329483453,9.53825853395,23.8583605774
6160000000,0.15741668574,0.0257251139477,9.5357165744,23.8499559888
6217000000,0.15710880128,0.0256811694792,9.51873599852,23.8061451942
6237000000,0.156605528435,0.0256032048059,9.48940910568,23.732033296
6281000000,0.154541162527,0.0252672166306,9.36483597629,23.4199952074
6331000000,0.15117232518,0.0247166174726,9.16089876958,22.9097331982
6369000000,0.147280647666,0.0240799712436,8.92513215157,22.3198424597
6417000000,0.14302843701,0.0233843434512,8.66749397108,21.6753641261
6448000000,0.138796474903,0.0226913667881,8.41091986732,21.0336353414
6480000000,0.134613904341,0.02200596505,8.15721356406,20.3991718337
6521000000,0.130479780285,0.0213282508103,7.90637363591,19.771616682
6563000000,0.127840293515,0.0208960633316,7.74634643253,19.3711076138
6604000000,0.126497144791,0.0206762043041,7.66494596799,19.1672432771
6644000000,0.125738163687,0.0205517664013,7.61891484727,19.051856024
6678000000,0.125401881878,0.0204964898082,7.59850102093,19.000523004
6728000000,0.125410743971,0.0204979143532,7.59905494351,19.0015942938
6758000000,0.125213314822,0.0204656838087,7.58711963093,18.9714321991
6810000000,0.124790115352,0.0203965087393,7.56151211036,18.9086433331
6847000000,0.124191823875,0.0202937627711,7.52418153968,18.815801638
6889000000,0.122526884661,0.0200181194535,7.42254928453,18.5618880169
6932000000,0.119956358295,0.0195953968009,7.26626051113,18.1711692088
6965000000,0.117652965514,0.0192169445702,7.12628857796,17.8212766612
7012000000,0.115598705249,0.0188794436207,7.00144097562,17.507848472
7047000000,0.113786593423,0.0185711653914,6.88898329345,17.2279844801
7075000000,0.111858056947,0.0182571139415,6.77240167104,16.9366994333
7128000000,0.109726116971,0.01790652147,6.64275926874,16.6127860296
7161000000,0.107376549644,0.0175212213513,6.50012921546,16.2568219903
7210000000,0.10484805471,0.0171066108577,6.3466424889,15.8731257168
7233000000,0.102171970509,0.0166695171726,6.18458203898,15.4677946826
7275000000,0.0996003154026,0.0162498546999,6.02893062197,15.0784833533
7314000000,0.0971593617328,0.0158511178824,5.88110064384,14.7088212404
7367000000,0.0950075458901,0.0154980505736,5.75043293445,14.3822438491
7437000000,0.093170798552,0.0151956145522,5.63865807379,14.1029345376
7462000000,0.0919187077963,0.0149883932863,5.56222517019,13.9120580648
7484000000,0.090972540236,0.0148329217477,5.50471131419,13.7684186057
7524000000,0.0904784614713,0.0147550521846,5.47540659577,13.6948231681
7561000000,0.090117776272,0.0146987799489,5.45427942253,13.6425315911
7599000000,0.0898502712941,0.0146553807613,5.4382446878,13.6022739406
7641000000,0.0896511149707,0.0146245220196,5.42662397875,13.5719082097
7687000000,0.089680214447,0.0146333938427,5.42936474819,13.578106826
7722000000,0.0899182446391,0.0146745663619,5.44434580444,13.6153481781
7764000000,0.0895182824008,0.0146093031283,5.42018746006,13.5548827594
7807000000,0.0884085848738,0.0144273579135,5.35287092621,13.3865787942
7851000000,0.0867085185428,0.0141488797016,5.24977091028,13.1287799814
7897000000,0.0844551196317,0.0137800234878,5.11315516342,12.787131977
7920000000,0.0817525890093,0.0133377187671,4.94931624011,12.3774542034
7960000000,0.0790047212209,0.0128878666004,4.78269595899,11.9608110693
8022000000,0.076238745848,0.0124349475175,4.61495175506,11.541401058
8039000000,0.0734481521889,0.0119777712915,4.44566023212,11.1181441327
8117000000,0.0706611338755,0.0115216612571,4.27669095904,10.6956628415
8132000000,0.0680078589678,0.01108866233,4.11609975777,10.2939716656
8160000000,0.0656251663481,0.0106972904635,3.97132402471,9.93217373989
8232000000,0.0634733450771,0.0103440088739,3.84061058014,9.60539821726
8247000000,0.0615029228913,0.0100213675722,3.72110585177,9.30667238223
8289000000,0.060422724178,0.00984335107656,3.65501775682,9.14223255159
8323000000,0.060073774017,0.00978514183432,3.633343197,9.08880483299
8369000000,0.0598639078357,0.00975015718416,3.62024680417,9.05660791668
8400000000,0.0597493251778,0.00973128837131,3.6130771765,9.03915422848
8455000000,0.059459102646,0.00968368529055,3.59529173276,8.99506796551
8489000000,0.0588227336846,0.00957934434773,3.55652573242,8.89849957787
8530000000,0.0578964148007,0.00942743515977,3.50017585419,8.75794086677
8572000000,0.056692484584,0.00923002118819,3.42699659735,8.57523493597
8600000000,0.0552603446617,0.00899534719546,3.34001610165,8.35804887666
8642000000,0.053628718883,0.00872798622102,3.24094467027,8.11054072299
8677000000,0.0522740294329,0.00850620777151,3.15873331044,7.9052102324
8719000000,0.0511993274339,0.00833025946866,3.09350847776,7.74228984959
8765000000,0.049802467973,0.00810159834173,3.00876184267,7.53056964025
8805000000,0.0480802501681,0.00781960184338,2.90427598582,7.26947514122
8861000000,0.0460869640067,0.00749321552595,2.78335509852,6.96729355511
8880000000,0.0440031182103,0.00715193220481,2.65693131785,6.65135499924
8931000000,0.0418378443432,0.00679755643547,2.52562674508,6.32318497989
8972000000,0.0397014982208,0.00644756218017,2.39600152696,5.99925377211
9006000000,0.0376261495318,0.00610757715579,2.27008336987,5.68457847931
9049000000,0.0353629977008,0.00573683875627,2.13277739034,5.34143933798
9080000000,0.0329420977497,0.00534026994958,1.98590612576,4.9743849754
9132000000,0.0303794744278,0.00492052726673,1.83044832679,4.58585575253
9169000000,0.0279308191249,0.00451946990633,1.6819096024,4.21463067159
9186000000,0.0257449281827,0.0041614608014,1.54931350011,3.88326679169
9251000000,0.0238225190459,0.00384700591943,1.43278977215,3.59205006704
9292000000,0.021679434669,0.00349591249483,1.30277153952,3.26715834482
9331000000,0.0193338693506,0.00311165212753,1.16047088081,2.91155490402
9386000000,0.0167864317292,0.00269433133759,1.00592646327,2.52535299958
9425000000,0.0140357796067,0.00224408250431,0.839134819056,2.10849171115
9461000000,0.0111342491113,0.00176907245633,0.663180875231,1.66873758344
9480000000,0.0083673366102,0.00131601937815,0.495372796391,1.24936642775
9522000000,0.00585236733739,0.000903931765176,0.342781126377,0.86807831931
9560000000,0.00396794773369,0.000595267881257,0.228470603884,0.582472035199
9600000000,0.00262846586906,0.000375991031783,0.147245198484,0.379582568979
9633000000,0.00167584516935,0.000220149140507,0.0895024702228,0.235397401793
9697000000,0.000633525256573,4.96331733125e-05,0.0263227488462,0.0776182765347
9728000000,-0.000580525200905,-0.000148970525487,-0.0472772238842,-0.106189346521
9756000000,-0.00134392286096,-0.000273830068899,-0.0935436238085,-0.22168709241
9802000000,-0.00164404993693,-0.000322707064707,-0.111684574272,-0.266840795335
9842000000,-0.0016571839835,-0.000324610890029,-0.112424756571,-0.268516210609
9896000000,-0.00161457700538,-0.00031733246202,-0.10977150052,-0.26168289962
9921000000,-0.00152455482553,-0.000302319473187,-0.104249552328,-0.247692113051
9960000000,-0.00178179712547,-0.000344187976794,-0.119792912778,-0.286347164356
9993000000,-0.00232090063983,-0.00043227273679,-0.152445215649,-0.36778693349
10042000000,-0.00314470802106,-0.000566988770057,-0.202367434197,-0.492394413572
10080000000,-0.00443710584719,-0.000778503221201,-0.280724417695,-0.688079134504
10130000000,-0.00614967180158,-0.00105890278585,-0.384583803501,-0.947542278986
10163000000,-0.00795690377792,-0.00135476897212,-0.494176466269,-1.2213105985
10199000000,-0.00982080974126,-0.00165997099352,-0.607219415156,-1.50373761262
10250000000,-0.0117334094539,-0.00197310042463,-0.72320494602,-1.79349239896
10296000000,-0.0132438259623,-0.00221994219648,-0.814483834259,-2.02203050261
10322000000,-0.0143538750818,-0.00240087886149,-0.881438886161,-2.18968935269
10359000000,-0.0154219190322,-0.00257527755537,-0.945949505375,-2.35115310336
10409000000,-0.0164608557045,-0.0027451331666,-1.00876740859,-2.50829987705
10454000000,-0.017473451254,-0.00291074985358,-1.07002536694,-2.66151219988
10499000000,-0.017907138256,-0.00298145201536,-1.09616488408,-2.7268913055
10533000000,-0.0177721909952,-0.00295899128021,-1.08782079665,-2.70601398722
10570000000,-0.0177793078499,-0.00295981350482,-1.08810683219,-2.70648798961
10601000000,-0.0179261266118,-0.00298398010884,-1.09698418075,-2.72876347217
10643000000,-0.0176767325203,-0.00294216310319,-1.08134898716,-2.69024051348
10686000000,-0.0170554332494,-0.00283917400224,-1.04314290283,-2.5951596619
10720000000,-0.0161340052552,-0.00268746420961,-0.986865038954,-2.4547890293
10758000000,-0.0153171878909,-0.00255311773151,-0.937016813765,-2.33038783979
10829000000,-0.0148850494158,-0.00248189892935,-0.910559540463,-2.26441832326
10858000000,-0.0147749082841,-0.00246352087705,-0.903681469604,-2.24733573191
10895000000,-0.0153242221915,-0.00255311184384,-0.93681464811,-2.3302571604
10927000000,-0.0165028635366,-0.0027458946509,-1.00816536413,-2.50868482391
10968000000,-0.0180723407245,-0.00300257033296,-1.10321223114,-2.74631968018
11021000000,-0.0198502244685,-0.00329375075095,-1.21099381206,-3.01575713517
11055000000,-0.021849545284,-0.00362107354368,-1.33219025426,-3.31870751938
11088000000,-0.0241029221859,-0.00398999820832,-1.4686844292,-3.6601720222
11129000000,-0.026583612924,-0.00439602086597,-1.61896459512,-4.03605164972
11163000000,-0.0284261236937,-0.00469758055621,-1.73056942429,-4.31519076631
11199000000,-0.029445175043,-0.00486426790176,-1.79224193149,-4.46945064578
11237000000,-0.0297132454915,-0.00490789956326,-1.80836473708,-4.5097911791
11278000000,-0.0297639897256,-0.00491592986789,-1.81131778424,-4.51720824946
11319000000,-0.0296591366633,-0.00489841201011,-1.80482903824,-4.50097411145
11384000000,-0.0296822109115,-0.00490190907761,-1.80612469165,-4.50420930112
11413000000,-0.0298090183657,-0.00492238178032,-1.81371607344,-4.52314712825
11443000000,-0.0300056097244,-0.00495434893361,-1.8255628063,-4.55272538709
11486000000,-0.0302482602057,-0.00499386792379,-1.84021110456,-4.58928266246
11527000000,-0.0305291063106,-0.00503967818942,-1.8571894662,-4.63166400993
11561000000,-0.0310697344604,-0.00512805605731,-1.88993413553,-4.71345137671
11601000000,-0.0318520232905,-0.00525605204096,-1.93734957626,-4.83191304507
11641000000,-0.0328271248646,-0.00541565030534,-1.99646874288,-4.9796352493
11687000000,-0.0343919696634,-0.00567209358546,-2.09141953285,-5.21691298624
11720000000,-0.0366478958671,-0.00604156162175,-2.22825651967,-5.5589398233
11788000000,-0.0388042343835,-0.00639470581452,-2.3590514291,-5.88585123069
11800000000,-0.0408296766673,-0.00672666691885,-2.48196501125,-6.19304022942
11846000000,-0.0427420220908,-0.00704012831329,-2.59802445913,-6.48303658767
11892000000,-0.0443311535695,-0.00730035410235,-2.69441425903,-6.72400688837
11926000000,-0.0456182020916,-0.00751089129568,-2.77243368689,-6.91901392969
11951000000,-0.0465766106887,-0.00766761460131,-2.83052164081,-7.06418854891
12009000000,-0.0472612708701,-0.00777953634804,-2.87201262536,-7.16786583936
12050000000,-0.0477080665699,-0.00785252588458,-2.89908151986,-7.2354942054
12076000000,-0.0483382568474,-0.00795558825995,-2.93728314676,-7.33094913347
12124000000,-0.0492247386396,-0.00810065998719,-2.99103885161,-7.4653071217
12160000000,-0.0503597583941,-0.00828685015081,-3.05996244654,-7.63754616637
12213000000,-0.0518923433834,-0.00853772305527,-3.15290548885,-7.86987327435
12254000000,-0.0537147675925,-0.00883616955103,-3.26345298795,-8.14622752744
12282000000,-0.0556706014747,-0.00915644966245,-3.38208921606,-8.44280038943
12329000000,-0.0577370556323,-0.00949490491446,-3.50744823875,-8.75618748884
12370000000,-0.0596229204248,-0.00980369468847,-3.62183344303,-9.04213436621
12419000000,-0.0610315008762,-0.0100345751087,-3.7073256218,-9.25582653216
12456000000,-0.0620794392207,-0.010206131606,-3.77088563974,-9.41472615683
12485000000,-0.0628329307772,-0.0103295988723,-3.81661483583,-9.52903095102
12521000000,-0.0631512665812,-0.010381551448,-3.8358948263,-9.57723683249
12570000000,-0.0635294920332,-0.010443362082,-3.85881773658,-9.6345405078
12601000000,-0.0639872611763,-0.0105182523528,-3.88657754508,-9.70394385214
12653000000,-0.0645157624189,-0.0106047469845,-3.91863180848,-9.78408055977
12682000000,-0.065100467396,-0.0107005124933,-3.95410993827,-9.87277868029
12720000000,-0.0657311763923,-0.0108037740153,-3.99236995391,-9.96843023856
12769000000,-0.0662491915376,-0.010888587469,-4.02379613541,-10.0470101263
12805000000,-0.0666648240473,-0.0109566054021,-4.0490059908,-10.1100367764
12842000000,-0.0669635663139,-0.0110054869139,-4.0671271336,-10.1553384302
12880000000,-0.0674437502625,-0.0110841297942,-4.09626424798,-10.2281901845
12932000000,-0.0683314247528,-0.0112295341115,-4.15012341792,-10.3628440395
12961000000,-0.0688710034828,-0.0113178935376,-4.18286064955,-10.4446983614
12996000000,-0.0691073832109,-0.0113565507074,-4.1971967408,-10.4805511935
13042000000,-0.0690804714624,-0.0113520612606,-4.19555663115,-10.4764576362
13105000000,-0.0690948220974,-0.0113543719219,-4.19642866654,-10.4786440891
13133000000,-0.0691981966985,-0.0113711449641,-4.20267427708,-10.4942715758
13163000000,-0.0692878846658,-0.0113858047807,-4.20811810407,-10.507880223
13209000000,-0.0693165139546,-0.011390461207,-4.20985767344,-10.5122363244
13247000000,-0.0692902656623,-0.0113860650696,-4.20825397188,-10.5082258855
13296000000,-0.069289450303,-0.0113858522657,-4.20819699619,-10.5080918406
13322000000,-0.0693159265569,-0.0113899896314,-4.20976843835,-10.5120253457
13360000000,-0.0695016006046,-0.0114203909476,-4.22103891801,-10.5402019023
13412000000,-0.0698319809486,-0.0114744577236,-4.24107910587,-10.5902985568
13442000000,-0.0705142619473,-0.0115862054726,-4.28247494166,-10.693787341
13483000000,-0.0715113804036,-0.0117495468107,-4.34297440562,-10.8450293494
13521000000,-0.0727955174706,-0.011959922404,-4.42088949731,-11.0398137192
13566000000,-0.0739553144554,-0.0121499052368,-4.49125608652,-11.2157286608
13614000000,-0.0749979801742,-0.0123206890819,-4.55451431387,-11.3738659842
13645000000,-0.0756005251038,-0.0124193263294,-4.5910619332,-11.4652386819
13685000000,-0.0759094881353,-0.0124698587087,-4.60979644131,-11.5120563925
13738000000,-0.0758467656432,-0.01245948278,-4.605978134,-11.5025042106
13764000000,-0.075660792935,-0.0124289206321,-4.59468360444,-11.4742553871
13811000000,-0.0753676709379,-0.0123807527111,-4.57687694659,-11.4297300979
13846000000,-0.07499244217,-0.0123191799128,-4.55409933888,-11.3727709788
13887000000,-0.0744664869959,-0.0122328979106,-4.52217390359,-11.2929455286
13919000000,-0.0738026733551,-0.0121240157339,-4.48188150763,-11.1922056727
13959000000,-0.073634572169,-0.0120963625043,-4.47166673721,-11.1666553446
13999000000,-0.0739145694119,-0.0121421483068,-4.48864339474,-11.2090870686
14039000000,-0.074343310824,-0.0122123018375,-4.51464381911,-11.2740758341
14079000000,-0.0748861935743,-0.0123011599449,-4.54757001631,-11.3563767985
14113000000,-0.0755227273147,-0.012405366647,-4.58617921575,-11.4528941414
14160000000,-0.0759771298295,-0.0124797099279,-4.61373309624,-11.5217638745
14198000000,-0.076268974289,-0.0125274332471,-4.63142757681,-11.565996301
14247000000,-0.0764233531533,-0.0125526177338,-4.64077807451,-11.5893579461
14286000000,-0.0767730930373,-0.0126098362354,-4.66198717046,-11.6423752317
14331000000,-0.077299988678,-0.0126960750718,-4.69394322584,-11.7222537545
14367000000,-0.077620693219,-0.0127485255513,-4.71338827594,-11.7708600964
14418000000,-0.0777306490776,-0.0127664316666,-4.72004360948,-11.7874900876
14452000000,-0.0776620909464,-0.0127551789347,-4.71588808295,-11.7770785767
14492000000,-0.0777050508775,-0.0127621778889,-4.71849422615,-11.7835889019
14535000000,-0.0778544308078,-0.0127865262689,-4.72753746923,-11.8061841603
14569000000,-0.0781066238976,-0.0128277735078,-4.74283063653,-11.8444201333
14606000000,-0.0784458634594,-0.0128832438409,-4.76339614698,-11.8958259444
14662000000,-0.0788493851362,-0.0129492710271,-4.78786726911,-11.9570055988
14697000000,-0.0794196947924,-0.0130427199478,-4.82247856144,-12.04351853
14737000000,-0.080150619008,-0.013162464127,-4.86683005262,-12.1543921436
14760000000,-0.0809364420949,-0.0132911411108,-4.91449840164,-12.2735588359
14801000000,-0.0817660938436,-0.0134270224895,-4.96483101373,-12.399385129
14840000000,-0.0825670800845,-0.0135586116887,-5.01371745606,-12.5211528376
14890000000,-0.0830251197543,-0.0136332766108,-5.04160233205,-12.5904912729
14945000000,-0.0831856198823,-0.0136599703985,-5.05158339885,-12.6150665121
14967000000,-0.082949964749,-0.0136216009776,-5.03746894065,-12.5794741303
14997000000,-0.0824001542976,-0.0135316527925,-5.0042521649,-12.4961708631
15032000000,-0.0815776089208,-0.0133969824951,-4.95446483008,-12.3715355255
15083000000,-0.0810810719503,-0.0133156094318,-4.92441569714,-12.296177648
15119000000,-0.080892185315,-0.0132847630991,-4.9130478862,-12.267580805
15181000000,-0.0808254643097,-0.013273882267,-4.909070748,-12.2575047867
15212000000,-0.0808415011631,-0.013276580964,-4.91011159286,-12.2599856355
15253000000,-0.0809211319306,-0.0132897320205,-4.91501239867,-12.272130474
15313000000,-0.0811289704474,-0.0133236471871,-4.92763022013,-12.3036108664
15361000000,-0.0814679043709,-0.013379245145,-4.94823992476,-12.3550617567
15420000000,-0.0818217724507,-0.0134373172547,-4.9697568421,-12.4087962916
15435000000,-0.0821807992556,-0.0134962217362,-4.99158065174,-12.4633011922
15470000000,-0.0825277429249,-0.0135530178487,-5.01264075768,-12.5159189851
15492000000,-0.0828622971644,-0.0136077289834,-5.03293501416,-12.5666276056
15554000000,-0.0831816134366,-0.0136598838734,-5.05228901982,-12.6149989152
15569000000,-0.0836981543942,-0.0137444417576,-5.08362658803,-12.6933193907
15610000000,-0.0843784506381,-0.0138558295229,-5.12489776901,-12.7964848917
15654000000,-0.0852148727175,-0.013992836251,-5.17564830336,-12.9233430173
15692000000,-0.0858346524678,-0.0140943424533,-5.21325260407,-13.0173370566
15744000000,-0.086215346535,-0.0141566869354,-5.23635259733,-13.0750774208
15787000000,-0.0870138851379,-0.014287503044,-5.2848049131,-13.1961977002
15803000000,-0.0879379967891,-0.0144388878683,-5.34087432002,-13.3363673428
15848000000,-0.0890762658467,-0.0146253833444,-5.40994127084,-13.5090266068
15884000000,-0.0898185877037,-0.0147469893088,-5.45498146255,-13.6216251881
15923000000,-0.0901582133042,-0.0148025901754,-5.47558343665,-13.6731385099
15970000000,-0.0901656867122,-0.0148037406916,-5.47602620946,-13.6742467734
16005000000,-0.0899330384442,-0.0147655479115,-5.46189989535,-13.6389321706
16044000000,-0.089538737051,-0.0147008670618,-5.43796511419,-13.5790978746
16082000000,-0.0889019592387,-0.0145964445203,-5.39931543415,-13.4824564237
16122000000,-0.0880782907513,-0.0144614117581,-5.34932919602,-13.3574853365
16162000000,-0.0876430070755,-0.0143894503791,-5.32249128629,-13.291086121
16207000000,-0.0876261042794,-0.0143857083008,-5.3210083609,-13.2880091017
16251000000,-0.0876766915749,-0.0143933311743,-5.32372505173,-13.2953258939
16286000000,-0.0877832433155,-0.0144103535438,-5.32992199578,-13.311241946
16315000000,-0.0879348151166,-0.0144348721618,-5.33890403956,-13.3340664352
16364000000,-0.0880388013489,-0.0144516091169,-5.34502435976,-13.3496859914
16419000000,-0.0880946656308,-0.0144604781706,-5.34824798763,-13.3580218166
16442000000,-0.0881087409066,-0.0144625482756,-5.34896349078,-13.3600420651
16486000000,-0.0879513796139,-0.0144365698668,-5.33930029121,-13.3360781452
16524000000,-0.0876241229163,-0.0143827837405,-5.31935538665,-13.2863751739
16558000000,-0.087610421619,-0.0143804833452,-5.31846142741,-13.284273718
16599000000,-0.0879956193836,-0.0144435682193,-5.34178435206,-13.3426943439
16653000000,-0.088468239307,-0.0145209808639,-5.37041983351,-13.4143785787
16687000000,-0.0889663530129,-0.0146024921189,-5.400591323,-13.4898946773
16717000000,-0.0894823671597,-0.0146870274843,-5.43187385173,-13.5681673893
16762000000,-0.0899783445139,-0.0147682773679,-5.46194481903,-13.6434039212
16804000000,-0.0904527837589,-0.0148459850611,-5.49071145096,-13.7154981928
16842000000,-0.0909100183409,-0.0149207179494,-5.5184007459,-13.7847744092
16880000000,-0.0913239341004,-0.0149885114249,-5.54349994801,-13.8475505844
16923000000,-0.0917005605063,-0.0150502505014,-5.56635170472,-13.90471093
16959000000,-0.0919759658242,-0.0150953778808,-5.58305907618,-13.946514788
17011000000,-0.0921676852294,-0.0151267556527,-5.59468141715,-13.9756061855
17041000000,-0.0922843815571,-0.0151458328553,-5.60175139769,-13.9933107086
17092000000,-0.0920185051134,-0.0151022161325,-5.5856084809,-13.9529753423
17120000000,-0.0914031810841,-0.0150013446774,-5.54826498394,-13.8596301621
17172000000,-0.0908150564542,-0.0149049477671,-5.51257464018,-13.7702459975
17199000000,-0.0905672734381,-0.0148646308272,-5.49760547929,-13.7327837003
17243000000,-0.0906025969224,-0.0148705183308,-5.49977312793,-13.7381955819
17280000000,-0.0908597082847,-0.0149123423135,-5.51530783339,-13.7770686094
17320000000,-0.0912724567187,-0.0149799501975,-5.54034919206,-13.8396618576
17364000000,-0.0919253052298,-0.0150869044328,-5.57996019016,-13.938681555
17401000000,-0.0927866030241,-0.0152280093465,-5.63221834674,-14.0693229079
17444000000,-0.0938320179244,-0.0153992587743,-5.69564276836,-14.2278764821
17505000000,-0.0946713410781,-0.0155367209324,-5.74655914076,-14.3551646952
17534000000,-0.0953212719807,-0.0156434152112,-5.78604380196,-14.4538380061
17559000000,-0.09574533829,-0.0157127141678,-5.81173654413,-14.5179085338
17599000000,-0.0959727064317,-0.0157499946978,-5.82554390862,-14.55239354
17643000000,-0.0962083871569,-0.0157884718414,-5.83981888312,-14.5880689001
17691000000,-0.0964618942525,-0.01582981464,-5.85516281025,-14.626406087
17729000000,-0.0967295160409,-0.0158735147747,-5.87137283319,-14.6668937422
17784000000,-0.0968530792878,-0.0158936677619,-5.87885512367,-14.6855538403
17831000000,-0.0967895832614,-0.0158833852861,-5.87503600573,-14.6759452419
17865000000,-0.0965645810526,-0.0158466855186,-5.86142838636,-14.6418649761
17894000000,-0.096179419357,-0.0157836344724,-5.83807945326,-14.583447551
17929000000,-0.0956385286536,-0.0156947506017,-5.80521165455,-14.5012662627
17969000000,-0.0952786843419,-0.0156350018517,-5.78291781597,-14.4461502588
18003000000,-0.0950895853381,-0.0156029914866,-5.77097443265,-14.4168210295
18046000000,-0.0950428273588,-0.0155947436832,-5.76780313313,-14.4093464325
18085000000,-0.0952126377533,-0.0156222025032,-5.777854394,-14.4348863364
18140000000,-0.0955679591589,-0.0156800709272,-5.79919165217,-14.4886120557
18165000000,-0.0959527140421,-0.0157428967721,-5.82232057201,-14.5468004507
18200000000,-0.0963682775024,-0.0158105867276,-5.84734527304,-14.6096859577
18246000000,-0.0968052213136,-0.0158819055571,-5.87371571208,-14.6762360587
18278000000,-0.0971695849913,-0.0159409794263,-5.89561287283,-14.7312533552
18316000000,-0.0974555852307,-0.0159876942603,-5.91287443574,-14.7745405703
18358000000,-0.0978228308313,-0.0160480374989,-5.93514676635,-14.8303246386
18404000000,-0.0982763065448,-0.0161225514567,-5.96266920863,-14.8992258513
18442000000,-0.0983937150916,-0.0161418786624,-5.96978195688,-14.9171214524
18482000000,-0.0982435581956,-0.0161173374432,-5.96065914726,-14.8944101912
18526000000,-0.0978020757123,-0.016044999004,-5.93385236877,-14.8274888527
18563000000,-0.0977328127582,-0.0160331552691,-5.92924202402,-14.8166862571
18599000000,-0.0980165381295,-0.016078882635,-5.94603461347,-14.8593526823
18640000000,-0.098612160482,-0.0161760340009,-5.98186913247,-14.9499890516
18699000000,-0.0989198651406,-0.0162256846806,-6.00018770098,-14.996301485
18722000000,-0.098929489675,-0.0162275157063,-6.00067945468,-14.9979096265
18762000000,-0.0989866686161,-0.0162368737166,-6.00402265484,-15.006675594
18817000000,-0.0992362283605,-0.016277673583,-6.01904035315,-15.0446294531
18844000000,-0.0996807237482,-0.0163503658944,-6.0458934146,-15.112137956
18886000000,-0.0998884924474,-0.0163842322001,-6.05839033681,-15.1437063813
18933000000,-0.0998639363839,-0.0163800938045,-6.05681804483,-15.1400471142
18962000000,-0.0999171956156,-0.0163888568763,-6.05999921112,-15.1472305429
18999000000,-0.100048016141,-0.0164115075654,-6.06817179342,-15.1675475401
19048000000,-0.100192548275,-0.0164314754454,-6.076085465,-15.187884016
19090000000,-0.100229461959,-0.0164384132917,-6.07849520179,-15.1937990637
19139000000,-0.100163494871,-0.0164281787328,-6.07459935505,-15.1840445201
19164000000,-0.100051453022,-0.016411484094,-6.06815010605,-15.1676787054
19205000000,-0.099814795871,-0.0163732047777,-6.05389263297,-15.1321188331
19245000000,-0.0997951704239,-0.0163700021987,-6.05269774659,-15.1291293656
19279000000,-0.0999819039412,-0.0164004725508,-6.06399601744,-15.1573960997
19338000000,-0.100343378292,-0.0164594291875,-6.08586616434,-15.2120553387
19357000000,-0.100649129124,-0.0165091157141,-6.10432769186,-15.2582444345
19424000000,-0.100897711735,-0.0165493103869,-6.11929401603,-15.2956616477
19453000000,-0.101085305209,-0.016580820921,-6.13084516564,-15.3236919161
19482000000,-0.101354817275,-0.0166253986597,-6.14729416491,-15.3646630325
19531000000,-0.101745984084,-0.0166894589113,-6.17102552941,-15.423924911
19564000000,-0.10185859696,-0.0167074381765,-6.1777454276,-15.4406285366
19606000000,-0.101711876462,-0.0166830932452,-6.16879325741,-15.4190882619
19638000000,-0.101337780114,-0.0166205302183,-6.14582393912,-15.361827382
19679000000,-0.101163142282,-0.0165915206906,-6.13514829283,-15.3350053463
19722000000,-0.101198095502,-0.0165975222818,-6.13734063654,-15.3404119274
19762000000,-0.101328642612,-0.0166191794615,-6.14533123195,-15.3602731677
19819000000,-0.101545027831,-0.016655079886,-6.15860211954,-15.3924780288
19846000000,-0.10182181755,-0.0167017185634,-6.17569194683,-15.4352568205
19895000000,-0.102135612019,-0.0167532723023,-6.19477182467,-15.4831215042
19941000000,-0.102480494228,-0.0168091704851,-6.21557060941,-15.5352214868
19959000000,-0.102711799002,-0.0168468782277,-6.22957100331,-15.5702235259
20004000000,-0.102818119985,-0.0168643958103,-6.23605341374,-15.5864021885
20043000000,-0.102816661991,-0.0168643400002,-6.23601724712,-15.5863039438
20088000000,-0.10293424182,-0.0168837159449,-6.24318856559,-15.6042620685
20128000000,-0.103177666912,-0.0169235959788,-6.25797246959,-15.6414815296
20173000000,-0.103547928453,-0.0169838758498,-6.28036447777,-15.6975243002
20204000000,-0.104020204597,-0.0170616502642,-6.30912002033,-15.7693672262
20253000000,-0.104580552903,-0.0171533836195,-6.34311343263,-15.8543542588
20286000000,-0.105010373821,-0.017223878425,-6.36922000231,-15.9196105882
20322000000,-0.10530975875,-0.0172730541012,-6.38742430961,-15.9651265594
20369000000,-0.105489030474,-0.0173016812179,-6.3981526404,-15.9925715178
20403000000,-0.105472409334,-0.0173003646203,-6.39746980305,-15.9908877315
20429000000,-0.105268788139,-0.0172675474062,-6.38525066971,-15.9603762194
20492000000,-0.10497838364,-0.0172195157587,-6.36754423037,-15.9162687658
20526000000,-0.104667851556,-0.0171685074036,-6.34868893111,-15.8693175919
20574000000,-0.104514291614,-0.017143197593,-6.33935255133,-15.8461758446
20598000000,-0.104503987431,-0.0171413902243,-6.33869996442,-15.8435708129
20637000000,-0.104614887455,-0.0171610623359,-6.3457747751,-15.8610581992
20683000000,-0.1048072275,-0.0171923645942,-6.35741114292,-15.8902273175
20731000000,-0.105046728944,-0.0172315191848,-6.37193294707,-15.9265891224
20763000000,-0.105265816315,-0.0172670752844,-6.38510474814,-15.9596961493
20814000000,-0.105420795288,-0.017292205827,-6.39441179613,-15.9830423749
20842000000,-0.10551910348,-0.017308270288,-6.40034447466,-15.9985108188
20891000000,-0.105723902008,-0.0173409323896,-6.41254516634,-16.0289088154
20922000000,-0.106014936329,-0.0173884897864,-6.43015536808,-16.0727709349
20961000000,-0.106297802561,-0.0174349189699,-6.44732334873,-16.1155976796
20997000000,-0.106559160855,-0.0174775964367,-6.46313985567,-16.1550998756
21039000000,-0.106803325828,-0.0175172887967,-6.47787954014,-16.1920507268
21075000000,-0.106938592109,-0.0175389300909,-6.48596732393,-16.212326819
21125000000,-0.106996930067,-0.0175480221996,-6.48940129003,-16.2209256217
21169000000,-0.107239519973,-0.0175875895878,-6.50408009967,-16.2576235052
21219000000,-0.107736298489,-0.0176688981396,-6.53420331556,-16.3328998988
21241000000,-0.108447651367,-0.0177853925181,-6.57734668444,-16.4401690061
21285000000,-0.108918104587,-0.0178629622213,-6.60600357094,-16.5116861359
21350000000,-0.10917338321,-0.0179047007534,-6.62147849003,-16.5503186349
21378000000,-0.109180239806,-0.0179054790373,-6.62182356638,-16.5510950978
21402000000,-0.108940105749,-0.0178658281972,-6.60719202489,-16.5143889066
21446000000,-0.108490428172,-0.0177919888737,-6.57987968465,-16.4459577013
21481000000,-0.108046523491,-0.0177191863162,-6.55293886719,-16.3784546846
21524000000,-0.107642194907,-0.0176528590737,-6.52841063987,-16.3180305287
21574000000,-0.107443983544,-0.0176192076526,-6.51613371164,-16.2874792346
21618000000,-0.107418535166,-0.0176145625994,-6.51449352558,-16.2833410781
21647000000,-0.107543907129,-0.0176351313617,-6.52211565353,-16.3022881101
21689000000,-0.107589071731,-0.0176426939026,-6.52490284343,-16.3092387561
21725000000,-0.107551875556,-0.0176365822987,-6.52265290397,-16.3036162068
21759000000,-0.107761798084,-0.0176708845835,-6.53537903262,-16.335444436
21800000000,-0.108221890415,-0.0177462118909,-6.56329087992,-16.4052198675
21846000000,-0.108904363933,-0.0178580949489,-6.60472179339,-16.50879406
21888000000,-0.109567104277,-0.0179668210415,-6.64497273941,-16.6094159213
21922000000,-0.110192022805,-0.0180694110156,-6.68294276545,-16.7043322355
21961000000,-0.110484193286,-0.0181174274238,-6.70071863332,-16.7492403921
22000000000,-0.110489066327,-0.0181178693734,-6.70094543912,-16.7499333119
22039000000,-0.110253046306,-0.0180792467847,-6.68664710686,-16.7142522561
22080000000,-0.110076767607,-0.0180506086369,-6.67601825073,-16.6877649223
22121000000,-0.109963588447,-0.0180322415377,-6.66919410812,-16.6700397211
22160000000,-0.109855043739,-0.0180152179632,-6.66279328621,-16.6539600258
22207000000,-0.109753339651,-0.0179984469682,-6.65661398808,-16.6385673911
22248000000,-0.109656049696,-0.0179820568155,-6.65062457495,-16.6236995099
22282000000,-0.109699692512,-0.0179888080538,-6.65320506224,-16.6310491164
22321000000,-0.109880289105,-0.0180170097491,-6.66386469303,-16.6577058747
22360000000,-0.110022665372,-0.0180400531517,-6.67245562537,-16.6790614623
22400000000,-0.11010372219,-0.0180535843054,-6.67744719727,-16.6914758216
22446000000,-0.110129539115,-0.0180579518983,-6.67906143383,-16.6955181912
22476000000,-0.110243456821,-0.0180765204262,-6.68596634445,-16.7128164713
22536000000,-0.110444959893,-0.0181093921733,-6.69817192791,-16.7433504432
22568000000,-0.110593150675,-0.0181336490384,-6.70716777221,-16.7658230624
22618000000,-0.110693082298,-0.0181501488547,-6.71326186199,-16.7804921531
22646000000,-0.110749172314,-0.0181603169887,-6.71688991307,-16.7893755551
22679000000,-0.110852084821,-0.0181778280655,-6.72328552872,-16.8053181922
22722000000,-0.110992405081,-0.0182010241841,-6.73185163211,-16.8266795951
22780000000,-0.111177740804,-0.0182326649169,-6.74356603822,-16.8557357587
22807000000,-0.111357118379,-0.0182879061273,-6.75768897817,-16.8912332577
22849000000,-0.112089730174,-0.0183152880721,-6.77293997055,-16.9419154565
22892000000,-0.11283226698,-0.0183320291692,-6.78290696989,-16.9821155317
22924000000,-0.113616438841,-0.0183376550552,-6.78769395332,-17.0135570008
22963000000,-0.114352522107,-0.0183257348221,-6.78530843132,-17.0301269833
23002000000,-0.11500403015,-0.018298225143,-6.77658330671,-17.0310696498
23037000000,-0.115570898392,-0.0182725074518,-6.76811751465,-17.0350634961
23080000000,-0.116265190862,-0.0182531195831,-6.76201053626,-17.0423973537
23122000000,-0.116628761152,-0.0182456875252,-6.75877729676,-17.0491020547
23161000000,-0.117079652211,-0.0182723959938,-6.76809552485,-17.0843793543
23202000000,-0.117526123146,-0.0183293467806,-6.78846384829,-17.1410920176
23240000000,-0.117882259897,-0.0184121813858,-6.8183082703,-17.2183058895
23279000000,-0.118175703481,-0.0184788378993,-6.84280187949,-17.2776800304
23337000000,-0.118169137373,-0.0185141698634,-6.86265076396,-17.3228827536
23381000000,-0.117754655411,-0.0185098292546,-6.86629300406,-17.3168413333
23411000000,-0.116715016599,-0.0184655663825,-6.85565296128,-17.2696627463
23447000000,-0.115668710174,-0.0184502996414,-6.85211782868,-17.2343492751
23496000000,-0.114750984125,-0.0184832301218,-6.85700838688,-17.2231383541
23524000000,-0.114257787188,-0.0185296912207,-6.8687138581,-17.2361388384
23577000000,-0.113656055747,-0.0185800165132,-6.88309882429,-17.2526323958
23602000000,-0.11336464948,-0.0186309923163,-6.89908520887,-17.2796110783
23642000000,-0.113010828879,-0.0186864490556,-6.91687337846,-17.3091922927
23692000000,-0.112382520191,-0.0187473019735,-6.93510880422,-17.3364455279
23720000000,-0.112281859433,-0.018796873985,-6.95234630897,-17.3684504721
23765000000,-0.111994067324,-0.01886806371,-6.97703013167,-17.4162500776
23796000000,-0.112270256803,-0.0189528574305,-7.00770127301,-17.4871633202
23839000000,-0.112425404351,-0.01905590103,-7.04448677545,-17.5704686185
23890000000,-0.112694149081,-0.0191208205191,-7.06799499838,-17.627212016
23923000000,-0.112694591871,-0.0191535696774,-7.07960400419,-17.6527014723
23961000000,-0.112976796796,-0.0192146958981,-7.10119697502,-17.7061468581
24036000000,-0.113546680917,-0.019300583488,-7.13201389384,-17.7856322019
24062000000,-0.114331606618,-0.0194182157815,-7.17483822292,-17.9006966024
24081000000,-0.115427074084,-0.0195315425028,-7.21712523245,-18.0160467305
24134000000,-0.116285579084,-0.0196459069035,-7.25923031863,-18.1275728823
24178000000,-0.11718551261,-0.0197412422916,-7.29463578607,-18.2259527994
24219000000,-0.117916100859,-0.0198245093408,-7.32349303613,-18.3072357964
24233000000,-0.118743548383,-0.0198834349628,-7.34620468697,-18.3776326706
24281000000,-0.119357624603,-0.0199286251495,-7.36328564343,-18.4312876658
24325000000,-0.119956841827,-0.0199601732309,-7.3752562065,-18.4735546581
24368000000,-0.120669680353,-0.0199931545758,-7.3894118841,-18.5238549021
24401000000,-0.120573594679,-0.0200448452193,-7.40758902319,-18.5584873353
24449000000,-0.120063083578,-0.0200790228247,-7.41868957197,-18.5686697657
24490000000,-0.119577158583,-0.0200893292135,-7.4220147699,-18.5629627977
24526000000,-0.119169971702,-0.0200803903171,-7.41878872711,-18.5475667057
24560000000,-0.119471573439,-0.0201320146982,-7.43866701043,-18.5970298065
24607000000,-0.120270074608,-0.0202404835587,-7.47948101857,-18.7042840326
24645000000,-0.12155108978,-0.0203931775846,-7.53706383234,-18.8583388188
24679000000,-0.122966602352,-0.0205476763068,-7.59588503469,-19.017996386
24720000000,-0.124419283299,-0.020697957104,-7.65399499625,-19.1778952901
24762000000,-0.125846355154,-0.0208409832958,-7.70986794228,-19.3292505506
24820000000,-0.127143474394,-0.0209802899638,-7.76378332824,-19.4790520787
24833000000,-0.128286050305,-0.0210802745985,-7.80604037675,-19.5920088248
24880000000,-0.129085921058,-0.0211526069264,-7.83758165876,-19.6805848072
24926000000,-0.129410417593,-0.0212222343331,-7.85901910494,-19.7320787161
24966000000,-0.12981245278,-0.0212437825173,-7.87423422862,-19.7745947501
25000000000,-0.130004356267,-0.0212574294394,-7.884415061,-19.7968958049
25026000000,-0.130037966024,-0.02126390577,-7.89013997513,-19.8073287461
25084000000,-0.129759669964,-0.0212473077398,-7.87950179763,-19.7781435298
25119000000,-0.12917289988,-0.021169717392,-7.85395787439,-19.7037484713
25166000000,-0.128858195549,-0.0211371779786,-7.84329522725,-19.676289489
25196000000,-0.128769263575,-0.0211502502966,-7.84971123548,-19.6818988292
25238000000,-0.128722578273,-0.021162571339,-7.85469759062,-19.6939466162
25279000000,-0.128612436543,-0.0211688892901,-7.85805692821,-19.6947854486
25319000000,-0.128551917072,-0.0211734315269,-7.85966348989,-19.6993836152
25363000000,-0.128479104248,-0.0211765653904,-7.86101146675,-19.6988915782
25417000000,-0.128467815064,-0.0211808187663,-7.86200973912,-19.7021950872
25442000000,-0.128477427445,-0.0211838913578,-7.86280153205,-19.7056165571
25483000000,-0.128595268531,-0.0211988949371,-7.86780100509,-19.7199157801
25520000000,-0.128806147345,-0.0212242327388,-7.8762454004,-19.746817084
25557000000,-0.128916270544,-0.0212315814861,-7.87808900259,-19.7550373942
25605000000,-0.128492369918,-0.0212159184709,-7.87367737527,-19.7380959111
25647000000,-0.128146529631,-0.0211893584064,-7.86358244054,-19.7105109742
25681000000,-0.128056401418,-0.0211687592921,-7.85494141641,-19.6956170605
25726000000,-0.128176094564,-0.0211507612991,-7.84804479114,-19.6899454496
25767000000,-0.128492560539,-0.0211206200873,-7.83992934097,-19.6869553066
25803000000,-0.128808357753,-0.0210953721874,-7.83116587981,-19.6825870073
25842000000,-0.129151893518,-0.0210661825927,-7.82171225778,-19.6771039337
25887000000,-0.129743552927,-0.0210586308733,-7.82384923513,-19.7022516996
25925000000,-0.130309861388,-0.0210828059233,-7.83490571666,-19.742315285
25966000000,-0.130973989067,-0.0211271949459,-7.85316458449,-19.801067204
26004000000,-0.131600034975,-0.0211887121155,-7.87785690479,-19.86969636
26039000000,-0.132295549238,-0.0212672456696,-7.90876234176,-19.9552919216
26095000000,-0.132822597961,-0.0213576633531,-7.94469486803,-20.0425440302
26132000000,-0.133403595629,-0.0214656387274,-7.98500876364,-20.1430711824
26166000000,-0.133516315408,-0.0215213536858,-8.0087506814,-20.1942073522
26209000000,-0.133387234796,-0.0215357020512,-8.0166338555,-20.2067452018
26250000000,-0.132943640114,-0.0215147066453,-8.01127457364,-20.1830848429
26281000000,-0.132398179913,-0.0215225879087,-8.01159646415,-20.1674913795
26320000000,-0.132006672897,-0.0215307871775,-8.01706432812,-20.1685630348
26365000000,-0.131598180996,-0.0215434754189,-8.02306524118,-20.1656994013
26412000000,-0.131395450871,-0.0215589679288,-8.02895680236,-20.1738224897
26441000000,-0.130964800732,-0.0215765157669,-8.03599336085,-20.1732186458
26484000000,-0.130746866728,-0.021597363332,-8.04356325593,-20.1839396835
26522000000,-0.130374537268,-0.0216219616438,-8.05232320751,-20.1891195874
26560000000,-0.130319484469,-0.0216678389521,-8.0682228339,-20.2205525485
26598000000,-0.130297812914,-0.0217361674801,-8.09143763898,-20.2663962341
26649000000,-0.130453798526,-0.0218148004473,-8.11940391503,-20.3270969351
26686000000,-0.130674095061,-0.0218812815008,-8.14272634662,-20.3818820184
26737000000,-0.1307940491,-0.0219370737035,-8.16220814383,-20.4236021696
26759000000,-0.131034350898,-0.0219820511884,-8.17741198603,-20.463619876
26818000000,-0.131099544096,-0.0220184691305,-8.18967435576,-20.4899389485
26843000000,-0.131298278036,-0.0220459615818,-8.19861555799,-20.5157098095
26896000000,-0.131367173317,-0.0220688721351,-8.20551037431,-20.5314304389
26925000000,-0.131543610044,-0.0220882815587,-8.21082097174,-20.5487047743
26966000000,-0.131868352863,-0.0221366567443,-8.22689237975,-20.5911544809
27007000000,-0.132426670426,-0.0222101470013,-8.25222219131,-20.6597228699
27040000000,-0.132977806062,-0.0222798448097,-8.27617517803,-20.7254618538
27079000000,-0.133522491563,-0.0223451053278,-8.29863735063,-20.7878262295
27120000000,-0.134077664682,-0.0224063060051,-8.31970098774,-20.8477416745
27163000000,-0.134779407515,-0.022489824778,-8.34894940177,-20.9287126999
27211000000,-0.135767986142,-0.0225953565163,-8.38567003461,-21.0326608498
27236000000,-0.136217358314,-0.0227165939662,-8.43000699697,-21.1362259268
27310000000,-0.136280730662,-0.0228625303085,-8.4756763329,-21.2324693523
27338000000,-0.136233654115,-0.0230130066255,-8.52163814355,-21.3273242627
27370000000,-0.136765383984,-0.0231290837481,-8.56798086593,-21.4365206268
27405000000,-0.137797031421,-0.0232506609247,-8.61472056408,-21.5613401324
27450000000,-0.138988867047,-0.0233760210154,-8.66228792071,-21.694249967
27477000000,-0.140032819532,-0.023461878138,-8.6950277505,-21.7916015212
27523000000,-0.140942057132,-0.0235121156324,-8.7139758288,-21.8605992077
27574000000,-0.141828012002,-0.0235640622206,-8.73339631795,-21.9261568247
27612000000,-0.142753196925,-0.0236259130505,-8.75521186393,-22.0019405805
27655000000,-0.143606848232,-0.0236943836992,-8.77920250238,-22.0769678502
27689000000,-0.144287180972,-0.0237342918168,-8.79879003828,-22.1412243859
27732000000,-0.144771770878,-0.0237830212871,-8.81402766856,-22.1891288211
27757000000,-0.145078029531,-0.0238206655701,-8.82516995817,-22.2236623206
27798000000,-0.145225678491,-0.0238471909195,-8.83279828725,-22.250773514
27840000000,-0.145410328801,-0.0238520636053,-8.83788966697,-22.2653107359
27898000000,-0.145441807748,-0.0238264307634,-8.83634145355,-22.2680005684
27919000000,-0.144971838679,-0.0238023542347,-8.82351924061,-22.2281213185
27957000000,-0.144749622819,-0.0238195696199,-8.82695455281,-22.2356862463
28012000000,-0.144874227938,-0.0238733860293,-8.84531723255,-22.2765798425
28040000000,-0.144847403322,-0.0239207404925,-8.860844985,-22.3124082281
28083000000,-0.144857914073,-0.0239530429439,-8.87201482399,-22.3374674351
28124000000,-0.144786360564,-0.0239757174213,-8.87967823343,-22.3534070584
28170000000,-0.144645598665,-0.0239767195213,-8.87970914337,-22.3529600963
28200000000,-0.144463148298,-0.0239579328294,-8.87283285007,-22.3337583615
28247000000,-0.144256372672,-0.0239390100223,-8.86572835916,-22.3175901275
28280000000,-0.144196442131,-0.0239224762168,-8.86013966162,-22.3031430104
28335000000,-0.144104332481,-0.0239114649938,-8.8560528621,-22.2947309125
28371000000,-0.144226564478,-0.0239177499576,-8.85885221122,-22.3027331955
28413000000,-0.144423795732,-0.0239420449784,-8.86793310539,-22.32792182
28442000000,-0.144767925165,-0.0239791229942,-8.8820951728,-22.3655307654
28482000000,-0.145051362498,-0.0240073046828,-8.89285451387,-22.3954453582
28526000000,-0.145309011833,-0.0240259320158,-8.90029110413,-22.4173187902
28568000000,-0.14540448454,-0.0240171714667,-8.8976107734,-22.4134710046
28604000000,-0.145323987412,-0.0239798363842,-8.88437640819,-22.3836921397
28641000000,-0.145273454499,-0.0239469939897,-8.87284539273,-22.3578077631
28687000000,-0.145240502496,-0.023919248137,-8.86308339022,-22.3349541171
28721000000,-0.145210018089,-0.0238963173013,-8.85486982368,-22.3159729766
28775000000,-0.145244055117,-0.0238857936158,-8.85120658646,-22.3075679783
28815000000,-0.145338060051,-0.0238860081697,-8.85176251697,-22.3102574642
28841000000,-0.145492675806,-0.0238946577964,-8.85597918107,-22.321213208
28898000000,-0.145777143998,-0.0239273203016,-8.86906939896,-22.3544736754
28929000000,-0.146182290151,-0.023981112583,-8.89012123048,-22.4069900433
28962000000,-0.146422257507,-0.0240306230736,-8.90658609841,-22.4457185758
28990000000,-0.146655103037,-0.0240583152286,-8.91830406926,-22.475053622
