%time,field0,field1,field2,field3,field4,field5,field6,field7
101000000,3.58732406867e-43,2.80259692865e-45,3.58732406867e-43,2.80259692865e-45,-2.68002104415,-2.68002104415,-1.28816778646e-23,-7.59287618162e-27
110000000,4.60504250752e-16,-1.9743072625e-18,3.99856691729e-16,-1.70325671938e-18,-15.3970574673,-15.3970574673,6.84460709083e-21,3.65997289219e-19
120000000,-3.40451456108e-15,7.05965103329e-18,-3.4433662683e-15,7.54754201091e-18,-20.0,-20.0,6.89674549855e-20,-1.23221320022e-18
160000000,-6.77025823411e-11,1.88738938774e-13,9.11614589216e-11,-2.33479934589e-13,-20.0,-20.0,-4.08249233936e-13,8.51908338876e-14
215000000,-0.00178996192214,8.76643992318e-06,-0.00175102670252,8.56633646796e-06,-20.0,-20.0,-9.19661032432e-08,0.000278928902529
240000000,0.0138924329525,-3.34911258406e-05,0.0139163583441,-3.37891128389e-05,-20.0,-20.0,-1.03345818582e-05,-0.000238719795038
294000000,-0.00138558497594,6.96016420985e-05,-0.00408363830101,5.95695845811e-05,-0.19397999341,-0.194040676735,-5.54630047586e-06,0.000145740879227
319000000,0.0114796207419,4.6173065864e-05,0.00935801793518,3.58916522232e-05,20.0,20.0,-7.58709102868e-06,2.61673534067e-05
361000000,0.0118797463656,4.57023216488e-05,0.0101130042878,3.5278922768e-05,20.0,20.0,-8.16277457704e-06,1.95843442834e-05
407000000,0.0113136423221,4.37975698692e-05,0.00979083143474,3.328491453e-05,20.0,20.0,-8.12423911618e-06,2.83314995703e-05
449000000,0.010645316073,3.91834261144e-05,0.00930409817859,2.86073682865e-05,20.0,20.0,-7.98874564518e-06,3.26343951916e-05
483000000,0.00978664251175,3.52269493754e-05,0.00858787249766,2.46007539116e-05,20.0,20.0,-7.95514246086e-06,3.50518203042e-05
520000000,0.00883193868829,3.35163498256e-05,0.00774871001391,2.28468201193e-05,20.0,20.0,-8.82959647095e-06,3.82549106102e-05
578000000,0.0079411666387,3.3316682324e-05,0.00695377068648,2.26059559306e-05,20.0,20.0,-1.16066653735e-05,4.24534887685e-05
633000000,0.00719348956185,3.41446472968e-05,0.00628683242842,2.33914785e-05,20.0,20.0,-1.74005897461e-05,4.71589681011e-05
678000000,0.00672157627047,3.2917436087e-05,0.00588368380478,2.21194286965e-05,20.0,20.0,-2.90721773778e-05,5.08964953618e-05
701000000,0.0063958737387,2.9184894789e-05,0.00561640495066,1.83326068283e-05,20.0,20.0,-4.42539442969e-05,5.43274239435e-05
728000000,0.0058081748062,2.91420263072e-05,0.00507936727267,1.82429388019e-05,20.0,20.0,-6.20747997305e-05,5.82982059149e-05
777000000,0.00536855570961,2.89155187323e-05,0.0046845725535,1.79870534131e-05,20.0,20.0,-8.54010141884e-05,5.84241532949e-05
811000000,0.00494776484228,2.97493134976e-05,0.00430356487826,1.87940207108e-05,20.0,20.0,-0.000114012320715,5.86222108822e-05
855000000,0.00458062511269,3.0843619825e-05,0.00397183144653,1.98650842684e-05,20.0,20.0,-0.000146929126563,5.83606643637e-05
880000000,0.00441318275291,2.82457347247e-05,0.00383602979497,1.72491872088e-05,20.0,20.0,-0.000183840040852,5.54972685065e-05
932000000,0.00412541980699,2.94737938597e-05,0.00357556358641,1.84356162717e-05,17.6536489941,17.6535452822,-0.00022389671412,5.29034084761e-05
962000000,0.00392258147021,2.96349110204e-05,0.00339710480579,1.85763281086e-05,12.5486921412,12.5484984242,-0.000266016173861,4.66355838718e-05
1013000000,0.00375842512481,3.02278994857e-05,0.00325542679147,1.91771438864e-05,5.12543766558,5.12516898055,-0.00030943667114,3.91552412082e-05
1041000000,0.00357923279255,3.06493150628e-05,0.00309705072827,1.9612911438e-05,-2.66680595448,-2.66713842967,-0.000352250271675,3.1104275446e-05
1088000000,0.00342506578831,3.09290450744e-05,0.00296230303144,1.99069563412e-05,-11.0792371962,-11.0796166618,-0.000393369675523,2.18378250139e-05
1121000000,0.00328931881961,3.10274153618e-05,0.00284466511112,2.0016930885e-05,-19.7400103585,-19.7404232911,-0.000431325099531,1.15757899624e-05
1165000000,0.00316870864707,3.09660404427e-05,0.00274091899858,1.99616505584e-05,-20.0,-20.0,-0.000464942309596,5.89312607054e-07
1204000000,0.00305969567491,3.07562937008e-05,0.00264759832457,1.97516840922e-05,-20.0,-20.0,-0.000494067455736,-1.07759339579e-05
1251000000,0.00295888151672,3.05485871251e-05,0.00256139500464,1.95381467162e-05,-20.0,-20.0,-0.000514095762128,-2.20302303958e-05
1280000000,0.00288013346423,2.99020959576e-05,0.00249626677154,1.88665928471e-05,-20.0,-20.0,-0.000525770933401,-3.37474548843e-05
1333000000,0.00280235909736,2.91822052368e-05,0.00243165982872,1.81370785592e-05,-18.4734075178,-18.4733858935,-0.000526734654596,-4.4644161396e-05
1369000000,0.00274320712073,2.87773262812e-05,0.0023849252036,1.76957749651e-05,-16.7992030014,-16.7991521241,-0.000516544558947,-5.47522052533e-05
1402000000,0.00270041888371,2.82703555508e-05,0.00235475975187,1.72302792767e-05,-15.1488803992,-15.1487945179,-0.000494259474707,-6.36188360913e-05
1426000000,0.00253337425925,3.34934524735e-05,0.00220007118043,2.24319698042e-05,-13.5390255593,-13.5389014782,-0.000458071160059,-6.87969177108e-05
1482000000,0.00255783661738,3.25516592995e-05,0.0022358733565,2.14182024442e-05,-12.6243956882,-12.6242313868,-0.000407520766898,-7.55972366041e-05
1522000000,0.00253346497109,3.19492207669e-05,0.00222173119288,2.07735647782e-05,-12.2404798974,-12.2402751345,-0.000343492386305,-7.6745891898e-05
1563000000,0.00251171930089,3.02000396372e-05,0.00220917885878,1.89763658951e-05,-12.8170496576,-12.8168072358,-0.000265349184533,-7.5433669115e-05
1609000000,0.00247795705594,2.78238528669e-05,0.00218379613165,1.65733860361e-05,-14.1297595331,-14.1294831942,-0.000174349605956,-7.15592636894e-05
1653000000,0.00244020236275,2.61361924964e-05,0.00215380571448,1.48884901606e-05,-15.9231779233,-15.9228722283,-7.40761708817e-05,-6.45456876989e-05
1683000000,0.00239943559072,2.49978918739e-05,0.00212033671002,1.37851045799e-05,-18.7797650495,-18.7794392748,3.64582427996e-05,-5.37360588409e-05
1746000000,0.00231572784562,2.33397342718e-05,0.00208563050418,1.2349146029e-05,-20.0,-20.0,0.00015454941555,-3.92407003661e-05
1771000000,0.0021431571623,2.99327315029e-05,0.00191865845159,1.90365909773e-05,-20.0,-20.0,0.000275905309454,-1.93240882121e-05
1815000000,0.00216207058007,2.97453630747e-05,0.00194296470577,1.89827619506e-05,-20.0,-20.0,0.00039892257875,-4.33672587335e-07
1845000000,0.00210512813299,3.05838529499e-05,0.00189116983132,1.9925853012e-05,-20.0,-20.0,0.000520025285348,2.56803610261e-05
1881000000,0.0020919970798,3.02667501252e-05,0.00188299158007,1.9736974977e-05,-20.0,-20.0,0.000635654745134,5.27541293885e-05
1943000000,0.0020662526065,2.97730286214e-05,0.00186244509022,1.93912372497e-05,-20.0,-20.0,0.000741679233111,8.12943461477e-05
1970000000,0.00202927470364,2.84881863073e-05,0.00183055009771,1.82025964205e-05,-20.0,-20.0,0.000833678434041,3.57488087927e-05
2002000000,0.00170041601501,4.08873496897e-05,0.00151109469505,3.04540021332e-05,-20.0,-20.0,0.000907878225614,4.14036358147e-05
2053000000,0.00156022042046,4.59958295533e-05,0.0013820327662,3.54028013475e-05,-20.0,-20.0,0.000958892529689,5.506428358e-05
2090000000,0.00151531739277,4.45039011939e-05,0.00134596179035,3.36155730031e-05,-20.0,-20.0,0.000984342129487,6.42110176128e-05
2134000000,0.00155894669872,3.61577607022e-05,0.00139573029507,2.50687365965e-05,-20.0,-20.0,0.000986875855492,6.38874276612e-05
2181000000,0.00146740635724,3.60661819689e-05,0.00136946579374,2.41458012958e-05,-20.0,-20.0,0.000968573264239,6.2029709973e-05
2209000000,0.00139632482534,3.80357512868e-05,0.00129984460846,2.60645159118e-05,-20.0,-20.0,0.000932682609659,0.000134433316878
2248000000,0.00158560951526,2.80720789501e-05,0.001490836364,1.67584159936e-05,-20.0,-20.0,0.000883757550912,0.000103167429068
2287000000,0.00144983652547,3.4701864014e-05,0.00135590334636,2.31608185254e-05,-20.0,-20.0,0.000827860055877,0.000100302361734
2321000000,0.001356481957,4.11563471976e-05,0.00126366992646,2.95324643127e-05,-20.0,-20.0,0.00076221623736,0.000109164578882
2382000000,0.001337202755,4.36845325546e-05,0.00124570926804,3.20245397339e-05,-20.0,-20.0,0.000686624890932,0.000116686213558
2411000000,0.00139911732414,3.87777688047e-05,0.00130905569132,2.70910414709e-05,-20.0,-20.0,0.000600855959023,0.000118043600941
2446000000,0.00137766916553,3.82397550359e-05,0.00128848025677,2.64535224185e-05,-20.0,-20.0,0.000506782301054,0.000117584474293
2488000000,0.00136245546349,3.68384503181e-05,0.00127404419561,2.50402977985e-05,-20.0,-20.0,0.000402647442988,0.000111185805115
2524000000,0.00133963928671,3.72963832708e-05,0.00125215393396,2.54988053942e-05,-20.0,-20.0,0.000291065814613,0.000102957848509
2571000000,0.00129798097065,3.84442110353e-05,0.00121156491304,2.66770496551e-05,-20.0,-20.0,0.000174221904946,9.30228509779e-05
2628000000,0.00125800410244,3.89451756757e-05,0.0011728185881,2.72319336268e-05,-19.9823904896,-19.982463255,5.42236412729e-05,8.04809833839e-05
2650000000,0.00128669604061,3.36306218423e-05,0.00120284114502,2.19879644845e-05,-19.793643968,-19.7937818274,-6.63059300316e-05,6.38320040843e-05
2683000000,0.00123000031682,3.42204427673e-05,0.00114752422952,2.2666975005e-05,-19.7768734549,-19.7770658768,-0.000184650289086,4.77909832967e-05
2734000000,0.00119580357734,3.43803335849e-05,0.00111468374398,2.29031696833e-05,-19.9682976783,-19.968533457,-0.00029824081426,2.66261405401e-05
2791000000,0.00116863460574,3.43760410638e-05,0.00108884336485,2.29798145147e-05,-20.0,-20.0,-0.00040395700243,4.14619725739e-06
2816000000,0.00115566598776,3.42651275241e-05,0.00107715459952,2.29401380887e-05,-19.982745499,-19.9827650541,-0.0004959268013,4.36404815946e-05
2860000000,0.00132814015397,2.68726231869e-05,0.00125047568453,1.520943804e-05,-20.0,-20.0,-0.000573153128653,3.12514544118e-05
2878000000,0.00051914229433,0.000116243434945,0.000441834847062,0.000103768823979,-20.0,-20.0,-0.000622118614416,9.54934300371e-06
2920000000,0.000861267359404,0.000114309337921,0.000791804185337,0.000101885243855,-20.0,-20.0,-0.000633122932581,3.38291093935e-05
2956000000,0.000905746065465,0.000122908287792,0.000845180528195,0.000110766160022,-20.0,-20.0,-0.000606538593671,4.63715229967e-05
3009000000,0.00158376797161,5.69440344021e-05,0.00153074446225,4.53891997538e-05,-20.0,-20.0,-0.00055234500352,5.9975876032e-05
3039000000,0.00135721189651,5.86887959905e-05,0.00130921848269,4.74268899091e-05,-20.0,-20.0,-0.000495158398974,5.86420365136e-05
3090000000,0.00138350433754,4.53805080688e-05,0.00133816044987,3.39208829311e-05,-20.0,-20.0,-0.00044063351538,7.56514538169e-05
3134000000,0.00138200443975,3.34156719595e-05,0.00133804890271,2.18112658522e-05,-20.0,-20.0,-0.000389943764309,7.34446564752e-05
3164000000,0.00132337749871,2.95926674819e-05,0.00127992508259,1.7938089541e-05,-19.8578946412,-19.8565239113,-0.000343391752379,5.0707899887e-05
3212000000,0.00114960660296,3.57709105799e-05,0.00110649267233,2.41653788403e-05,-19.5969081244,-19.5944049273,-0.000300904777383,4.8922684951e-05
3246000000,0.00104150297011,4.16594126654e-05,0.000998596586855,3.00625074298e-05,-19.2314469418,-19.2280222251,-0.000264996223568,5.37042220066e-05
3280000000,0.000994542303731,4.53354839959e-05,0.000951882184679,3.37373174788e-05,-18.7932200359,-18.7890375968,-0.000234609723206,5.73131323135e-05
3339000000,0.000977961546338,4.70964785433e-05,0.000935632796878,3.54933658876e-05,-18.2911420794,-18.2863477374,-0.000209705070157,5.99842387132e-05
3375000000,0.000960449431647,4.94432115926e-05,0.000918527862225,3.78313511337e-05,-17.7959755253,-17.7906865873,-0.000188819749253,7.74585509567e-05
3404000000,0.00100131556419,4.75764636369e-05,0.000959822597356,3.59232375766e-05,-17.3247809267,-17.3191051659,-0.000171532494372,6.95975326463e-05
3445000000,0.00103049840861,4.41746465356e-05,0.000989504866362,3.25264125813e-05,-16.8749404535,-16.8689667499,-0.000155832004672,6.78901791488e-05
3485000000,0.00100675768031,4.60842015823e-05,0.000966264441435,3.44357576921e-05,-16.6070976546,-16.6008922107,-0.000142342782261,7.17849920925e-05
3533000000,0.0010102546315,4.56341682484e-05,0.000970240555187,3.39711672554e-05,-16.5122369053,-16.5058576407,-0.000131350682041,7.28285105226e-05
3563000000,0.00100588227262,4.51526611026e-05,0.000966340431328,3.34814621336e-05,-16.4849260002,-16.4784231929,-0.000123048348661,7.39738097339e-05
3630000000,0.000996795392997,4.48063891635e-05,0.000957711953992,3.31269934951e-05,-16.4889177939,-16.4823330656,-0.000117637050903,7.50958120862e-05
3658000000,0.000984790257558,4.46114152183e-05,0.000946151823926,3.29240018769e-05,-16.5184806045,-16.5118482985,-0.00011508423303,7.60079810167e-05
3688000000,0.000969812295139,4.44252280931e-05,0.000931607943009,3.27300657e-05,-16.5453526786,-16.5387000464,-0.000115414066667,7.66679284858e-05
3719000000,0.000954297945,4.45232899577e-05,0.000916517711096,3.28208615879e-05,-16.5687994248,-16.5621489779,-0.00011862654828,7.69968941596e-05
3741000000,0.000949570217465,4.34346856082e-05,0.000912204932461,3.17252804986e-05,-16.5655033989,-16.5588743431,-0.000124641839969,7.65198984506e-05
3799000000,0.000933289017726,4.37535741307e-05,0.00089633164578,3.20389503752e-05,-16.5397385091,-16.5331461138,-0.000133217561752,6.43714101511e-05
3843000000,0.000898382066344,4.5811477429e-05,0.00086183926335,3.41072838099e-05,-16.4955829562,-16.4890394439,-0.000144178915802,6.45808100412e-05
3886000000,0.000889756854188,4.57752003914e-05,0.00085360533211,3.40656855109e-05,-16.3916398397,-16.3851543838,-0.000157304524799,6.4991084284e-05
3931000000,0.000888444177449,4.47178417611e-05,0.000852671446748,3.2997938334e-05,-16.2299368844,-16.2235173394,-0.000171546806978,6.50603783641e-05
3978000000,0.000887925791627,4.37647110108e-05,0.000852519645854,3.20293830502e-05,-16.003339354,-15.9969909876,-0.000185520567098,5.92463952296e-05
4015000000,0.00087626383773,4.39548917627e-05,0.000841224983128,3.22123078122e-05,-15.720740457,-15.7144674265,-0.000197915235673,5.36520668209e-05
4046000000,0.000862856362017,4.45855317163e-05,0.000828172312584,3.28356966118e-05,-15.396493091,-15.3902982181,-0.000208189947503,4.96288476072e-05
4080000000,0.000855058040138,4.48124686574e-05,0.00082071855351,3.30526670973e-05,-15.0653813698,-15.0592668948,-0.000215366542391,4.58514650606e-05
4130000000,0.000851705016413,4.47309732336e-05,0.00081770201323,3.29590971636e-05,-14.7440094646,-14.7379765248,-0.000218938949888,4.18568449991e-05
4160000000,0.000849527019411,4.43432081107e-05,0.000815853474024,3.25577406694e-05,-14.4435445591,-14.4372243182,-0.000218541742942,3.84097241891e-05
4224000000,0.000844300555696,4.41612442257e-05,0.000810968173754,3.23692929588e-05,-14.1626414883,-14.1560879994,-0.000214026285148,3.56409982708e-05
4251000000,0.000840676274286,4.37202189236e-05,0.000810196598576,3.20743321752e-05,-13.9032892257,-13.8965642864,-0.000203237241356,3.26527330056e-05
4289000000,0.000842107492452,4.31616055327e-05,0.000811934962065,3.14977509358e-05,-13.6741181309,-13.6672599841,-0.00018800911134,2.95995216755e-05
4329000000,0.000840366786235,4.27201712528e-05,0.000810492107346,3.10408577226e-05,-13.4770700923,-13.4701183589,-0.000166391343702,2.77245912622e-05
4368000000,0.000840630969875,4.2616830328e-05,0.000811149114276,3.09527099962e-05,-13.3066841299,-13.2996683264,-0.000139886145795,5.10637274113e-05
4399000000,0.000884772072096,3.82778772159e-05,0.000855713434425,2.65835251112e-05,-13.1590300317,-13.1519752595,-0.000107783429069,5.25407508355e-05
4462000000,0.000888122936341,3.76748589058e-05,0.000859500640892,2.59808041929e-05,-13.0310558546,-13.0239837519,-6.98767008498e-05,4.94997124401e-05
4491000000,0.000869062533833,3.966357313e-05,0.000840832758526,2.79761416149e-05,-12.9361087101,-12.9290386546,-2.79704621973e-05,4.94614760458e-05
4535000000,0.000849823355145,4.1402320795e-05,0.000821929731524,2.97173247587e-05,-12.8689328771,-12.8618806632,1.51972820548e-05,5.28116824281e-05
4560000000,0.000836225403238,4.18073036815e-05,0.000808621151887,3.01191685497e-05,-12.8024938825,-12.795472504,5.72811824875e-05,6.61917749552e-05
4600000000,0.0008420642757,4.0067208219e-05,0.000814727166891,2.83816416709e-05,-12.7318849806,-12.7249083673,9.51963677266e-05,7.45003307399e-05
4641000000,0.000837873694742,3.88920899056e-05,0.00081078516535,2.72069272746e-05,-12.6585771501,-12.6516554174,0.000128450178246,8.13903442448e-05
4690000000,0.00082523764634,3.89212547506e-05,0.000798385604935,2.72329767865e-05,-12.534440687,-12.5275826892,0.000155738126705,8.86803155296e-05
4728000000,0.000808949862632,3.94456902942e-05,0.000782326576668,2.77504681973e-05,-12.369337998,-12.3625506434,0.000176753180604,9.65369845415e-05
4768000000,0.000793037395383,4.02128630208e-05,0.000766637124675,2.85067513582e-05,-12.1498705246,-12.1431609335,0.000189083702143,0.000104388500771
4811000000,0.000782110411949,4.14574685241e-05,0.000755926753306,2.9734669761e-05,-11.8828112256,-11.876185293,0.00019145186872,0.000111766013339
4847000000,0.000768968630229,4.20645371187e-05,0.000742995719484,3.03209896126e-05,-11.5840348637,-11.5774962775,0.000183393160068,7.18721297901e-05
4885000000,0.000690731168002,5.26879590022e-05,0.000664876458845,4.08292233076e-05,-11.2925911654,-11.286143143,0.000164214477028,7.23978801333e-05
4936000000,0.000688705460041,5.51987880422e-05,0.000662253528566,4.31864053957e-05,-11.0131473308,-11.0067916783,0.00013320788661,7.798276449e-05
4978000000,0.000738591364334,5.17315985974e-05,0.000711453457451,3.97112120311e-05,-10.7999373732,-10.7936744623,9.04824345728e-05,8.08666603567e-05
5015000000,0.000762310159321,4.87036575501e-05,0.000734646291344,3.67134503744e-05,-10.6413804262,-10.6352095546,4.26512891544e-05,9.1933594415e-05
5040000000,0.000795223784876,4.4485589528e-05,0.000767288891524,3.25351713855e-05,-10.5278822825,-10.5218027304,-6.27545971582e-06,6.87736367906e-05
5080000000,0.000771385616964,4.85187957491e-05,0.00074340202961,3.65995257896e-05,-10.4470806346,-10.4410904857,-5.29964491805e-05,5.79538205497e-05
5119000000,0.000761673633151,5.17702871599e-05,0.000733804278352,3.98777694559e-05,-10.3934460425,-10.3875432632,-9.60400248449e-05,5.18599569071e-05
5177000000,0.000767423165781,5.244882924e-05,0.000739778444675,4.05758755044e-05,-10.3323427528,-10.3265243774,-0.000134630016997,4.55559328132e-05
5237000000,0.000769077123246,5.29303127929e-05,0.000741697772128,4.1064308772e-05,-10.2632791682,-10.2575423389,-0.000167138918199,3.83440859849e-05
5268000000,0.000760961725581,5.44325563713e-05,0.000733846458066,4.25609506205e-05,-10.1877690807,-10.1821111661,-0.000192355892373,3.03215111567e-05
5290000000,0.000769014266297,5.30139980131e-05,0.000742145626713,4.11284432196e-05,-10.1047510363,-10.0991688888,-0.000208636700835,2.13553892499e-05
5320000000,0.000768951091234,5.22576533389e-05,0.00074231425801,4.03592793886e-05,-10.0152779664,-10.0097686503,-0.000214798268236,1.41921543783e-05
5361000000,0.000768980500385,5.09201801648e-05,0.000742550650578,3.89989180735e-05,-9.88176341801,-9.87632388627,-0.000210268614429,7.52950380493e-06
5401000000,0.00076867393681,4.98465629887e-05,0.000742438274489,3.79011026859e-05,-9.71192818226,-9.70655580259,-0.000194319577361,1.91543462907e-06
5452000000,0.00075943889739,4.82431607874e-05,0.000733388625236,3.62734874701e-05,-9.50907828865,-9.50377069353,-0.000165171351182,-1.89075811903e-06
5494000000,0.000759737521885,4.72798662983e-05,0.000733871056937,3.52890734243e-05,-9.31386854293,-9.30862381728,-0.000125235297174,-4.51992343997e-06
5516000000,0.000761182817659,4.71963744016e-05,0.000735504644507,3.51934299949e-05,-9.12824707653,-9.12306360147,-7.35758709236e-05,4.31694444814e-05
5568000000,0.000835495372399,3.78901565583e-05,0.000811478835865,2.62889767827e-05,-8.91027607097,-8.90515347195,-1.11980354474e-05,4.75612072548e-05
5605000000,0.000841989874652,3.64323405629e-05,0.000789055739801,2.36811583354e-05,-8.65764230483,-8.65258049227,6.39774511188e-05,4.04364978172e-05
5650000000,0.000810840823899,4.13017007442e-05,0.000760143923798,2.86039881093e-05,-8.38189529988,-8.37689422428,0.000145881319902,2.32421724224e-05
5681000000,0.00075609802254,4.83039087121e-05,0.000706995655442,3.55242135948e-05,-8.14419991979,-8.13926167725,0.000228876730057,5.68388546487e-05
5730000000,0.000773318676418,4.41913186997e-05,0.00072535683945,3.14114278981e-05,-7.94214803834,-7.9372746237,0.000306669477478,7.71807922679e-05
5788000000,0.000780665573379,4.01043019762e-05,0.00073342506432,2.73167848485e-05,-7.79578228054,-7.79097663916,0.00037676808794,9.12951073633e-05
5802000000,0.000773172391608,3.78028973448e-05,0.000726388521121,2.50066606044e-05,-7.69105254221,-7.68631683987,0.000438582914307,0.000104983119786
5846000000,0.000765498475225,3.50290048656e-05,0.000719027639346,2.22203188983e-05,-7.6335993896,-7.62893606421,0.000486289564169,6.073550669e-05
5880000000,0.000657180460388,4.78295721069e-05,0.00061059750886,3.46239805196e-05,-7.62368887801,-7.6191004905,0.000518104459998,6.4452258475e-05
5922000000,0.00062928303121,5.2937973229e-05,0.000582829983134,3.95945898469e-05,-7.65353712147,-7.64902548302,0.000529351732771,7.19134634097e-05
5972000000,0.000632965196709,5.18036118841e-05,0.000617460962279,3.86445408175e-05,-7.65268972998,-7.64825509847,0.000520349459553,7.89520658327e-05
6008000000,0.000663821717332,4.86316448966e-05,0.000648423969579,3.5494747956e-05,-7.62409488401,-7.61973717553,0.000495010256754,0.000131869595231
6046000000,0.000718514039437,3.15232196392e-05,0.000705303260561,1.90296915607e-05,-7.57516334036,-7.57088263912,0.000460047709777,0.0001042732674
6099000000,0.000668844775403,3.7737883071e-05,0.000657618035125,2.52610468339e-05,-7.48361419765,-7.47940986124,0.000419051131954,9.83023376444e-05
6126000000,0.000661259315632,3.93200450601e-05,0.00065178627201,2.68066585823e-05,-7.35323143263,-7.34910253805,0.000372063231833,9.95328009183e-05
6184000000,0.000649462704731,4.27150903052e-05,0.000641192720721,3.01071722845e-05,-7.20805191534,-7.20399686413,0.000317864541326,7.54525588876e-05
6212000000,0.000615951115352,4.69593879049e-05,0.000607692618277,3.39564169731e-05,-7.05497141795,-7.0509882687,0.000257190262618,7.49960600684e-05
6246000000,0.000613533678929,4.55761899612e-05,0.000604680503814,3.24411109328e-05,-6.89582764575,-6.8919144242,0.00018990575947,7.90549491761e-05
6292000000,0.00062548662063,4.12073023516e-05,0.000615951924922,2.80704673761e-05,-6.7383719809,-6.7345256094,0.000119036269553,7.62300275641e-05
6313000000,0.000628103175413,3.80029921448e-05,0.000618026469179,2.49057835888e-05,-6.58327311892,-6.57949080137,4.73794517466e-05,7.17604010855e-05
6359000000,0.00062582797923,3.70773225048e-05,0.000615415187835,2.40253706585e-05,-6.46208964521,-6.45935589878,-2.07961385764e-05,4.97137964917e-05
6423000000,0.000612257063074,3.91036149491e-05,0.000601696190066,2.60933374018e-05,-6.37906783817,-6.37722107288,-8.23021767212e-05,3.62241837859e-05
6446000000,0.000608060169631,4.01333219838e-05,0.000597484007655,2.7156501381e-05,-6.30974401447,-6.30864392352,-0.000134893085782,2.61092202366e-05
6525000000,0.000608937214735,4.02914718427e-05,0.000598394583918,2.73298058007e-05,-6.24622150626,-6.24575201633,-0.000177247705766,1.64087572467e-05
6532000000,0.00059629589869,4.30464036901e-05,0.000585818216299,3.00830396047e-05,-6.1884196882,-6.18846632855,-0.000204540678291,7.00092476947e-06
6571000000,0.000609617706707,4.1198929153e-05,0.000599198516812,2.82138959563e-05,-6.14670406327,-6.1472011855,-0.000221496878315,-4.63078261222e-06
6614000000,0.000605174353976,4.19295061943e-05,0.000594830546048,2.89341669487e-05,-6.1230909144,-6.12396720534,-0.000223499679518,-1.23574306378e-05
6652000000,0.000614112953003,4.17531200218e-05,0.000603823620831,2.87266620192e-05,-6.07380224359,-6.07499711561,-0.000209483430874,4.82317024815e-05
6689000000,0.000711034043597,2.86736627201e-05,0.000700646200451,1.54596236313e-05,-6.0011745734,-6.00263744234,-0.000177969715385,4.72864953001e-05
6722000000,0.000725994580016,2.63994699931e-05,0.000716081437635,1.33111118863e-05,-5.91105829778,-5.91275038532,-0.000128182979134,4.25864899812e-05
6764000000,0.000714164846782,2.89153959378e-05,0.000704910811519,1.59296811959e-05,-5.79971622146,-5.80159934508,-6.09366144404e-05,3.78752978329e-05
6806000000,0.000694058655398,3.50896946888e-05,0.000685387415203,2.21697713142e-05,-5.65966018979,-5.66170544641,1.51795564952e-05,2.018082782e-05
6838000000,0.000667003782591,4.26236204556e-05,0.000658722189272,2.97044100245e-05,-5.4965215432,-5.49870494573,9.27772144829e-05,5.42953148656e-05
6890000000,0.000705991748911,3.70293042808e-05,0.000697988145886,2.41349363276e-05,-5.36468218788,-5.36698495692,0.000166850549665,7.04588687645e-05
6921000000,0.000723848399204,3.16204073398e-05,0.000716014655572,1.87471381028e-05,-5.26044489075,-5.26285130182,0.000235518209549,7.99619927703e-05
6969000000,0.000717287945251,2.94061963417e-05,0.000709550224879,1.65465088847e-05,-5.13613905943,-5.13863741933,0.000296751696555,5.69833216719e-05
7000000000,0.000661195826939,3.6563123965e-05,0.000653378160893,2.35696358239e-05,-4.9921093258,-4.99468908831,0.000347476671917,5.53895236899e-05
7050000000,0.000626971030755,4.04664633279e-05,0.000619100210299,2.73794996378e-05,-4.83230674149,-4.83495904573,0.000384151298865,6.3699798487e-05
7093000000,0.000616488344941,4.06889209849e-05,0.000608457899497,2.75071303993e-05,-4.6937679974,-4.69648524846,0.000406016227582,6.61210701722e-05
7148000000,0.000606243475619,4.07926920416e-05,0.000598011011748,2.7555287563e-05,-4.57401480909,-4.57679078754,0.000414685956991,0.000117966719194
7163000000,0.000448296642192,8.09019827831e-05,0.000440162880664,6.7903640089e-05,-4.4713565023,-4.47418609059,0.000411660171944,0.000113100947566
7205000000,0.000474375424437,8.0821074919e-05,0.000466228389661,6.78916897177e-05,-4.38446440777,-4.38734309564,0.000402749090522,0.000102156941757
7252000000,0.000425328867908,9.26120884762e-05,0.000416966586051,7.94851875789e-05,-4.3103192201,-4.31324303978,0.000385960295053,0.000121036169997
7283000000,0.000429636588655,9.52348330275e-05,0.000421286097147,8.21020777787e-05,-4.27498633848,-4.2779524266,0.000358179248316,0.000133027806877
7331000000,0.000443954091465,9.42110545513e-05,0.000435630143732,8.10604602979e-05,-4.27342102058,-4.27642700705,0.000319366427716,0.000138222965857
7376000000,0.000469784366427,8.77819128499e-05,0.000461495370752,7.4607992701e-05,-4.282675482,-4.28192429648,0.000267580262049,0.000148372050332
7407000000,0.00042305131804,8.87115340836e-05,0.000414602842134,7.54263121397e-05,-4.29330852732,-4.289399204,0.000201635397127,0.000101126940651
7440000000,0.000337423840412,9.89004402861e-05,0.000328841043734,8.55445749512e-05,-4.30507876433,-4.29851773469,0.000118048224651,9.80768854923e-05
7468000000,0.000370903731852,8.57867206887e-05,0.000362392210627,7.25492895846e-05,-4.28428901548,-4.27549409872,1.7784770557e-05,0.000102095667176
7531000000,0.000372711572928,8.10318243562e-05,0.000364336352743,6.79475482544e-05,-4.22779638836,-4.21713780486,-9.5469894458e-05,0.000132755910507
7572000000,0.000440501604848,7.29450137174e-05,0.000433034005195,6.04244579998e-05,-4.14335846759,-4.13114679204,-0.000213176615395,8.4606169791e-05
7618000000,0.000482789401864,6.34058666292e-05,0.000477125637559,5.12394551933e-05,-4.0361910946,-4.02268741082,-0.000323470927617,5.31488392974e-05
7646000000,0.000510556760058,5.61461923368e-05,0.000506630759461,4.41738513968e-05,-3.91249558711,-3.89789623485,-0.000425466540102,3.60399111806e-05
7678000000,0.000506525731406,5.77366738043e-05,0.000503827436921,4.57828493415e-05,-3.80365106099,-3.78814726617,-0.000515704064608,6.9713147705e-05
7734000000,0.000581932207695,4.47897521502e-05,0.000583505804678,3.38979968948e-05,-3.70969830793,-3.69344411692,-0.000589733262752,6.91092960922e-05
7768000000,0.000612306684534,3.79389348926e-05,0.000620185897526,2.75174819755e-05,-3.63391695735,-3.61704544744,-0.000640482413164,5.53537177397e-05
7817000000,0.000608332541428,3.88718480091e-05,0.000621907774756,2.83887142254e-05,-3.5731434751,-3.55576206295,-0.000669373378236,5.10080460079e-05
7852000000,0.000607997658753,4.13843454489e-05,0.000625554393349,3.05845019096e-05,-3.52566727043,-3.50787129781,-0.000677070321684,4.6609039114e-05
7874000000,0.000610033694458,4.27252022669e-05,0.000629925317513,3.16259950432e-05,-3.51801769056,-3.50195381678,-0.000666470785395,4.78561872505e-05
7920000000,0.000564241121541,5.79506191349e-05,0.000585027928458,4.64433375488e-05,-3.54229044219,-3.52771651173,-0.000641893287174,5.21947277193e-05
7982000000,0.000598113584799,5.41696543239e-05,0.000619059538484,4.23989595708e-05,-3.54615341375,-3.53284827389,-0.000603804756401,-2.12362334202e-06
8024000000,0.000789562519813,-2.82230497263e-06,0.00081082606718,-1.41962862191e-05,-3.51257551657,-3.50034761943,-0.000549932361025,8.63272338274e-06
8041000000,0.000811479741574,-2.68571291475e-05,0.000832559233182,-3.81478966766e-05,-3.45595307425,-3.44464395408,-0.000494038179283,2.53526496743e-05
8096000000,0.000824179398964,-3.70065864112e-05,0.000844725188888,-4.85386804659e-05,-3.38529563557,-3.37477993232,-0.00043649271574,1.42434456297e-05
8132000000,0.000762296144588,-2.68342471499e-05,0.000782521423829,-3.84256196256e-05,-3.30157411536,-3.29173455685,-0.000372940132023,5.43281783029e-06
8159000000,0.000745889250011,-2.40158739887e-05,0.000766020440138,-3.55525273032e-05,-3.20175216014,-3.19249450159,-0.000302895841493,2.20119252111e-06
8213000000,0.000719746320769,-1.81736396367e-05,0.000739830496942,-2.97073382299e-05,-3.08806758626,-3.07931166645,-0.000227839030215,1.10365659988e-05
8259000000,0.000709126208936,-2.30793895768e-05,0.00073654729032,-2.69839616213e-05,-2.96227360867,-2.95394828947,0.019850544502,2.02328752945e-05
8306000000,0.0010329674742,-0.000464526357798,0.00137262311987,-0.000143244448674,-2.85350647359,-2.84555332024,0.0399444420611,8.68584502114e-06
8329000000,-0.00141070478279,-0.000537702493107,-0.000393713530406,0.000491584690556,-2.75892860857,-2.75131109841,0.0600672866014,0.000129878125657
8380000000,-0.00143125735959,-0.00205808284033,0.000928724955635,0.000377827449949,-2.70819038575,-2.70089954397,0.080268208212,3.29147712613e-05
8406000000,-0.00197536413816,-0.00261169779691,0.000985057912629,0.000468627414022,-2.68065705457,-2.67369578619,0.100453227995,-4.18248492584e-05
8471000000,-0.00249979413827,-0.00316088617036,0.00104318121593,0.00054910185294,-2.6887194509,-2.6820837298,0.120440636973,6.99120770808e-06
8509000000,-0.0024040742762,-0.00365895148767,0.00152546228209,0.000477166568023,-2.69512269175,-2.6888430242,0.140139656993,0.000208766751092
8558000000,-0.00256832406066,-0.00409135111562,0.00172348630852,0.000441317933105,-2.68308078795,-2.67721010634,0.158786392184,-3.82619155066e-05
8584000000,0.000733156980972,-0.00356932925134,0.00381685742209,-0.000290919079921,-2.66179554285,-2.65637366689,0.176946293891,0.000278139194231
8608000000,-0.000168779468325,-0.00323240073549,0.00241955243571,-0.000489100137191,-2.63473516068,-2.62978468757,0.194685891777,0.000377411975583
8636000000,-0.00176247620799,-0.0041168172911,0.00157519584478,-0.000634350486158,-2.59543100605,-2.59100065464,0.211370945613,0.000627274478934
8684000000,-0.00293014296111,-0.00439928749375,0.000709251806494,-0.000664612833159,-2.54590375251,-2.54202956417,0.227068148924,0.000601526067588
8726000000,-0.00308119743616,-0.00336351130482,-0.000249159881188,-0.000558667245048,-2.48807550447,-2.48477854741,0.241660957718,0.000890915980366
8758000000,-0.00257980493253,-0.00301364266507,-7.98198786947e-05,-0.000681670924129,-2.42104375412,-2.41833525139,0.255141879574,0.000940106743649
8796000000,-0.00140267015512,-0.00123214557859,-0.000416194506538,-0.000636910467053,-2.34609338861,-2.34397106487,0.267452683466,0.0012237648764
8863000000,-0.000773434686235,-0.000932694012381,-6.64799620109e-05,-0.000836259744253,-2.26122438041,-2.25966830957,0.278651013269,0.0013660805971
8900000000,0.00127610023969,-0.000199159794537,0.00111770000069,-0.00125013091785,-2.15305816569,-2.15203280757,0.288215974386,0.00149907278804
8919000000,0.00383774878084,0.00110410645379,0.00210874040606,-0.00188134752386,-2.03664836224,-2.03610224247,0.297143467626,0.0014994562311
8960000000,0.0039025298191,0.00181909229238,0.00164547906548,-0.00205531128925,-1.91255008538,-1.91227688459,0.305014424891,0.00158117358691
9013000000,0.00313035409364,0.00113128877563,0.00171846012062,-0.00223865009114,-1.78262312179,-1.78254456516,0.311724154468,0.00184092505417
9044000000,0.00252603304404,0.000550266284067,0.0018828089541,-0.00242305731078,-1.64830588622,-1.64834201583,0.317696172752,0.00176730192931
9096000000,0.00273543383818,0.00104160770917,0.00189482190426,-0.0025602458609,-1.55702190034,-1.55704851134,0.322662420842,0.00198645387027
9135000000,0.00261867122307,0.000946572711753,0.00213667189129,-0.00273365164462,-1.5096697593,-1.50955828525,0.326872309185,0.00200689463986
9174000000,0.00356898716972,0.00141294851771,0.00277982889913,-0.0030584989821,-1.46774106658,-1.46732523045,0.330323521993,0.0021957739237
9214000000,0.00367958780595,0.00147562850953,0.00306235910688,-0.00330727316843,-1.42524139383,-1.42436326552,0.333118547077,0.00221150892969
9243000000,0.00387202369045,0.00162385641845,0.00334553387448,-0.00357001158617,-1.38232687587,-1.38083509072,0.335325435919,0.00232415488836
9282000000,0.00354774741441,0.00141785245973,0.00351152151251,-0.00378254362878,-1.33868577636,-1.33641919615,0.3368982855,0.00242941565095
9331000000,0.00324488419998,0.00123398102001,0.00368699423589,-0.00399563191156,-1.29255009801,-1.28931081154,0.338052935321,0.00248717900606
9360000000,0.0031664711835,0.00105273464196,0.00404305941602,-0.00425637916171,-1.27902173749,-1.27457937757,0.338789466134,0.00258290356657
9400000000,0.00304947476461,0.000837131265519,0.00439329702515,-0.00452120568439,-1.29614627323,-1.29028103152,0.339169682968,0.00260992354627
9450000000,0.00308293072904,0.000830161794754,0.00469803886727,-0.00478397211316,-1.33776870136,-1.33028234221,0.339268982841,0.00269872532153
9486000000,0.00257793830938,0.000548077599848,0.00479912868569,-0.00497365584439,-1.3561980041,-1.34684828227,0.339115182558,0.00274895098626
9540000000,0.00238824918796,0.00020375237959,0.00519269734326,-0.00524649929684,-1.34815609553,-1.33670361023,0.338748133925,0.00283285366293
9581000000,0.00229845081834,1.33061753205e-05,0.00554225873858,-0.00551181420025,-1.31487324838,-1.30107224423,0.338235669596,0.00286832019709
9621000000,0.00221986517665,-0.000143712564994,0.00586815319889,-0.00577640409824,-1.25851434887,-1.24213013262,0.337603521228,0.00293953901174
9653000000,0.0017897605453,-0.000386721508624,0.00598720215907,-0.00597265461108,-1.18335315935,-1.16417475803,0.336888282999,0.00301485628807
9683000000,0.00151078488133,-0.000847092136461,0.00639833895958,-0.00623484608398,-1.09119015256,-1.06896295363,0.33612424789,0.00307859730819
9724000000,0.00143232247233,-0.00102050672626,0.00673289926727,-0.00649329756393,-0.98482195384,-0.959314478303,0.335342755535,0.0031631147983
9768000000,0.00121254131774,-0.00135396443545,0.00707466164386,-0.00675369087066,-0.866184178274,-0.837165214382,0.33456394478,0.0031543103231
9803000000,0.00132809894555,-0.00123579073831,0.00732667255274,-0.00700086529563,-0.734393608377,-0.70162270132,0.333807440582,0.00326616954449
9857000000,0.00103025891082,-0.00164287380508,0.00764965047889,-0.00726703010194,-0.592648827489,-0.55591881636,0.333087232449,0.00335315337705
9875000000,0.000818271031159,-0.00194199152994,0.00795937103952,-0.00752355940602,-0.468999642252,-0.428079146506,0.332408692926,0.00341575645883
9934000000,0.000687056105149,-0.00211767584492,0.00823727641802,-0.00777074332551,-0.363809997662,-0.318470049066,0.331796550464,0.00349995105111
9981000000,0.000518784801464,-0.00234564293109,0.0085310753338,-0.00801276825381,-0.261493050398,-0.21150395479,0.33125297533,0.00357859433732
10000000000,0.00041631957095,-0.00250089719285,0.00882033155972,-0.00825403628051,-0.160840633279,-0.105996734406,0.330781616546,0.0036698038441
10041000000,0.000298793395376,-0.00266348341336,0.00909360632946,-0.00850252718399,-0.0617543155859,-0.00186500351256,0.330388775,0.00375825581665
10081000000,0.000213327463666,-0.00276670786318,0.00934132581579,-0.00875081012241,-0.0049736203831,0.0601812266911,0.330071811684,0.00384927588155
10139000000,0.000138748122059,-0.00284385823753,0.00957610047844,-0.00899713449205,0.0168328869209,0.0874458634153,0.329821651612,0.00395563610587
10162000000,-3.33341465349e-05,-0.00292506062124,0.00974144105194,-0.00921816085793,0.00620244524132,0.0824800169924,0.329642611202,0.00406065497982
10206000000,-0.000134233715877,-0.00304786222684,0.00999710742143,-0.00946063919861,-0.0311538775543,0.0509763745214,0.329529270196,0.00417923186958
10242000000,-0.000198430465833,-0.00312540404581,0.0102472173586,-0.00970179012655,-0.0909707084871,-0.00281896059803,0.329479960508,0.00428676422703
10285000000,-0.000236806712454,-0.00316571609152,0.0104875620009,-0.00994343936577,-0.110849175818,-0.0164765826439,0.329493534247,0.00441278167075
10330000000,-0.000319819801735,-0.00326662651728,0.0107413887737,-0.0101859137519,-0.0946372259659,0.00613160289173,0.329559858489,0.00453174607434
10366000000,-0.000360142025882,-0.00331332412567,0.010986530508,-0.010428663906,-0.0879907795228,0.0193598581947,0.329681697857,0.00466209763737
10402000000,-0.000299105065917,-0.00326244384395,0.0106592691687,-0.0101006212071,-0.0944085786868,0.0196990170434,0.309854646642,0.00478906532816
10457000000,0.00145099728062,-0.000832449435964,0.00975043819081,-0.00969736460875,-0.11052827616,0.0104851123366,0.290055021987,0.00495586510829
10503000000,0.00299568165056,0.00155063850752,0.00862466225131,-0.00930421787649,-0.102173151935,0.0259313495394,0.270255284662,0.00516389669412
10540000000,0.00390444914474,0.00320819823576,0.00747851644564,-0.00893616548525,-0.0704504108239,0.0649215309633,0.250452837153,0.00537634702449
10576000000,0.00399436737713,0.0038597786926,0.00644234230116,-0.00855646693074,0.000948153012948,0.143790252736,0.230699043257,0.00554917907775
10613000000,0.00349719827231,0.00376924196698,0.00552884581525,-0.00813257210082,0.105853912204,0.256346594894,0.211100417619,0.0056215400196
10657000000,0.00272909878584,0.00331324187568,0.00471512731527,-0.00764654554864,0.240337083906,0.398646170649,0.191811911925,0.00573513680305
10688000000,0.00117455817321,0.00264952191729,0.00350746920886,-0.00692265337933,0.361571549898,0.52792519268,0.172906497166,0.00563420121067
10730000000,0.000703616027306,0.00231075482902,0.00293348178333,-0.00632892967139,0.471963456811,0.646545615615,0.154758003114,0.00588217805281
10767000000,-6.47551788317e-05,0.00111283459978,0.00280637806969,-0.00581909600806,0.557935353782,0.740951286987,0.137422193984,0.00589574814512
10814000000,-0.000404863128214,0.000505870277458,0.00254372326783,-0.00531252454942,0.620666088568,0.812299593659,0.121018310686,0.0059306762653
10856000000,-0.00168545023967,0.000198081333588,0.00138679554595,-0.00448642880703,0.663843416636,0.86429380307,0.105670680657,0.00602142590574
10891000000,-0.00168504158434,-0.000568843322924,0.00164242333628,-0.00402115084796,0.691337923191,0.900766564479,0.0914280537011,0.00596536030536
10932000000,-0.00142433361785,-0.00069001127241,0.00157211327159,-0.00357079278255,0.704914593782,0.923462813777,0.0783678525082,0.00604247479878
10959000000,-0.00117240004239,-0.000973530906201,0.00164396222679,-0.00318819352336,0.695991600403,0.923799720236,0.066513600314,0.00592646537956
11007000000,-0.00118127437427,-0.000918572265086,0.00126182925222,-0.00272802270999,0.668688205714,0.905867636353,0.0557446114426,0.00610033827956
11041000000,-0.000800101150227,-0.00113294358619,0.00143763852479,-0.00243990211516,0.62299891273,0.869653824622,0.0462261975067,0.00602700911018
11089000000,-0.000517967201799,-0.00111965564363,0.00135247210205,-0.00217026520838,0.596161472272,0.85237996051,0.0378914382756,0.00618683881918
11131000000,-0.00110250828705,-0.000911839508365,0.000522477612684,-0.00165706597193,0.586003778162,0.851852557311,0.0306713207903,0.00621348460222
11167000000,-0.000753799258862,-0.000917450293181,0.000605980545129,-0.00145240348481,0.610195073588,0.885719211856,0.0244812793344,0.00634827043505
11212000000,-0.000563329940765,-0.000829345387505,0.000502614597913,-0.00125664951072,0.664618356562,0.949848980949,0.0192687382064,0.00636987780122
11248000000,-0.000484251203126,-0.000725454289623,0.000319596622746,-0.00108148583214,0.744461825708,1.03941648524,0.0149635892718,0.00649113503507
11299000000,-0.000381856301408,-0.000681231814184,0.000224295840481,-0.000964000188653,0.823239322103,1.12791669747,0.0114938909749,0.00661505739023
11335000000,-0.000341790147071,-0.000644928040846,0.000106041674548,-0.00086919665872,0.899614461154,1.21399920004,0.00872465497495,0.00667031196411
11373000000,-0.000394366307057,-0.000606106395668,-7.72076882263e-05,-0.000793910440995,0.94915459481,1.27263356485,0.00659295986618,0.00686762493822
11403000000,-0.000393791759612,-0.00060039887618,-0.000163099763214,-0.000751353135336,0.976087425748,1.30870620663,0.00502806866793,0.00694491619732
11463000000,-0.000504087656668,-0.000572186552863,-0.00033608741354,-0.000705917422325,0.981638009055,1.32343401779,0.00402081535406,0.0071204390804
11479000000,-0.00057681327084,-0.00056543938486,-0.000444173820202,-0.00068390967321,0.986238841093,1.33720743035,0.00337557784967,0.00726118663662
11522000000,-0.000703860129469,-0.000537402444723,-0.000588446306456,-0.00065310228355,0.996512341302,1.35664096796,0.00312708636026,0.00745455534656
11568000000,-0.000768210907272,-0.00052654839426,-0.000652443267367,-0.000642561565087,1.00281082341,1.37205786006,0.00313605554822,0.00762793698218
11603000000,-0.000857218361814,-0.000508741532783,-0.00072578006109,-0.00063500030984,1.00397040202,1.38229349072,0.00348279575826,0.00779328615521
11670000000,-0.000878876491144,-0.000499067739442,-0.000719490554252,-0.000639606628704,1.00115194313,1.38850260763,0.00403596216294,0.00796915112788
11685000000,-0.00080451372331,-0.000543940517877,-0.000609706132641,-0.000703919459058,1.00466018706,1.40096961106,0.00475343498096,0.00816270204469
11734000000,-0.000618314657799,-0.000270116792479,-0.00142728309167,4.36910466954e-05,1.01531869768,1.42051472897,-0.014377672539,0.00832492727321
11767000000,-0.00116512286088,-0.000161194492979,-0.00269230220174,0.000908446044857,1.04068317131,1.4546820862,-0.0334282390385,0.00852788601137
11813000000,-0.00205836974111,-0.00039323079047,-0.00393563913189,0.0018078443333,1.07905494866,1.50177788316,-0.052467792832,0.00879571759502
11838000000,-0.00302179926622,-0.000946307911996,-0.00504543703365,0.00259691887287,1.12809544199,1.5594688806,-0.0714906086479,0.0090558272099
11880000000,-0.00401392907683,-0.00166007993662,-0.00610669513349,0.00331357997092,1.18264088665,1.62259813638,-0.0904519072894,0.00925771048227
11930000000,-0.00489311830812,-0.00231089043857,-0.007106556895,0.00402591242418,1.24101712827,1.68949395034,-0.109261047856,0.00939712701617
11971000000,-0.00552013085826,-0.00276774900144,-0.00801525408197,0.0047324566868,1.29585481003,1.75280069506,-0.127788176862,0.00950388748202
11998000000,-0.00581845109506,-0.00296787144898,-0.00881017553319,0.00542363929158,1.34730581123,1.81266827559,-0.145894614085,0.00953986542779
12051000000,-0.00590772399629,-0.00300227869526,-0.00949614643368,0.00610918609111,1.3955811264,1.86930517261,-0.163383468536,0.00960392649271
12091000000,-0.00540383696539,-0.00264890050364,-0.00992645690557,0.00674973409184,1.4276838047,1.90972034136,-0.180125365774,0.00968931527681
12138000000,-0.00441365932286,-0.0019904838511,-0.0101688617281,0.00728742368956,1.44643548736,1.93672871842,-0.195981155667,0.00961529096483
12164000000,-0.00377686942562,-0.0015837241871,-0.0104375066099,0.00781190803186,1.44417031989,1.94266014606,-0.210957461999,0.00972097407224
12207000000,-0.00255463253323,-0.000726402122153,-0.0105764799308,0.00818618906169,1.42060356935,1.92722463473,-0.224750226854,0.00962703539049
12269000000,-0.00182254198525,-0.000202679473511,-0.0107915895993,0.00853449802263,1.3812565192,1.89593746241,-0.23752407326,0.00975165050566
12283000000,-0.000331172617811,0.000911617729051,-0.010765375362,0.00881386430534,1.37670446634,1.89935137576,-0.249228578244,0.00966008812722
12334000000,0.000246191863569,0.00130991503294,-0.010873887299,0.0090573908294,1.40265899877,1.93317565025,-0.259736415553,0.00977359923688
12360000000,0.0017213844657,0.00242085765396,-0.0107470695854,0.00920425819438,1.41945109776,1.95771851711,-0.269199507505,0.00973967421201
12419000000,0.00231183099734,0.00282813616312,-0.0107314857547,0.00933001139006,1.42487581148,1.97077135522,-0.277572822596,0.00981156224288
12447000000,0.00276142857444,0.00368174702841,-0.0110793924989,0.00955585169959,1.42184045353,1.97524423654,-0.28491033813,0.00988173800843
12473000000,0.00379171171627,0.00444659731359,-0.010890132852,0.00954070947245,1.42811332119,1.9888661158,-0.291313738997,0.00990626584265
12522000000,0.00360871380975,0.00427896265359,-0.0109107452032,0.00953525257184,1.44378362183,2.01172635704,-0.296787195932,0.00999769382683
12561000000,0.00384949428439,0.00448272036851,-0.010844323271,0.00946028101165,1.46286026597,2.03780176006,-0.301383055162,0.00997192287534
12615000000,0.0034805474477,0.00419591366054,-0.0108483158504,0.00937723720015,1.48427574756,2.06603774277,-0.305258956503,0.0101437283402
12658000000,0.003905942434,0.00455758229347,-0.0106836646197,0.00922519327958,1.50780516528,2.0962119105,-0.308494684844,0.0101700219615
12692000000,0.00351915507853,0.00426918476481,-0.0106367728918,0.00908109112665,1.54244099108,2.13729013892,-0.311107128475,0.010315824885
12730000000,0.00370617513429,0.00446577289016,-0.0104732868602,0.00888846225424,1.59110185831,2.19217224418,-0.313087693522,0.0103408672074
12770000000,0.00340620924197,0.0042710508287,-0.0103718999108,0.00870133033908,1.65369440184,2.26076572331,-0.314631473637,0.0104577798333
12821000000,0.00326074363575,0.00420261068469,-0.0102272602032,0.00849588448995,1.72828036501,2.34114404412,-0.315813802034,0.0105577360993
12843000000,0.00306748170201,0.00384906210457,-0.00990463198315,0.00820781807471,1.81565637836,2.43409687003,-0.316577019484,0.0106223378322
12888000000,0.00250173031443,0.00343028178013,-0.00980524301148,0.00798490299773,1.87527262238,2.49904416278,-0.317052093069,0.0107374855975
12942000000,0.00238883955801,0.00337556065764,-0.0096127037176,0.0077320643303,1.9092797003,2.53814768471,-0.317272583048,0.0108180093719
12968000000,0.00219783615206,0.00304635221165,-0.00927729113507,0.00741707554487,1.94837746006,2.58208951745,-0.317282750441,0.010938332949
13020000000,0.00190406962984,0.00285819498926,-0.00911113874352,0.0071620728867,1.99339594849,2.63172153199,-0.317128992703,0.0110054601564
13054000000,0.00171796806881,0.00258027114801,-0.00879690926825,0.00685131228983,2.04392608979,2.68664142944,-0.31683317955,0.0110960402633
13083000000,0.00131082665244,0.00229715807816,-0.00863841178895,0.00659825066725,2.06863987143,2.71548576572,-0.316437685708,0.011184261888
13125000000,0.0012173802429,0.00213069924359,-0.00831867921649,0.00630104592928,2.06944557559,2.72017548466,-0.315964796993,0.0112750056268
13160000000,0.00103020619582,0.00185759128956,-0.00801188157955,0.00598083850286,2.05737232964,2.71177888131,-0.315454605086,0.0113686687781
13203000000,0.000713335269744,0.00165480139967,-0.00784569819352,0.00572182087184,2.0547396579,2.71258253211,-0.314919851237,0.0114045555513
13255000000,0.000304756745958,0.00136131062303,-0.00766845199983,0.00548311037641,2.060086448,2.72114464712,-0.314383073673,0.0115470103315
13290000000,0.000352287789631,0.00150057915588,-0.00745677626371,0.00524252731644,2.07577230776,2.73979205668,-0.313856472976,0.0116652068167
13331000000,0.000444362265564,0.00157520676465,-0.00716799135144,0.0049733175761,2.09985499327,2.76660832051,-0.313343350904,0.0117079169067
13370000000,2.09133672917e-05,0.00123832841261,-0.00697176458589,0.00473621018257,2.13935822858,2.80858993424,-0.31285897508,0.011777817114
13407000000,-0.000266503047105,0.00101201651669,-0.00675517288274,0.00449578857855,2.19169131921,2.8631742376,-0.31241636047,0.0118511650827
13438000000,-0.000499479883893,0.000812985638558,-0.0065231803047,0.00424816471346,2.25582863545,2.92934557038,-0.312025465992,0.0119310498001
13482000000,-0.000632451960437,0.000689985207576,-0.00627384989168,0.00399660345541,2.31323066354,2.98855948912,-0.311697791853,0.0119911139954
13529000000,-0.000801695840172,0.000538784415983,-0.0060326693817,0.00375168703402,2.36361112413,3.04053237575,-0.311433335185,0.0120550933595
13564000000,-0.000846428559423,0.000428419323366,-0.0057359991401,0.00348114093487,2.40917514913,3.08746183435,-0.311232639612,0.012107227502
13612000000,-0.00101948875946,0.000290255483041,-0.00551805335046,0.0032393560304,2.45123978544,3.13068221928,-0.311094883683,0.0121528801379
13640000000,-0.00111061317521,0.000222682483674,-0.005290271434,0.00299794692589,2.49017608701,3.17057751056,-0.311020489892,0.0122016552074
13691000000,-0.00119060269591,0.000161868722055,-0.00506032600778,0.00275773374193,2.52093841567,3.2020934494,-0.311004767716,0.0122404525282
13733000000,-0.00129513346589,7.99246647306e-05,-0.00483377038796,0.00252176462778,2.54138731457,3.22308817197,-0.311049241673,0.0122860720188
13770000000,-0.00136850084848,1.6325185791e-05,-0.0044230358865,0.00210847330963,2.55992550727,3.24195527187,-0.291146184187,0.0123146926325
13809000000,0.00100942431191,0.00190184848395,-0.00361031121028,0.00157545558596,2.5773868729,3.25954873064,-0.271269571543,0.0123424559183
13844000000,0.00349207140954,0.0038314537033,-0.00278041235539,0.00104294554433,2.5939285616,3.27603871829,-0.251386976514,0.0122358007011
13877000000,0.00460528435337,0.0047163882053,-0.00222572284922,0.000656401656548,2.601478113,3.28331938361,-0.231515711544,0.0122318855898
13944000000,0.00527617067247,0.00522881881858,-0.00170824685659,0.000378768512868,2.60036439596,3.28172684502,-0.211736996062,0.012241572639
13958000000,0.00485905130837,0.0050062261964,-0.00150147180798,0.000242468207985,2.60849136604,3.28915816841,-0.192147424784,0.0123270812916
14010000000,0.00439824171687,0.00456724990314,-0.00125689336043,5.08414320142e-05,2.63856002346,3.31829646206,-0.172939126469,0.012414184791
14075000000,0.00394997203703,0.0034826527036,-0.000614115308391,-0.000308934467217,2.66554700209,3.34413434879,-0.154166279483,0.0124915902871
14088000000,0.00349720308293,0.00235514280756,-2.80967742072e-05,-0.000687975122429,2.68849404115,3.36569963587,-0.136116622631,0.0126505982392
14130000000,0.00279351851704,0.00174138243298,-6.66115329921e-05,-0.000869159892977,2.70868937843,3.38433062302,-0.118730827176,0.012665325764
14182000000,0.00193515374819,0.00112165802264,-0.000236050749345,-0.000968721282023,2.72556636509,3.39941751445,-0.102301270592,0.0128539452007
14203000000,0.00155085465606,0.000469856189704,-6.56557978393e-05,-0.00118442315767,2.73953358703,3.41139039426,-0.0868882906348,0.0128643389771
14260000000,0.00023962349468,-0.00020845080985,-0.000612498150873,-0.00116161860514,2.77278841604,3.44244656069,-0.072483410975,0.0130678369211
14288000000,-0.000424175566191,-0.000485597211125,-0.000954183699059,-0.00115873989952,2.82256921825,3.48985134903,-0.0591522197968,0.0131190878543
14321000000,-0.00111994086723,-0.000734734744873,-0.00130110555288,-0.00107064034542,2.88857111549,3.55330710812,-0.0471619550361,0.0133244126151
14368000000,-0.0014887054154,-0.000827095250104,-0.00150431357893,-0.000993137162097,2.95048890824,3.61250968129,-0.0363614234503,0.0134374205824
14407000000,-0.00177267162028,-0.000873906176202,-0.0016933406364,-0.000927500908839,3.0078826791,3.66704619524,-0.0267476128515,0.0135621669993
14446000000,-0.00191612214701,-0.000848825008226,-0.00182392463753,-0.000865135009034,3.06131240464,3.71749376814,-0.0183239573456,0.013745653904
14498000000,-0.00175190245592,-0.000877076502573,-0.00170375142383,-0.000909356765862,3.10515520798,3.75824381212,-0.0109734347477,0.0137460158972
14529000000,-0.00191922382726,-0.000823736342694,-0.00191200345548,-0.000866868351207,3.13175683668,3.78164669057,-0.00471591917714,0.0139140735418
14569000000,-0.00183299674733,-0.000780350354311,-0.00188843501284,-0.00085839795807,3.15798035275,3.80458269529,0.000415530221167,0.0138953362125
14602000000,-0.00194296292641,-0.000676707015405,-0.00206365941972,-0.000794604830765,3.18536873823,3.8286051091,0.00475359342923,0.0140063815899
14648000000,-0.00188871550655,-0.000644636547473,-0.0020570290016,-0.000787249162992,3.21354313859,3.85335652972,0.00835214494071,0.0139474449808
14688000000,-0.00188001400666,-0.000579233884225,-0.00209849051851,-0.000754229463449,3.22000021772,3.85633382892,0.0110533151838,0.0140531038527
14729000000,-0.00181484694529,-0.000563910408433,-0.00205722204094,-0.000748438362697,3.20779048747,3.84060546401,0.0131177631543,0.0140395730144
14772000000,-0.00177279464807,-0.000539539405398,-0.00203866210761,-0.000737509885767,3.18990045947,3.81916817418,0.0145887772818,0.0140561933232
14808000000,-0.00170954312607,-0.000538793983784,-0.00198059957165,-0.000735387166184,3.17637654024,3.80207798098,0.0155264664886,0.014064502191
14856000000,-0.00164150139177,-0.000550190764008,-0.00190924187356,-0.000740198223221,3.16655278345,3.78867491208,0.016018126433,0.0140370476892
14883000000,-0.00158785773636,-0.000557374266095,-0.0018512691253,-0.000742940766888,3.15789178994,3.77643300439,0.0161202001119,0.014055418423
14919000000,-0.00150695717639,-0.000590217814892,-0.00174944929977,-0.000756711929508,3.15008273536,3.76504551009,0.015900578086,0.0140035058421
14959000000,-0.00145671505826,-0.000602916668604,-0.00168901943245,-0.000763565310432,3.15848132407,3.76987748357,0.0154148021229,0.0140031956851
15020000000,-0.0015634451632,-0.000556840988487,-0.00177193354687,-0.000699127093673,3.18250328644,3.79034694819,0.01470640173,0.013977104051
15050000000,-0.00147106088934,-0.000589468863015,-0.00165518398237,-0.000713879986702,3.20470962606,3.80902206994,0.0138386236847,0.0139552882906
15104000000,-0.00141048582249,-0.000609093427293,-0.00157891580369,-0.000725396907165,3.22488316709,3.82568666286,0.0128494298623,0.0139091848083
15131000000,-0.00142189462334,-0.000600284995674,-0.00157531839551,-0.00070995574195,3.24344136153,3.84075795488,0.0117692042021,0.0138809412461
15169000000,-0.00135629771326,-0.00062999976062,-0.00149068225723,-0.000729043871655,3.26573241325,3.85958968322,0.0106270915341,0.0138532364086
15220000000,-0.00129909348141,-0.000652507765618,-0.00141806510077,-0.000744507170436,3.29205438341,3.88248040207,0.00945355631835,0.0138180497617
15250000000,-0.00135359366654,-0.00062443794375,-0.0014581290513,-0.000710028349345,3.3216690496,3.90869080157,0.00827290570614,0.0137719939596
15291000000,-0.00128988789113,-0.000643271847198,-0.00138149513209,-0.000723574851113,3.34722681307,3.93087441716,0.00709824318587,0.013668899441
15337000000,-0.0012950655052,-0.000631326729212,-0.00138425208162,-0.000716696135776,3.36748437095,3.94778745917,0.00596329843985,0.0136973447648
15375000000,-0.0012072224909,-0.000664724934755,-0.00128202359458,-0.000742146596295,3.38116903252,3.95816085234,0.00487263752538,0.013679758615
15410000000,-0.00112564294872,-0.000685504667164,-0.00119127485508,-0.000759770075046,3.38921984077,3.96293200382,0.00383850604,0.0136266047757
15459000000,-0.00108180225666,-0.000691409757713,-0.00114219339689,-0.000765931658105,3.39262620829,3.96308829759,0.00288498053522,0.0135890211505
15495000000,-0.00104719980223,-0.000698985088748,-0.00110338210157,-0.000774219371358,3.39493407664,3.96217718963,0.00201108627702,0.0135443077129
15516000000,-0.00102737072042,-0.000701614067246,-0.00108075873489,-0.000778475917539,3.3964414191,3.96049421268,0.00121343162824,0.0135109263916
15566000000,-0.0010057284246,-0.000706187926342,-0.00105678652822,-0.000784672236408,3.40927770553,3.97016826487,0.000485717381295,0.0134759220838
15616000000,-0.000990939471502,-0.000711434849455,-0.00104011722344,-0.000791509883942,3.43360141457,3.99135759298,-0.000163034679545,0.0134398303629
15649000000,-0.000979647376474,-0.00071649631602,-0.00102722109341,-0.000798040542485,3.46666676097,4.02131422741,-0.000747791594688,0.0134109557251
15697000000,-0.000968939669762,-0.0007215022759,-0.00101524534677,-0.000804487479096,3.50176615236,4.05333082733,-0.00126991450621,0.0133726382421
15746000000,-0.000971720853112,-0.000722666966866,-0.00101673997622,-0.000806725935897,3.53850754675,4.08701436653,-0.00173190287198,0.0133464384848
15761000000,-0.000965833330695,-0.000724588282485,-0.00101006989597,-0.000809934970433,3.56677641007,4.11224884478,-0.00213889032171,0.0133100661432
15801000000,-0.000967507282699,-0.000723526122131,-0.00101071722235,-0.000809611011539,3.58571664059,4.12817792971,-0.0024908420202,0.0132844006627
15844000000,-0.000963647814709,-0.000724969149666,-0.00100639785217,-0.000812113033377,3.59715674279,4.13662880852,-0.00279182518166,0.0132507486723
15880000000,-0.000965577231959,-0.000724055082936,-0.001007569329,-0.000811721849367,3.59572361132,4.13222783735,-0.00304892628091,0.0132247845202
15951000000,-0.000963142014522,-0.000723866929492,-0.00100475267465,-0.000812229705402,3.58149827546,4.11505550532,-0.00326248365198,0.0131943396521
15989000000,-0.000961555621771,-0.000724594277272,-0.0010026675347,-0.000813253244024,3.57813028459,4.10876201535,-0.00341739197773,0.0131594767526
16019000000,-0.000960781204702,-0.000724522465907,-0.0010014775938,-0.000813491759613,3.57850468651,4.10622897945,-0.00356007151162,0.0131387476127
16054000000,-0.000960619175646,-0.000723820899784,-0.00100101140195,-0.000813046717644,3.58484995799,4.10968548311,-0.00366635607423,0.0131100801617
16103000000,-0.000956757673801,-0.000725206730327,-0.000996780558799,-0.000814490622214,3.58558635948,4.10755143246,-0.003743891379,0.013085124803
16130000000,-0.000956624056905,-0.000724419792829,-0.000996449535561,-0.000813827814228,3.58132658798,4.10043884425,-0.00379717436149,0.013056874603
16160000000,-0.000956921290629,-0.000723502437575,-0.00099642702038,-0.000812807036868,3.58551157498,4.10178820752,-0.00382913236183,0.0130332744461
16208000000,-0.000954800128483,-0.000723122484965,-0.000994212173988,-0.000812470651005,3.59679103203,4.11024868764,-0.00384247970282,0.0130063589913
16249000000,-0.000955070000526,-0.000722638247266,-0.000994193010903,-0.000811747817237,3.61455337935,4.12520839102,-0.00383826742285,0.0129372292199
16301000000,-0.000875576105848,-0.000774831574159,-0.00091172088563,-0.000860838195292,3.6413203221,4.14918888344,-0.00382028275685,0.0129166076053
16328000000,-0.000857483236942,-0.000794990718627,-0.000892626645436,-0.000879899147139,3.67564238402,4.18074038206,-0.00379439753669,0.0128972781321
16385000000,-0.000849055678884,-0.000805587792152,-0.000885136933197,-0.000891625121549,3.6977482633,4.2000916511,-0.00375981168179,0.012858504249
16404000000,-0.000877240083302,-0.0007965405497,-0.000912990596135,-0.000882885763852,3.70683874503,4.20644321002,-0.00371232075561,0.0128220528534
16447000000,-0.000883879975435,-0.000793926699526,-0.000919190396705,-0.000880520707101,3.70452793213,4.20140879449,-0.00364794078026,0.0127893601449
16482000000,-0.000892341182465,-0.000788341152646,-0.000926956516976,-0.000874715992495,3.7063735884,4.20054576652,-0.00357050473229,0.0127651733628
16536000000,-0.000889160013287,-0.000785423323302,-0.000923808687901,-0.00087202250477,3.71432315843,4.20580131265,-0.00347951909775,0.0127424193804
16561000000,-0.000896105542252,-0.000776169261251,-0.000931056709008,-0.000862975457095,3.72715411586,4.21595272108,-0.00337426252506,0.0127218215462
16604000000,-0.000881297014201,-0.000777389435849,-0.000916949609897,-0.000864590407889,3.74366343551,4.2297966093,-0.00325619660818,0.0126993487803
16667000000,-0.000874618894086,-0.000777877882281,-0.000910531320083,-0.000864883766526,3.7632720874,4.24675367518,-0.00312715984821,0.0126816918915
16683000000,-0.000883236841697,-0.000769544316916,-0.000919671947872,-0.000856558519925,3.76733742388,4.24818081034,-0.00299022531937,0.0126671062971
16720000000,-0.000878055331747,-0.000772589442425,-0.000915179380869,-0.000859731844131,3.75515370339,4.23337201948,-0.00284677363466,0.0126520066911
16766000000,-0.000876142594033,-0.000772662406937,-0.000913462014937,-0.000859403796231,3.75177275142,4.22737856857,-0.00270156907337,0.0126416215792
16803000000,-0.000871988240707,-0.000773135272834,-0.000909679984107,-0.00085966212184,3.7584452292,4.23145094879,-0.00255831257417,0.0126324649008
16843000000,-0.000868564879578,-0.000773661606517,-0.000906529570784,-0.000859898245178,3.77405588154,4.24447378995,-0.0024215775306,0.0126246803711
16890000000,-0.000866547123054,-0.00077368746487,-0.000904678517042,-0.000859569104666,3.7871235954,4.25496542727,-0.00229495798549,0.0126183831157
16935000000,-0.000865392501252,-0.000773887834049,-0.000903606243548,-0.000859401638011,3.79698033048,4.26225772354,-0.00218411499177,0.0125639867869
16960000000,-0.000899364813043,-0.000761784997235,-0.000935703336993,-0.000844996521178,3.82650711949,4.28978849458,-0.0020945721613,0.0125398972238
17014000000,-0.000910313791931,-0.000751155072876,-0.000945478828533,-0.000832930145353,3.87431360492,4.33552578451,-0.00203572555461,0.01252992511
17045000000,-0.000898233580102,-0.000753535491314,-0.000933140029641,-0.00083495487139,3.93755067941,4.39663332168,-0.00200506500257,0.012510324302
17088000000,-0.000889832847801,-0.00075724454517,-0.000924481253991,-0.000838424454102,3.98658996907,4.44349841552,-0.00199912281888,0.0124890110065
17140000000,-0.000884896757981,-0.000759806662137,-0.000919493586395,-0.000841070437026,4.02006613202,4.47475662461,-0.0020169463654,0.0124643433026
17170000000,-0.000890754670337,-0.000755516747068,-0.000925248431909,-0.000836885317888,4.0402598729,4.49270113481,-0.0020514261906,0.0124811957572
17210000000,-0.000860813443035,-0.00076348525035,-0.000896825725821,-0.000846688545554,4.04912153424,4.49928861706,-0.00209545697615,0.0124373384754
17248000000,-0.000873285674606,-0.000755989591606,-0.000908509339505,-0.00083866706988,4.04575590869,4.49363022494,-0.00214658146067,0.012411832333
17282000000,-0.00087729622317,-0.000749651949598,-0.000912116956895,-0.000832233952115,4.03091198842,4.47647824259,-0.00220504664448,0.0123928079253
17321000000,-0.000871626621434,-0.000747538312783,-0.000906104672731,-0.000830122356039,4.00662448441,4.44987204301,-0.00227172909616,0.0123729042479
17371000000,-0.000863502436703,-0.000747600246838,-0.000897631857922,-0.000830891344719,3.98015270648,4.42107397655,-0.00234614210557,0.0123503505126
17418000000,-0.000856870240358,-0.000748924744249,-0.000890654994617,-0.000832258110224,3.95212319695,4.39071468044,-0.00242682221134,0.0123254129124
17456000000,-0.00085480277442,-0.000750451683483,-0.000888226594357,-0.00083378352792,3.92282337142,4.35908409513,-0.00251351743504,0.0122990034344
17480000000,-0.000855930386618,-0.000751401166241,-0.000888942658328,-0.00083468188099,3.90323491901,4.33716549017,-0.00260502541879,0.0122716011907
17518000000,-0.00085857714106,-0.000751731361495,-0.000891143237187,-0.000834949797587,3.89301697272,4.32461995617,-0.00269962962411,0.0122432097926
17569000000,-0.0008612444122,-0.000751534398007,-0.000893378609697,-0.000834734101435,3.90164409284,4.33092410302,-0.00279538130419,0.0122137044878
17598000000,-0.000863017037192,-0.000751018052097,-0.000894770187276,-0.000834220134955,3.92722116872,4.35418370078,-0.00289008297599,0.0121830462393
17651000000,-0.000863514633826,-0.000750416398248,-0.000894921386084,-0.00083361326672,3.96745624554,4.39210754788,-0.00298112654745,0.0121513074869
17687000000,-0.000862870635045,-0.000750068359147,-0.000893966957425,-0.000833277794128,4.02014536478,4.4424932658,-0.00306547330131,0.0121186555148
17723000000,-0.00086109275949,-0.000749875531733,-0.000891933027433,-0.000833135659851,4.08465741724,4.50471021725,-0.00314055407091,0.0120852885095
17767000000,-0.000858354210956,-0.00074991050227,-0.000889012604909,-0.000833268587622,4.14125603537,4.55902321562,-0.00320383579296,0.012051516774
17804000000,-0.00085478537707,-0.000749561693054,-0.000885355392532,-0.000833062476889,4.18913683406,4.60462798283,-0.00325196839311,0.0120638434686
17839000000,-0.000818282326587,-0.000759931913484,-0.000851572542675,-0.000846421908435,4.229636209,4.64286085166,-0.003280478046,0.0120436723619
17891000000,-0.000809829350052,-0.00076512473015,-0.000844165048092,-0.000852775887119,4.24907492224,4.6600430706,-0.00328468354069,0.0120122681774
17934000000,-0.000818467915261,-0.000761493639539,-0.000852804764271,-0.000849138444695,4.25080793946,4.65952964747,-0.00326884094809,0.0119882942069
17954000000,-0.000823856224576,-0.000757790299985,-0.000858064515365,-0.00084522596268,4.23948550695,4.64597077288,-0.0032369966591,0.0119270424554
18000000000,-0.000856454928152,-0.000749280935259,-0.000888084159542,-0.00083390197404,4.21701433264,4.62127320757,-0.00319288543014,0.0119292561203
18042000000,-0.000842679262174,-0.00075526450661,-0.000875168688274,-0.000840612461297,4.18543704178,4.58747951713,-0.0031437214576,0.0119140866211
18101000000,-0.000846474924747,-0.000753940375168,-0.00087931263878,-0.000839465016059,4.15504562381,4.55488176329,-0.0030896241505,0.0118923767268
18129000000,-0.000841826174885,-0.000756088327748,-0.000875010794763,-0.000841766039967,4.14087414218,4.5385141111,-0.00303005470992,0.0118682088364
18166000000,-0.000845301278502,-0.000754201571712,-0.000878435912439,-0.000839601505255,4.13474837913,4.52995457026,-0.00296601568517,0.0118475980919
18216000000,-0.00084405813849,-0.000753112029275,-0.000877501437738,-0.00083858958016,4.13472481995,4.52754236112,-0.00289806215661,0.0118279075937
18237000000,-0.000842959792345,-0.000751594655914,-0.000876531330863,-0.000836947816619,4.14096066949,4.53143546661,-0.00282655463985,0.0118106709041
18289000000,-0.000840166459565,-0.000750782515682,-0.00087390489447,-0.000836044735847,4.16043143108,4.54860025896,-0.00275356833409,0.0117946552829
18320000000,-0.000836710163891,-0.000750424141527,-0.000870593640085,-0.000835573159058,4.19168852185,4.57758350324,-0.00268074371975,0.0117795163916
18374000000,-0.000833317272228,-0.000750359712903,-0.000867323294183,-0.000835380482682,4.2144393778,4.59808959265,-0.00260996298124,0.0117650784213
18420000000,-0.00083042510749,-0.00075023607449,-0.000864515770646,-0.000835105838758,4.22970742486,4.61113858472,-0.00254322586006,0.0117513019098
18462000000,-0.000828519501825,-0.000749823059059,-0.000862653884648,-0.00083452328364,4.23890608493,4.61814082475,-0.00248224907428,0.0117381264389
18482000000,-0.000825765385176,-0.000750090553354,-0.000859902461708,-0.000834613894725,4.24900975137,4.6260698096,-0.00242968499654,0.0117251819825
18529000000,-0.000824982319137,-0.000749307248349,-0.000859038460193,-0.000833614476256,4.26441069002,4.63931625765,-0.00238837835706,0.0117127585785
18579000000,-0.000824280885862,-0.000748441131259,-0.0008582168524,-0.000832545490169,4.28112009641,4.65388892165,-0.00235973036434,0.0117001430951
18597000000,-0.000824167145631,-0.000747473832688,-0.000857954534244,-0.000831397331846,4.29880858725,4.66945679456,-0.00234481672183,0.0116871625656
18649000000,-0.000824930754452,-0.000747327293381,-0.000858524573086,-0.000831055644297,4.3173871568,4.68593028275,-0.00234588454008,0.01162602896
18715000000,-0.000868023740855,-0.000741270185,-0.000899285360999,-0.000822631706737,4.33482216689,4.70127370039,-0.00236004962701,0.0116062527828
18726000000,-0.000842401297997,-0.000757999116321,-0.000872921483276,-0.000838765590618,4.35013348252,4.71450866154,-0.00240196847443,0.011592037063
18761000000,-0.000842298355451,-0.000762228782968,-0.000872406210083,-0.000842826071991,4.36457159642,4.7268842818,-0.00246055499282,0.0115697458821
18828000000,-0.000859097821929,-0.000752643821444,-0.000889375535368,-0.00083374050349,4.37823634178,4.73849996729,-0.00253203592264,0.0115716718766
