%time,field
11000000,0.0
26000000,1.05760820689e-27
26000000,1.50890888071e-26
38000000,9.26955058624e-25
55000000,3.14958933436e-24
55000000,3.67812491038e-25
79000000,-2.61162040453e-27
79000000,1.73961337169e-24
89000000,-1.43901593608e-24
94000000,-7.24866629376e-25
101000000,-2.72328372515e-24
113000000,-6.06160916065e-20
123000000,-2.28509068773e-15
131000000,9.33619667507e-15
141000000,1.61040213054e-13
152000000,8.87232366889e-13
170000000,1.01958077192e-06
170000000,1.72470613442e-06
182000000,3.11212057243e-06
190000000,3.30437818593e-06
196000000,4.25652767846e-06
196000000,4.08442100148e-06
221000000,4.69002085332e-06
232000000,-0.00111228788624
242000000,-0.00216937070751
253000000,-0.00316904168326
263000000,-0.00416232830517
274000000,-0.00507812438374
274000000,-0.00590214778369
291000000,-0.00664438884264
297000000,-0.00730748779734
307000000,-0.00615278163907
327000000,-0.00500929321617
332000000,-0.00389421863661
340000000,-0.00282885084105
352000000,-0.00231500744945
368000000,-0.00184729993109
368000000,-0.00142672464359
381000000,-0.00107941464601
391000000,-0.000894317482272
402000000,-0.000741603413667
407000000,-0.000622386275768
421000000,-0.000524900716911
430000000,-0.000449644886461
442000000,-0.00039467540941
458000000,-0.000357813491434
458000000,-0.000336437443047
471000000,-0.000298325833034
479000000,-0.000269517135296
491000000,-0.000251199283208
501000000,-0.00022001268712
511000000,-0.000188163940331
528000000,-0.000163963574391
543000000,-0.000146330155698
543000000,-0.000134267670315
553000000,-0.000119379824287
559000000,-9.78276603811e-05
566000000,-8.05607429933e-05
581000000,-6.59007655316e-05
590000000,-4.41072168036e-05
599000000,-2.58322218778e-05
611000000,-1.07403220637e-05
619000000,1.50647110318e-06
632000000,1.12380826428e-05
643000000,1.87712823269e-05
651000000,2.44052205877e-05
657000000,2.84148469873e-05
670000000,3.73247315202e-05
677000000,4.6275682427e-05
688000000,5.37685948025e-05
701000000,6.53232554789e-05
712000000,8.70090016091e-05
720000000,0.00010902480284
730000000,0.000128781738845
741000000,0.000144312662461
749000000,0.000155865645471
765000000,0.000165642734113
770000000,0.00017380175323
782000000,0.000180499198928
789000000,0.000192054003254
800000000,0.000202757012549
810000000,0.000211995685728
819000000,0.000219873852655
830000000,0.000231680636327
839000000,0.000243302390349
839000000,0.000253470543385
856000000,0.000262265498375
856000000,0.000269780870005
877000000,0.000280124205591
891000000,0.000290133448087
901000000,0.000304228160951
911000000,0.000318090329623
917000000,0.000330370393394
929000000,0.00034112871098
943000000,0.000350361208344
954000000,0.000358060659596
964000000,0.000364540234034
969000000,0.0003708732019
981000000,0.000377559406155
990000000,0.000383210266385
1006000000,0.000387919279136
1008000000,0.000391780535124
1009000000,0.000394887535239
1031000000,0.000397218855453
1041000000,0.000398950667059
1051000000,0.00040019107958
1060000000,0.000400619880455
1067000000,0.000400726614263
1079000000,0.000400577592638
1092000000,0.000400230370194
1099000000,0.000397783217831
1109000000,0.000394530705927
1121000000,0.000391390831741
1129000000,0.000387971973709
1141000000,0.000380948507717
1150000000,0.00037439964666
1159000000,0.00036837202537
1173000000,0.000361671524767
1173000000,0.000350845778616
1191000000,0.000340938144692
1191000000,0.000331974642699
1209000000,0.000323953545901
1220000000,0.00031512390696
1229000000,0.000303349411975
1233000000,0.000292772612456
1251000000,0.000283376979592
1259000000,0.000268983076119
1272000000,0.000250052205207
1279000000,0.00023292351851
1292000000,0.000217596226013
1301000000,0.0001936415367
1310000000,0.000171952019974
1321000000,0.000152585206894
1328000000,0.000135483624507
1337000000,0.000120549374822
1352000000,0.000103523722359
1356000000,7.92387572123e-05
1369000000,5.75498387743e-05
1380000000,3.83950518936e-05
1391000000,1.30932375274e-05
1401000000,-1.49815536635e-05
1402000000,-3.99975959165e-05
1425000000,-6.20438843238e-05
1436000000,-8.12587218874e-05
1439000000,-0.000103949367186
1452000000,-0.000132889124404
1461000000,-0.000158586916331
1471000000,-0.000198631849406
1478000000,-0.000241960255533
1492000000,-0.000282342386961
1498000000,-0.000324178823365
1498000000,-0.000361343048348
1522000000,-0.00039399151303
1533000000,-0.000425692510052
1542000000,-0.000466215633358
1552000000,-0.000502001676771
1561000000,-0.000533253723988
1571000000,-0.000566946151
1581000000,-0.000606085968093
1593000000,-0.000640520095178
1593000000,-0.00067047201665
1609000000,-0.000696219678887
1619000000,-0.000722614058028
1631000000,-0.000755502999483
1636000000,-0.000784236989036
1636000000,-0.000809054165016
1660000000,-0.000835202468537
1670000000,-0.000864981489044
1682000000,-0.00089093596651
1693000000,-0.000915392446463
1701000000,-0.000944567283726
1706000000,-0.000970044424734
1733000000,-0.000992035607847
1737000000,-0.0010107878274
1741000000,-0.00102656694693
1758000000,-0.00103964806161
1764000000,-0.00105030862587
1771000000,-0.001063414056
1780000000,-0.0010762787504
1792000000,-0.001091474157
1801000000,-0.001107391864
1810000000,-0.0011211532481
1821000000,-0.00113290559026
1829000000,-0.00114220494593
1839000000,-0.00114455443487
1851000000,-0.00114575925606
1851000000,-0.00114363492461
1870000000,-0.00113740309429
1883000000,-0.00113097328748
1890000000,-0.00112453038191
1900000000,-0.00110938527474
1911000000,-0.00109396566974
1919000000,-0.00107954981112
1927000000,-0.00106624667177
1940000000,-0.00105411617499
1963000000,-0.00104317667013
1963000000,-0.00102999073523
1970000000,-0.00100479172863
1980000000,-0.000875551614223
1982000000,-0.000599559296592
2002000000,-0.000342576208077
2019000000,-0.000106327135195
2023000000,0.000151294885621
2027000000,0.00042643387594
2041000000,0.000674515720792
2049000000,0.000895721258273
2059000000,0.00109078938217
2071000000,0.0012765244306
2076000000,0.00144164505226
2076000000,0.00158366444491
2098000000,0.00170430204718
2110000000,0.00180538749084
2120000000,0.00188058994511
2129000000,0.00193705592612
2142000000,0.00197078358763
2150000000,0.00197957996692
2159000000,0.00198022579957
2171000000,0.00197443398119
2181000000,0.00196369809336
2190000000,0.00193905157163
2201000000,0.00189746036847
2211000000,0.00185584731978
2223000000,0.00179870598356
2231000000,0.00168008256845
2239000000,0.00156864902264
2251000000,0.00146537493424
2262000000,0.00137084002208
2270000000,0.00131468773309
2280000000,0.0012689505725
2288000000,0.00122980431981
2301000000,0.00119752823262
2311000000,0.00117774946266
2321000000,0.00116245605766
2329000000,0.00115103738872
2341000000,0.00114076461515
2351000000,0.00113200021808
2363000000,0.00112578247324
2370000000,0.00112171095707
2382000000,0.00111942107432
2392000000,0.00111858582186
2401000000,0.00111220973347
2411000000,0.00110714536051
2422000000,0.00109216880318
2431000000,0.00107609872772
2436000000,0.00106180408923
2451000000,0.00104922888874
2461000000,0.00103274129085
2471000000,0.00101812319376
2488000000,0.00100530234206
2496000000,0.000994180785299
2503000000,0.00097462204725
2512000000,0.000947351702026
2519000000,0.000922705334111
2532000000,0.000888930770131
2539000000,0.000846960272131
2552000000,0.000808948136861
2560000000,0.000774902797855
2569000000,0.000744741197287
2581000000,0.000718312668011
2589000000,0.000680591321544
2599000000,0.000637417879204
2599000000,0.0005988984667
2599000000,0.000564907687412
2599000000,0.000535242444971
2599000000,0.000506356580723
2646000000,0.000451698668432
2659000000,0.000385692538188
2670000000,0.000288022411683
2675000000,0.000199107210592
2699000000,0.000119083389992
2699000000,4.78542325775e-05
2712000000,-1.48526081454e-05
2727000000,-8.321989355e-05
2731000000,-0.000152101723961
2741000000,-0.00024014846854
2749000000,-0.000345475011435
2756000000,-0.000439683709165
2756000000,-0.000523023218241
2756000000,-0.000595934205555
2756000000,-0.000658997393674
2756000000,-0.000712890019449
2756000000,-0.000770782636733
2817000000,-0.000838451393637
2817000000,-0.00115611287779
2838000000,-0.00155813616397
2845000000,-0.00192801891157
2845000000,-0.00226429225685
2845000000,-0.00256655130079
2876000000,-0.00283523364986
2886000000,-0.00311622675745
2888000000,-0.00334805150647
2898000000,-0.00354878274188
2920000000,-0.00372051576348
2928000000,-0.00386554848119
2928000000,-0.00398629055256
2929000000,-0.00406422466144
2951000000,-0.0040422651456
2969000000,-0.00400961689978
2969000000,-0.00396927243558
2986000000,-0.00392376164276
2996000000,-0.00385282513662
3009000000,-0.00369470196135
3020000000,-0.00347801561991
3029000000,-0.00317830809607
3037000000,-0.0028991031375
3051000000,-0.0026423041115
3058000000,-0.00240890830701
3069000000,-0.00230611039623
3079000000,-0.00238059983228
3079000000,-0.00246044954521
3100000000,-0.00253247399664
3109000000,-0.00256521587818
3109000000,-0.00259929837504
3129000000,-0.00263366872286
3141000000,-0.00264369516227
3149000000,-0.00261870986756
3159000000,-0.00259583330026
3160000000,-0.00257512372528
3181000000,-0.0025565845798
3192000000,-0.00212648931749
3200000000,-0.00155034824372
3210000000,-0.00101524499071
3218000000,-0.000500943128716
3227000000,0.000172156662733
3241000000,0.000784992477611
3251000000,0.00133661051239
3261000000,0.00190425333261
3267000000,0.00240848882844
3280000000,0.00285146298173
3296000000,0.00323624727956
3306000000,0.00356656386799
3306000000,0.00383397584023
3306000000,0.00404394162638
3306000000,0.00421407598706
3306000000,0.00434900344371
3356000000,0.00445316033423
3356000000,0.00453073531639
3356000000,0.00458562539132
3376000000,0.00458746224795
3390000000,0.00413561076036
3399000000,0.0036998013267
3400000000,0.00328638894863
3420000000,0.00289987952864
3434000000,0.00254322206485
3439000000,0.00238520316703
3451000000,0.00224915759249
3458000000,0.00215905160044
3469000000,0.00211099201704
3478000000,0.00207649225195
3485000000,0.00205344730528
3499000000,0.00204196385748
3511000000,0.00204277459411
3522000000,0.00204944904246
3527000000,0.00206058925105
3541000000,0.0020749952615
3547000000,0.00209196350073
3560000000,0.00211153030842
3563000000,0.00213169625969
3582000000,0.00215181727794
3590000000,0.00217143853417
3597000000,0.00219027041679
3597000000,0.00220805337719
3597000000,0.00222461100328
3630000000,0.00223983167196
3631000000,0.00225217268018
3641000000,0.0022610203207
3662000000,0.00226870569443
3670000000,0.00227285513657
3680000000,0.00226661608747
3690000000,0.00226019610303
3702000000,0.00224082931845
3707000000,0.0022192296945
3717000000,0.00219896996684
3717000000,0.00218021288912
3717000000,0.00216305252297
3750000000,0.00214752694912
3750000000,0.00212494087171
3771000000,0.00205618333116
3781000000,0.00196465947287
3789000000,0.00188026229837
3800000000,0.00180336627447
3807000000,0.00173409391865
3819000000,0.00150240825648
3831000000,0.000901585893449
3839000000,0.000343039917169
3850000000,-0.000270270094215
3863000000,-0.00092806314722
3870000000,-0.00152499715699
3879000000,-0.0020606145615
3888000000,-0.00253592277474
3902000000,-0.00294612948833
3910000000,-0.00330082111285
3923000000,-0.00360442977774
3932000000,-0.00386097875737
3939000000,-0.00407469355191
3951000000,-0.0042087737718
3958000000,-0.00430644421182
3971000000,-0.00437704916749
3978000000,-0.0044247405794
3991000000,-0.00445329466643
3997000000,-0.00433763209004
4011000000,-0.00392468829938
4020000000,-0.00352841157422
4030000000,-0.00311312144469
4030000000,-0.00266600987115
4052000000,-0.00225345533311
4062000000,-0.00207376967574
4072000000,-0.00204717308441
4080000000,-0.00203608454658
4089000000,-0.00203746095235
4096000000,-0.00204862472469
4111000000,-0.00206537277612
4127000000,-0.00207124699701
4130000000,-0.00208200715433
4144000000,-0.0020914857638
4153000000,-0.0020966245266
4166000000,-0.00210413821844
4169000000,-0.00211334987015
4185000000,-0.00212368879956
4194000000,-0.00213045645232
4194000000,-0.00213357333152
4194000000,-0.00213719297337
4195000000,-0.00214112540187
4235000000,-0.00214412972166
4238000000,-0.00213772355329
4238000000,-0.00213188992766
4257000000,-0.00212663505653
4271000000,-0.0020934122854
4278000000,-0.00206239344154
4290000000,-0.00203387444947
4300000000,-0.0019957549955
4311000000,-0.00194909096895
4319000000,-0.00190658053033
4331000000,-0.00186829152674
4340000000,-0.0018341815535
4353000000,-0.00177597791668
4360000000,-0.00170503018266
4370000000,-0.00164078149866
4381000000,-0.00146841994529
4387000000,-0.000861835252046
4399000000,-0.000296712969066
4412000000,0.000223082125892
4420000000,0.000714340493495
4429000000,0.00132160712272
4440000000,0.00187028898333
4450000000,0.00236051156887
4457000000,0.00280242263817
4471000000,0.0032020887117
4480000000,0.00354882077344
4491000000,0.00384607105675
4498000000,0.00409765787941
4511000000,0.00424338782956
4521000000,0.00434852813648
4532000000,0.00442509870948
4544000000,0.004477439441
4554000000,0.00421327670002
4561000000,0.00382636990152
4561000000,0.00345395464718
4581000000,0.00310129325565
4595000000,0.00282981219043
4601000000,0.00266515749742
4610000000,0.00252458853738
4622000000,0.00245422633102
4630000000,0.00239688944083
4641000000,0.00235109559876
4642000000,0.00231812547287
4659000000,0.00229771940104
4672000000,0.0022843958833
4678000000,0.00227694766464
4678000000,0.00227429084647
4678000000,0.00227546267794
4711000000,0.00227902293893
4716000000,0.00228351872929
4716000000,0.00228977343767
4741000000,0.00229727227354
4751000000,0.00230001308027
4761000000,0.00230353580279
4769000000,0.00230758846605
4781000000,0.00230198723076
4789000000,0.00229291285433
4799000000,0.00228480750876
4810000000,0.0022776459245
4821000000,0.00224918763784
4830000000,0.00222050592307
4839000000,0.00219427710269
4852000000,0.00217056101793
4858000000,0.00179057877052
4869000000,0.00134716590408
4883000000,0.000936194997384
4893000000,0.000513161214384
4900000000,1.91298934964e-05
4911000000,-0.000429135521711
4916000000,-0.00083129949519
4930000000,-0.00118812263875
4944000000,-0.00150121134046
4958000000,-0.001798831058
4958000000,-0.00207303170395
4958000000,-0.0023086401048
4978000000,-0.00250856237345
4994000000,-0.00266838124486
4995000000,-0.00279189168975
4995000000,-0.00289006916352
5022000000,-0.00288217845921
5029000000,-0.00253304217842
5041000000,-0.00219320704477
5053000000,-0.00194698178912
5062000000,-0.00176624360875
5065000000,-0.00159881102805
5080000000,-0.00144560709885
5094000000,-0.0013385820996
5101000000,-0.00126481058482
5111000000,-0.00120191639278
5121000000,-0.00114900202808
5131000000,-0.00111837648822
5142000000,-0.00110813624983
5148000000,-0.00110337394288
5159000000,-0.00110302976706
5166000000,-0.00110617211546
5178000000,-0.00111198903346
5188000000,-0.00111978287131
5193000000,-0.00114192579457
5209000000,-0.00116959501151
5220000000,-0.00119650831789
5226000000,-0.00122221838721
5240000000,-0.00127323843625
5245000000,-0.00132379891709
5256000000,-0.00137045249203
5270000000,-0.00143437215637
5284000000,-0.00149511502087
5290000000,-0.00155007056735
5300000000,-0.00159878756858
5309000000,-0.00164013217294
5320000000,-0.00167616735641
5331000000,-0.00171347911318
5339000000,-0.00175495276145
5349000000,-0.00179119028461
5360000000,-0.00182248792574
5368000000,-0.00184918893524
5379000000,-0.00187416737625
5391000000,-0.00190084977408
5401000000,-0.00192357184236
5411000000,-0.00194317094412
5423000000,-0.00195977694193
5430000000,-0.00197337419058
5439000000,-0.00198429306275
5452000000,-0.00199285613666
5459000000,-0.00199936882684
5470000000,-0.00199370868286
5480000000,-0.00198717697183
5490000000,-0.00198009879455
5499000000,-0.0019711073839
5511000000,-0.00194779691879
5521000000,-0.00192559488083
5530000000,-0.00190476283007
5539000000,-0.00176624329908
5552000000,-0.00136143285053
5562000000,-0.000983313637193
5571000000,-0.000634697723958
5579000000,-0.00025792027724
5592000000,0.000170334857657
5599000000,0.000557913987403
5608000000,0.00090475742653
5625000000,0.00125563100838
5630000000,0.00157032756237
5642000000,0.00184552311043
5647000000,0.00208342801039
5662000000,0.00228661159035
5669000000,0.00202765955892
5681000000,0.00171907505035
5694000000,0.0014461213353
5701000000,0.00129701938055
5710000000,0.00115482765988
5720000000,0.00102126377312
5730000000,0.000897487293242
5736000000,0.0007913364232
5751000000,0.000758201305156
5758000000,0.000731570481782
5769000000,0.000710662903182
5779000000,0.000694734333533
5788000000,0.000683084803133
5819000000,0.00067506694061
5819000000,0.000707312146892
5831000000,0.000743846178284
5831000000,0.000779595930712
5831000000,0.000865481205845
5853000000,0.00094635768377
5861000000,0.0011092770293
5870000000,0.00146045371938
5880000000,0.00178695291208
5892000000,0.00209070205512
5895000000,0.00237553527744
5910000000,0.00263153492742
5921000000,0.00285908090756
5939000000,0.00305910477785
5939000000,0.00321912638545
5948000000,0.00330153274186
5959000000,0.00336549932588
5959000000,0.00341349938254
5988000000,0.00344783983722
5988000000,0.00347064331743
5999000000,0.00342323922243
6012000000,0.00333218957897
6020000000,0.00325698498584
6029000000,0.00318968634151
6029000000,0.00312464887778
6049000000,0.00306284691703
6062000000,0.00301481031624
6070000000,0.00297162939744
6075000000,0.00293234937262
6088000000,0.00289701598438
6103000000,0.00286558461564
6111000000,0.00283793117006
6122000000,0.00280373440904
6133000000,0.0027735184325
6141000000,0.00272220400743
6151000000,0.00266989652376
6161000000,0.00262300121369
6171000000,0.00258142216605
6182000000,0.00254496691093
6190000000,0.0020443421483
6199000000,0.00152409668113
6200000000,0.00104356941346
6219000000,0.000605097589046
6232000000,0.00010705040507
6243000000,-0.000442138931282
6251000000,-0.00093657243832
6261000000,-0.00141260157474
6271000000,-0.00188628935436
6280000000,-0.00230419132104
6288000000,-0.00266877762452
6298000000,-0.00297258043762
6320000000,-0.00322353783623
6326000000,-0.00343292561514
6331000000,-0.0036048599847
6340000000,-0.00374342923314
6353000000,-0.00384186390322
6360000000,-0.0039082654307
6371000000,-0.00368952319987
6381000000,-0.00335870625831
6392000000,-0.00303846455536
6399000000,-0.00273372208007
6399000000,-0.00244801382131
6418000000,-0.00218370072459
6429000000,-0.00194216479606
6443000000,-0.0018189376819
6452000000,-0.00175299262628
6456000000,-0.0018041639766
6469000000,-0.00187228510809
6479000000,-0.00194294492556
6490000000,-0.00201401997237
6500000000,-0.00208382950465
6511000000,-0.00215107723294
6521000000,-0.00221479940677
6532000000,-0.00225899953494
6543000000,-0.00222532134169
6550000000,-0.00218626254458
6557000000,-0.00214883573143
6571000000,-0.00211353042085
6571000000,-0.00208068435686
6582000000,-0.00205051063371
6598000000,-0.00204861596693
6598000000,-0.00210600271332
6599000000,-0.00216085002681
6631000000,-0.00224833220577
6638000000,-0.00234494767558
6651000000,-0.00243417389069
6662000000,-0.00248866026461
6669000000,-0.0024318299803
6681000000,-0.00237529501059
6688000000,-0.0023202574771
6699000000,-0.00221362609909
6710000000,-0.00206001303891
6749000000,-0.00191691277987
6749000000,-0.00178529874619
6749000000,-0.00166568066984
6759000000,-0.0015581935626
6763000000,-0.00144730428873
6770000000,-0.00123677205147
6779000000,-0.000994150210143
6788000000,-0.000773800097603
6795000000,-0.000575930602593
6806000000,-0.000400205501704
6817000000,-0.00048923344452
6830000000,-0.000685694667051
6840000000,-0.000878157088191
6851000000,-0.00106315698917
6861000000,-0.00121866904805
6872000000,-0.00128765351372
6878000000,-0.00134962026201
6886000000,-0.00140466657655
6904000000,-0.00142859075441
6911000000,-0.00142379531477
6922000000,-0.00141619698458
6933000000,-0.00138886427083
6944000000,-0.00133531079323
6945000000,-0.00128369573418
6959000000,-0.00123475997716
6969000000,-0.00118903470302
6980000000,-0.000930115116025
6987000000,-0.000366966466154
7007000000,0.000157797064773
7007000000,0.000640565662142
7007000000,0.0010794288167
7030000000,0.00161455546438
7039000000,0.00211258126033
7051000000,0.00255756233647
7062000000,0.00296369623418
7071000000,0.00333220398018
7081000000,0.00365225853758
7090000000,0.00392696144638
7100000000,0.00415977012541
7100000000,0.00431280810629
7120000000,0.00440682840527
7120000000,0.0044745886803
7137000000,0.00452013399695
7152000000,0.00454715148624
7160000000,0.00419877904713
7176000000,0.00385998445737
7182000000,0.00349386893564
7192000000,0.00310806046322
7201000000,0.00274962785353
7209000000,0.00242079214299
7222000000,0.00218100081959
7230000000,0.00219609420458
7239000000,0.00222361408174
7252000000,0.00226030325432
7255000000,0.00230339414551
7270000000,0.00233306114875
7280000000,0.0023640431174
7288000000,0.00238712904415
7304000000,0.00240519024588
7310000000,0.00242416069374
7322000000,0.00244341628956
7330000000,0.00246247041345
7336000000,0.00248096241769
7345000000,0.00249859991801
7356000000,0.00250830337878
7370000000,0.00251273722364
7378000000,0.00251661113225
7392000000,0.00257797704675
7399000000,0.00276736769676
7408000000,0.00294426157601
7420000000,0.00300230829201
7430000000,0.0028984725578
7440000000,0.00279647252513
7456000000,0.00269819920741
7456000000,0.00260507291876
7467000000,0.0025180889622
7467000000,0.00235782175624
7468000000,0.0021574387921
7468000000,0.00197303598459
7511000000,0.00181040759695
7520000000,0.00167574336677
7542000000,0.00155675303053
7542000000,0.00145277566255
7552000000,0.00143460479009
7561000000,0.00170463475481
7572000000,0.00196483156455
7579000000,0.00221145091093
7591000000,0.00244184581565
7602000000,0.00256060708741
7611000000,0.00265596787681
7615000000,0.00273916885612
7631000000,0.00281092672068
7640000000,0.00281873597037
7648000000,0.00274200009124
7661000000,0.00264779353261
7670000000,0.00253104350382
7678000000,0.00241979669323
7689000000,0.00231537392036
7696000000,0.00218961958949
7709000000,0.00181914023918
7722000000,0.00147461240622
7729000000,0.00115825160718
7739000000,0.000817498423143
7752000000,0.000455853068376
7758000000,0.000130205390355
7768000000,-0.000159774323052
7781000000,-0.000419429268891
7789000000,-0.000683390427169
7797000000,-0.000913794624096
7797000000,-0.00111259736374
7812000000,-0.00128204626703
7823000000,-0.00142327686021
7844000000,-0.00152883375054
7852000000,-0.00161328207266
7862000000,-0.0016792126394
7870000000,-0.00171325619981
7874000000,-0.00173447939046
7898000000,-0.00174512509228
7913000000,-0.00174719839275
7913000000,-0.00174246861315
7920000000,-0.00178940866094
7920000000,-0.00188453701514
7936000000,-0.00196956251192
7950000000,-0.00210740555988
7963000000,-0.00225822929242
7972000000,-0.00239420238979
7979000000,-0.00251542626679
7993000000,-0.00262230687427
8002000000,-0.00267261249324
8016000000,-0.00254545018932
8021000000,-0.00241945735534
8032000000,-0.00229720578821
8050000000,-0.00211553423913
8050000000,-0.00193759768149
8064000000,-0.00177263042389
8071000000,-0.00167384439367
8079000000,-0.00166272537754
8087000000,-0.001657698965
8097000000,-0.00165758231491
8109000000,-0.00166133473997
8119000000,-0.00169590184405
8131000000,-0.0017377664255
8141000000,-0.00177881522349
8152000000,-0.00181602459391
8158000000,-0.00185069676068
8159000000,-0.00188304856798
8159000000,-0.0019128423587
8197000000,-0.00192354836744
8198000000,-0.00190851809094
8209000000,-0.00189338878548
8218000000,-0.00187851906732
8229000000,-0.00185002176735
8238000000,-0.00182158319416
8238000000,-0.00179509586292
8261000000,-0.00177073923276
8268000000,-0.00173802911788
8280000000,-0.0016927326096
8280000000,-0.0016513271805
8282000000,-0.00161391401986
8282000000,-0.001580481304
8321000000,-0.00136408379078
8328000000,-0.000980370134265
8341000000,-0.000376122561131
8352000000,0.000287256524132
8365000000,0.000896488183289
8380000000,0.00144940527582
8380000000,0.00194556348751
8391000000,0.00238588966926
8406000000,0.00262380790094
8422000000,0.00281963433877
8422000000,0.00297790204971
8428000000,0.0030261184316
8437000000,0.00293753029605
8437000000,0.00283615655662
8458000000,0.00272697760184
8458000000,0.00261409081443
8497000000,0.0024961338128
8497000000,0.00237953746628
8497000000,0.00226756361861
8509000000,0.00216173647156
8520000000,0.00206312033799
8528000000,0.00197239276067
8541000000,0.00188991098365
8549000000,0.0018157687952
8557000000,0.00173915377488
8565000000,0.00166998278677
8580000000,0.00159498073665
8593000000,0.00146725902357
8601000000,0.00129774793775
8607000000,0.00114369184216
8621000000,0.00100270352447
8629000000,0.000875614206794
8638000000,0.000763699927293
8651000000,0.000666251691262
8659000000,0.000567655269669
8667000000,0.000472826775707
8675000000,0.000391116272264
8690000000,0.000319775788095
8700000000,0.000243950402041
8710000000,0.000179288764307
8718000000,0.00012487628297
8718000000,7.97598133955e-05
8718000000,4.29795946646e-05
8736000000,1.35912805808e-05
8758000000,-2.08380773929e-05
8758000000,-6.01976420005e-05
8758000000,-9.32635539561e-05
8791000000,-0.000141031352858
8801000000,-0.00018743722863
8801000000,-0.000227606556592
8801000000,-0.000261961697498
8801000000,-0.000290966219394
8801000000,-0.000315107149707
8801000000,-0.000336963217336
8801000000,-0.000354808550936
8801000000,-0.0003690855361
8875000000,-0.000380229643796
8875000000,-0.000388654495203
8903000000,-0.000394219062573
8911000000,-0.000397069305458
8932000000,-0.000394549124387
8932000000,-0.000390998621721
8942000000,-0.000385622971321
8951000000,-0.000377349090211
8976000000,-0.000369025512065
8987000000,-0.000360848453788
8987000000,-0.000352970026843
8987000000,-0.000345865884417
8990000000,-0.000342394880814
8990000000,-0.000339248248794
9024000000,-0.000335670276617
9030000000,-0.000329508128486
9041000000,-0.000323883052693
9050000000,-0.000315815456794
9057000000,-0.000301670894363
9070000000,-0.000288680007551
9080000000,-0.000276886738501
9088000000,-0.000266299944468
9101000000,-0.000256899835392
9108000000,-0.000240497960631
9108000000,-0.000223685299611
9128000000,-0.000208572979278
9139000000,-0.000195139272388
9151000000,-0.000183327414267
9160000000,-0.000170183259707
9168000000,-0.000147242724736
9182000000,-0.000126529527394
9190000000,-9.24555576312e-05
9199000000,-6.14439438931e-05
9211000000,-3.35785804603e-05
9221000000,-7.67290189789e-06
9229000000,2.51855186196e-05
9238000000,5.45071720919e-05
9264000000,8.03858438826e-05
9264000000,0.000102973328618
9264000000,0.000122462022452
9264000000,0.000139071011447
9297000000,0.000161375932103
9311000000,0.000181687827431
9311000000,0.000199225769514
9311000000,0.00022232360554
9311000000,0.000250505275057
9339000000,0.000275496402047
9344000000,0.000307990754017
9360000000,0.000343815238117
9370000000,0.000375767811528
9382000000,0.000404448617708
9390000000,0.000431465726285
9400000000,0.000454943402181
9412000000,0.000475107838924
9422000000,0.000497199379781
9431000000,0.000516190397996
9443000000,0.000532313059245
9446000000,0.000545814425885
9457000000,0.00055694813963
9467000000,0.00056596748471
9478000000,0.00057760379093
9489000000,0.000589402453792
9499000000,0.000603520783863
9512000000,0.000621854367425
9518000000,0.000638014520171
9518000000,0.000652099806189
9518000000,0.000664234889059
9550000000,0.000674904024187
9551000000,0.00068689741199
9568000000,0.000697184350735
9581000000,0.000707787357705
9591000000,0.00072114390047
9598000000,0.000732812775947
9611000000,0.000742890824093
9622000000,0.000751490141048
9632000000,0.000758732769128
9641000000,0.000766025716499
9651000000,0.0007740117845
9660000000,0.000780812865837
9672000000,0.000791108888039
9682000000,0.000803125609984
9688000000,0.000813764085304
9699000000,0.00082390569079
9709000000,0.000833551449584
9722000000,0.000841922128313
9731000000,0.00084910059355
9744000000,0.000852525224596
9751000000,0.000831837013789
9751000000,0.000811841742426
9771000000,0.000793931747734
9781000000,0.000786726755817
9791000000,0.000780215687304
9800000000,0.0007743970434
9810000000,0.000772057911896
9814000000,0.000795608383765
9827000000,0.000818033364125
9841000000,0.000839069173191
9848000000,0.000858539460214
9864000000,0.000876338078809
9870000000,0.000896205438264
9883000000,0.000922744314194
9892000000,0.000946826457078
9903000000,0.000968433909333
9907000000,0.000990050803349
9922000000,0.00101155761053
9932000000,0.00103052250166
9940000000,0.00104705887488
9950000000,0.00106177177182
9961000000,0.00107837344552
9970000000,0.00109275776607
9983000000,0.00110507298133
9987000000,0.00111562518482
10001000000,0.00112464086192
10012000000,0.00113417452922
10021000000,0.0011426878515
10033000000,0.00114977378446
10042000000,0.00115557658956
10056000000,0.0011601881076
10063000000,0.0011637503216
10069000000,0.00116644554454
10080000000,0.00116839565024
10088000000,0.00116971496704
10098000000,0.00117161959997
10111000000,0.00117314961466
10118000000,0.00117424769555
10132000000,0.00117498085021
10132000000,0.00117540957685
10151000000,0.00117558693698
10181000000,0.00117811999682
10181000000,0.00118034005436
10181000000,0.00118226414768
10192000000,0.00118485399561
10201000000,0.0011892748022
10221000000,0.00119326915274
10221000000,0.00119683605156
10221000000,0.00120061228396
10237000000,0.00120639599511
10251000000,0.00121161277294
10261000000,0.00121750693733
10270000000,0.00122358594846
10281000000,0.00122900722894
10292000000,0.00123378750535
10302000000,0.00123795435583
10312000000,0.00124326415017
10320000000,0.00125184847108
10330000000,0.00125958751752
10341000000,0.0012664879585
10350000000,0.00127388600622
10361000000,0.0012812799503
10371000000,0.00128779669804
10382000000,0.00129723639093
10388000000,0.00130723630062
10402000000,0.0013161523644
10402000000,0.00132401549588
10419000000,0.00133087292038
10433000000,0.00133829707115
10440000000,0.00134538323625
10440000000,0.00135152021399
10440000000,0.00135677280162
10472000000,0.00136293051464
10479000000,0.00137494688231
10479000000,0.00138577147008
10503000000,0.00139541520383
10509000000,0.00140417135579
10518000000,0.00141410032966
10530000000,0.00142284390253
10535000000,0.00143045863535
10548000000,0.00143862687237
10559000000,0.00144938687701
10569000000,0.00145891472732
10580000000,0.00146725754246
10590000000,0.00147730626854
10601000000,0.00148893035097
10608000000,0.00149922708734
10619000000,0.00150824770164
10631000000,0.00151642622318
10639000000,0.00152665294582
10649000000,0.00153562305287
10661000000,0.00154340010538
10673000000,0.00155006226615
10673000000,0.00155569780452
10688000000,0.00156442207347
10700000000,0.00157304436929
10710000000,0.00158278716968
10719000000,0.00159161822546
10730000000,0.00159932628305
10741000000,0.00160633062059
10750000000,0.00161374076436
10759000000,0.00162014010193
10768000000,0.00162560069428
10779000000,0.00162881535819
10787000000,0.00163075172375
10797000000,0.00163211477561
10797000000,0.00163299434208
10797000000,0.00163347400675
10826000000,0.00163362897575
10838000000,0.00163474174482
10852000000,0.0016357118192
10852000000,0.00163643753118
10852000000,0.0016370936894
10878000000,0.00163879166444
10891000000,0.00164025714443
10901000000,0.00164140081766
10911000000,0.00164232852091
10921000000,0.0016430881838
10931000000,0.00164369712501
10941000000,0.00164417337902
10950000000,0.00164580312956
10960000000,0.00164849486705
10970000000,0.00165094000481
10974000000,0.00165313685766
10974000000,0.00165509040267
10993000000,0.00165677222392
11008000000,0.00165819709932
11022000000,0.00165941446878
11030000000,0.0016618251048
11041000000,0.00166717526095
11051000000,0.0016725372036
11060000000,0.00167845127473
11071000000,0.00168380904125
11071000000,0.00168860806475
11090000000,0.00169285837914
11102000000,0.00169657990191
11110000000,0.00169980189156
11120000000,0.00170768413791
11130000000,0.00171482865757
11141000000,0.00172123276078
11151000000,0.00172812219601
11159000000,0.00173699775316
11169000000,0.00174495617102
11183000000,0.00175280541083
11192000000,0.00176025557501
11199000000,0.00176679863382
11199000000,0.00177248157926
11222000000,0.0017771371103
11228000000,0.00178019910933
11239000000,0.00178264803556
11240000000,0.00178455818194
11260000000,0.00178600251535
11268000000,0.00178790088124
11281000000,0.00178950971053
11291000000,0.00179077172254
11300000000,0.00179173247739
11310000000,0.00179243250477
11320000000,0.00179300209286
11329000000,0.00179418308723
11341000000,0.00179515130236
11351000000,0.00179565825957
11360000000,0.00179495322419
11369000000,0.00179418553913
11380000000,0.00179338363204
11389000000,0.00175608129873
11403000000,0.0016972496346
11403000000,0.00164241265
11403000000,0.00159195220635
11403000000,0.00154607093045
11439000000,0.00149772517703
11452000000,0.00143823048359
11461000000,0.00138463365925
11472000000,0.00133723355001
11482000000,0.00129628571551
11482000000,0.00126068477332
11504000000,0.00123155831384
11512000000,0.00120911728708
11521000000,0.00119067778743
11530000000,0.00117838296863
11533000000,0.0011791339289
11543000000,0.00118183632833
11560000000,0.00118601709958
11569000000,0.00119127062861
11580000000,0.00120073234405
11590000000,0.00121386056064
11601000000,0.00122674053098
11609000000,0.00124506445139
11619000000,0.00127104721294
11632000000,0.00129531203818
11638000000,0.00131768073087
11648000000,0.00133805513408
11654000000,0.00135640249108
11667000000,0.00137274118123
11667000000,0.00138713018805
11689000000,0.00140991824898
11704000000,0.00143314695544
11712000000,0.00146482545321
11718000000,0.00149341224446
11726000000,0.00151892298647
11742000000,0.00154384340693
11752000000,0.00157122440436
11759000000,0.00159540824071
11771000000,0.00161653204543
11779000000,0.0016395290933
11789000000,0.00166154898032
11800000000,0.00168065936439
11809000000,0.00169704987972
11821000000,0.00171092832192
11831000000,0.00171116395264
11840000000,0.0017070938403
11852000000,0.00170214911932
11852000000,0.00169662695411
11871000000,0.00169999013779
11880000000,0.00171615343771
11895000000,0.00173089028607
11903000000,0.0017482068847
11911000000,0.00177301666177
11920000000,0.0017955869207
11930000000,0.00181588739327
11940000000,0.00183419743224
11951000000,0.00185253352238
11960000000,0.00186865019828
11971000000,0.00188265512921
11980000000,0.00189524944709
11990000000,0.00190635109468
11998000000,0.00191572257653
12009000000,0.0019235211607
12020000000,0.00192990466394
12031000000,0.00193294029706
12039000000,0.00193295435353
12048000000,0.0019322725067
12060000000,0.00193105880946
12075000000,0.0019284484783
12087000000,0.00192163673306
12091000000,0.00191496229372
12102000000,0.00190628820903
12112000000,0.00189475015887
12116000000,0.00188397810935
12116000000,0.00187405455781
12140000000,0.0018650237126
12152000000,0.0018532031202
12157000000,0.00183702408245
12171000000,0.00182942004228
12180000000,0.00183905766881
12190000000,0.00184867596511
12190000000,0.00185806559719
12215000000,0.00186706549842
12222000000,0.0018754642574
12231000000,0.00188314097521
12241000000,0.00189018860086
12253000000,0.00189658354811
12261000000,0.00190231841562
12270000000,0.00190702266784
12282000000,0.00190777693911
12291000000,0.00190539763124
12298000000,0.0018965853767
12308000000,0.00188811242302
12322000000,0.00188009834552
12332000000,0.0018726228164
12341000000,0.00186573732204
12347000000,0.0018565368001
12360000000,0.00184384610377
12379000000,0.00182175630279
12390000000,0.00180396450461
12402000000,0.00178571288295
12409000000,0.00176920605594
12419000000,0.00175444656292
12426000000,0.00174139482828
12439000000,0.00172390433459
12455000000,0.00170578341887
12460000000,0.00168441928147
12470000000,0.0016576287952
12480000000,0.00163351800788
12490000000,0.00161206008473
12500000000,0.00159317495137
12512000000,0.00157621636073
12521000000,0.00155699199099
12531000000,0.00154021001979
12542000000,0.00152163292951
12549000000,0.00150499534934
12561000000,0.00149062641153
12566000000,0.00147837005294
12580000000,0.00146805314972
12591000000,0.00146421049932
12603000000,0.00146285254688
12611000000,0.001462496448
12620000000,0.00146293552374
12631000000,0.00146419998867
12642000000,0.00146639402784
12648000000,0.00146887605186
12661000000,0.00147153068424
12670000000,0.00147319358367
12681000000,0.00147076295041
12681000000,0.00146859525076
12697000000,0.00146668116193
12710000000,0.00146258369598
12713000000,0.00145784787825
12730000000,0.00145355647271
12746000000,0.00144971072424
12750000000,0.00144227281415
12770000000,0.00143156725939
12770000000,0.00142177545868
12780000000,0.00141057503835
12791000000,0.00139702040372
12796000000,0.00138475603272
12796000000,0.00137378329489
12796000000,0.00136407304487
12829000000,0.00135557543916
12840000000,0.00134181449109
12843000000,0.00132881152672
12843000000,0.0013172746664
12869000000,0.00130251364275
12881000000,0.00128250414017
12890000000,0.00126448702322
12898000000,0.00124744862079
12899000000,0.00123141164217
12919000000,0.00121732545414
12930000000,0.00120509402305
12942000000,0.00119459851897
12948000000,0.00118570687975
12957000000,0.00117698521068
12969000000,0.00116462337434
12979000000,0.00115169989135
12985000000,0.00113722518981
12999000000,0.00112446487072
13005000000,0.00111334211283
13019000000,0.00110375955132
13028000000,0.00109560515766
13039000000,0.00108443751244
13050000000,0.00107424553924
13057000000,0.00106543723095
13071000000,0.00105510955072
13081000000,0.00104430933077
13083000000,0.00103489037504
13111000000,0.00102677125946
13111000000,0.00101985807216
13111000000,0.00101404949958
13125000000,0.00100923950953
13125000000,0.00100532400831
13125000000,0.00099991293725
13166000000,0.00099336575572
13170000000,0.000984267272026
13172000000,0.000971302408593
13189000000,0.000957549960044
13201000000,0.000945203121083
13210000000,0.000938010584221
13219000000,0.000940507021182
13230000000,0.000943490873385
13231000000,0.00094679260778
13249000000,0.000950271204872
13254000000,0.00095381166303
13267000000,0.000957319769921
13282000000,0.000955798233217
13290000000,0.000951211192556
13298000000,0.000942872421935
13311000000,0.000929157986204
13318000000,0.000916463708816
13338000000,0.000904857613591
13341000000,0.000893093093433
13348000000,0.000871343254286
13360000000,0.000851446597212
13372000000,0.000833457234706
13380000000,0.000813911454416
13391000000,0.000791243689412
13401000000,0.000770919259664
13411000000,0.000752896147364
13419000000,0.000737088271268
13431000000,0.000720975424944
13437000000,0.000706971025906
13452000000,0.000694398598838
13461000000,0.00067891856113
13471000000,0.000665433902274
13479000000,0.000653823669986
13492000000,0.000643820468088
13501000000,0.000634913658367
13511000000,0.000627483805355
13523000000,0.000621384931226
13530000000,0.000616471970923
13530000000,0.000612604151261
13546000000,0.000609646752729
13558000000,0.000606563010854
13564000000,0.000600657100509
13573000000,0.000594951986049
13588000000,0.000587583316218
13600000000,0.000581114543057
13600000000,0.00057550054379
13621000000,0.000569447705356
13629000000,0.000562394078112
13640000000,0.000556206845034
13657000000,0.000550840992311
13657000000,0.000546243477823
13670000000,0.00054022116631
13681000000,0.000534742834812
13688000000,0.00053000784028
13698000000,0.00052496323685
13710000000,0.000519130200136
13716000000,0.000514032091373
13731000000,0.000509628122539
13741000000,0.000505870137266
13749000000,0.000499403764683
13759000000,0.000492870089598
13760000000,0.000487096969778
13782000000,0.0004814845708
13791000000,0.000475285089881
13803000000,0.000469841936129
13809000000,0.000465117102463
13822000000,0.000456659424765
13831000000,0.000442642278064
13839000000,0.000429888135159
13850000000,0.000418413123626
13860000000,0.0004076155655
13869000000,0.000395748105374
13877000000,0.000385230041682
13877000000,0.000376011290889
13878000000,0.000368023656449
13910000000,0.000360919608379
13918000000,0.000352554933083
13919000000,0.000345311836794
13941000000,0.000339114549581
13948000000,0.00033388101139
13960000000,0.000328503724196
13972000000,0.00032248408085
13983000000,0.000317329286747
13990000000,0.000312969936866
13998000000,0.000305584672461
13998000000,0.000295418823836
14025000000,0.000286314506526
14025000000,0.000278251690355
14048000000,0.000268731610203
14075000000,0.000259282181899
14075000000,0.000243679455675
14084000000,0.000237412212976
14090000000,0.000231291112765
14097000000,0.000216932393654
14109000000,0.000202983703143
14120000000,0.000190478437921
14128000000,0.000179388484107
14140000000,0.000169659430501
14150000000,0.000162381772862
14157000000,0.000156363705446
14170000000,0.000151370723493
14181000000,0.000147297016708
14187000000,0.000144042519682
14202000000,0.00014125831292
14212000000,0.000136924494504
14220000000,0.000133272141355
14232000000,0.000130609537062
14242000000,0.000129326328099
14251000000,0.000128459366112
14262000000,0.000127941789941
14267000000,0.000125755589425
14284000000,0.000122005040828
14291000000,0.000118686613728
14301000000,0.00011708249563
14311000000,0.000115789475225
14322000000,0.000114772773422
14330000000,0.0001139965416
14340000000,0.000110742322512
14341000000,0.000106699664161
14360000000,0.000103057001243
14373000000,9.98124382311e-05
14384000000,9.69503948684e-05
14390000000,9.57312017215e-05
14405000000,9.49183075485e-05
14412000000,9.43365475648e-05
14422000000,9.13556300727e-05
14429000000,8.69606452739e-05
14446000000,8.29808001522e-05
14462000000,7.94134983119e-05
14472000000,7.6253580651e-05
14478000000,7.34848428727e-05
14478000000,7.21296552996e-05
14485000000,7.34229985747e-05
14500000000,7.48172552235e-05
14510000000,7.62941190069e-05
14519000000,7.80650802891e-05
14532000000,7.9787848497e-05
14538000000,8.14343696003e-05
14547000000,7.73255858649e-05
14564000000,7.34365067766e-05
14570000000,6.98173832386e-05
14579000000,6.65046425778e-05
14591000000,6.35467178238e-05
14602000000,6.08922552821e-05
14613000000,5.70331344406e-05
14618000000,5.01314242612e-05
14640000000,4.3820152447e-05
14640000000,3.81118881158e-05
14650000000,3.30053899685e-05
14662000000,2.90847132974e-05
14670000000,2.57560976616e-05
14681000000,2.2916688202e-05
14691000000,2.05261170142e-05
14700000000,1.65172898974e-05
14706000000,1.10165525863e-05
14729000000,6.09921489914e-06
14729000000,1.75199124674e-06
14729000000,-2.04984813991e-06
14750000000,-5.02689504441e-06
14760000000,-7.46189231078e-06
14770000000,-9.47367247455e-06
14780000000,-1.11060075356e-05
14789000000,1.07614523135e-05
14799000000,6.54186016742e-05
14812000000,0.000116663083193
14820000000,0.000164070871933
14829000000,0.000227739781801
14842000000,0.000288197225237
14850000000,0.00034294398206
14863000000,0.000391963759489
14870000000,0.000435577364717
14880000000,0.000473917832742
14891000000,0.000507132226231
14891000000,0.000535563722693
14909000000,0.000556969916398
14921000000,0.000571970226534
14930000000,0.000583699894599
14941000000,0.000592587528804
14951000000,0.00058940218283
14960000000,0.000584732867667
14971000000,0.000578998949609
14980000000,0.00057255421712
14990000000,0.000565694609989
15002000000,0.000550583256211
15011000000,0.000532598717437
15022000000,0.000515547959524
15030000000,0.000492882286554
15040000000,0.000461888783292
15051000000,0.000433272882876
15061000000,0.000405609798367
15072000000,0.00037440209544
15079000000,0.000346228265899
15080000000,0.000321074153671
15098000000,0.000298862348535
15112000000,0.000279467298599
15118000000,0.000262113073282
15132000000,0.000241884242973
15141000000,0.000224287911785
15150000000,0.000197787330081
15159000000,0.000174257674084
15170000000,0.000153595181545
15174000000,0.000135655630243
15188000000,0.000119755564209
15199000000,0.000101780021819
15213000000,8.62566582996e-05
15221000000,7.30134897069e-05
15228000000,6.18617942587e-05
15242000000,5.20539170887e-05
15251000000,3.91353474363e-05
15256000000,2.80607310742e-05
15271000000,2.50140259994e-05
15280000000,2.46803714872e-05
15291000000,2.52139578356e-05
15300000000,2.59162149732e-05
15310000000,2.51556215524e-05
15321000000,2.49068094406e-05
15329000000,2.50680659823e-05
15340000000,2.55492453601e-05
15352000000,1.42295204506e-05
15359000000,8.72449406972e-07
15359000000,-1.13576433933e-05
15360000000,-2.24277876841e-05
15392000000,-3.26620879213e-05
15410000000,-4.45951365564e-05
15424000000,-5.52380561809e-05
15424000000,-6.46251557416e-05
15431000000,-7.42849297449e-05
15441000000,-8.36843527891e-05
15451000000,-9.18775327232e-05
15459000000,-9.61268935991e-05
15472000000,-9.88076693499e-05
15487000000,-0.000100759572738
15489000000,-0.000102092686599
15504000000,-0.000102908058048
15511000000,-0.000102954478913
15522000000,-0.000102523813448
15538000000,-0.000101855357019
15542000000,-0.000101013752778
15547000000,-9.72568762011e-05
15559000000,-9.24264011232e-05
15571000000,-8.78256920313e-05
15581000000,-8.16231165168e-05
15591000000,-7.58551229873e-05
15601000000,-7.05603512567e-05
15611000000,-6.57569357732e-05
15622000000,-6.14472792481e-05
15629000000,-5.65532689311e-05
15639000000,-4.97574877934e-05
15639000000,-4.36267324653e-05
15661000000,-3.81567160408e-05
15672000000,-3.09846182062e-05
15680000000,-2.35890323891e-05
15687000000,-1.69946739858e-05
15698000000,-1.11790226075e-05
15709000000,-6.10654414353e-06
15719000000,3.56896569411e-07
15729000000,6.29564499874e-06
15741000000,1.14789600991e-05
15750000000,1.74041039993e-05
15761000000,2.47082332301e-05
15769000000,3.14553514602e-05
15781000000,3.80169554403e-05
15792000000,4.37613141175e-05
15801000000,4.87339053654e-05
15811000000,5.52558699504e-05
15820000000,6.15301548193e-05
15831000000,6.70102526079e-05
15840000000,7.17422732029e-05
15852000000,7.56656798092e-05
15861000000,7.79300220798e-05
15869000000,7.96864796962e-05
15879000000,8.10029052545e-05
15880000000,8.19413129153e-05
15901000000,8.3256906221e-05
15909000000,8.52846100347e-05
15921000000,8.69858148153e-05
15931000000,8.83922207711e-05
15939000000,8.95349384888e-05
15948000000,9.04447029708e-05
15958000000,9.1148459918e-05
15971000000,9.16734350108e-05
15980000000,9.2046459259e-05
15991000000,9.10024404722e-05
15997000000,8.87834511644e-05
15997000000,8.58242814589e-05
15997000000,8.30206061374e-05
16032000000,8.04004108723e-05
16037000000,7.76668292036e-05
16037000000,7.5165335231e-05
16060000000,7.29040754613e-05
16068000000,7.08830866809e-05
16076000000,6.89613867862e-05
16076000000,6.71851243494e-05
16079000000,6.56353373838e-05
16079000000,6.4297051645e-05
16119000000,6.33525023916e-05
16130000000,6.27056495989e-05
16138000000,6.15290955771e-05
16147000000,6.00801267814e-05
16161000000,5.8811278637e-05
16167000000,5.77127450786e-05
16180000000,5.69151962713e-05
16192000000,5.68153546346e-05
16200000000,5.68037666947e-05
16206000000,5.68623477454e-05
16219000000,5.58984290481e-05
16231000000,5.39891569619e-05
16239000000,5.2247420459e-05
16239000000,5.06755661573e-05
16239000000,4.92724470186e-05
16272000000,4.80346086135e-05
16277000000,4.65770915477e-05
16297000000,4.52923044324e-05
16297000000,4.41729065771e-05
16306000000,4.32095479487e-05
16320000000,4.33745493074e-05
16332000000,5.22489809931e-05
16340000000,6.31207799355e-05
16350000000,7.48903041705e-05
16362000000,8.57736440315e-05
16368000000,9.57155505079e-05
16381000000,0.000104693325204
16391000000,0.000112709567925
16401000000,0.00011647510909
16411000000,0.00011600971207
16420000000,0.00011283946887
16427000000,0.000109512706937
16434000000,0.000106137836249
16449000000,0.000102800738179
16459000000,0.000101206833517
16469000000,0.000103395058819
16480000000,0.000105431975846
16489000000,0.000107304885893
16502000000,0.000109227296133
16513000000,0.000111107581538
16519000000,0.00011279414583
16520000000,0.000114290819658
16520000000,0.000115602330532
16552000000,0.000116737475399
16561000000,0.0001180256479
16571000000,0.000119144311856
16582000000,0.00012029031194
16590000000,0.000121701606368
16601000000,0.000122941549785
16609000000,0.000124009349565
16622000000,0.000124919163759
16629000000,0.000125687022022
16642000000,0.000126326656672
16650000000,0.00012685118713
16659000000,0.000127273847247
16671000000,0.000127606742358
16681000000,0.000127844220477
16689000000,0.000127898854808
16698000000,0.000127737788116
16707000000,0.000127547031438
16715000000,0.000127337423238
16717000000,0.000127118239868
16742000000,0.000126723608152
16751000000,0.000125668931152
16763000000,0.000124672074516
16772000000,0.00012374219157
16780000000,0.000122422409292
16792000000,0.000120755971143
16798000000,0.000119228964725
16810000000,0.000117846259757
16820000000,0.00011511480505
16828000000,0.000112451603678
16837000000,0.000110034594589
16849000000,0.000107866257403
16863000000,0.000104743122871
16872000000,0.000101148348761
16882000000,9.79090739148e-05
16891000000,9.50223454066e-05
16899000000,9.09936197585e-05
16907000000,8.64133572699e-05
16917000000,8.22994281802e-05
16917000000,7.86509802226e-05
16939000000,6.08779084074e-05
16951000000,3.01905876561e-05
16960000000,1.7797415275e-06
16975000000,2.56727456616e-05
16982000000,8.15015445727e-05
16991000000,0.000134400888819
16994000000,0.000183808566168
17009000000,0.00022935905749
17020000000,0.000270850878989
17032000000,0.000316391781086
17040000000,0.000369314267708
17051000000,0.000416975233624
17060000000,0.000463266153361
17072000000,0.000505203731375
17078000000,0.000541994986088
17086000000,0.000573907213338
17101000000,0.000599382160499
17108000000,0.000616492315542
17116000000,0.000630158717971
17116000000,0.000640803998678
17117000000,0.000648829857136
17117000000,0.000654611777755
17152000000,0.000654229586232
17152000000,0.000648359832091
17180000000,0.000625997109775
17193000000,0.000588779181365
17200000000,0.000553390980492
17210000000,0.000520236672755
17219000000,0.000497841495368
17226000000,0.000479621438456
17240000000,0.000463431555255
17250000000,0.000449203668422
17263000000,0.000436625085969
17271000000,0.000423920743965
17282000000,0.000412956216816
17290000000,0.000402530675088
17300000000,0.000391200608004
17310000000,0.000381440084963
17323000000,0.000373134655305
17323000000,0.00036616170712
17340000000,0.000357090705306
17351000000,0.000348489744639
17359000000,0.000341119557409
17371000000,0.000334884800376
17379000000,0.000329684607897
17392000000,0.000322679459921
17398000000,0.000314843990859
17413000000,0.000308038426953
17421000000,0.000302195020466
17428000000,0.000293291787801
17442000000,0.00028501182932
17446000000,0.000277763509529
17461000000,0.000271491014155
17470000000,0.00026513994451
17479000000,0.000255833726153
17492000000,0.000247587281875
17492000000,0.000240359980223
17509000000,0.000232364227471
17516000000,0.000221372173346
17532000000,0.000211575605351
17539000000,0.000202940214498
17550000000,0.000191560697039
17557000000,0.000178915918401
17566000000,0.000167655477752
17579000000,0.000157739486321
17591000000,0.000142683253243
17597000000,0.000129221039621
17610000000,0.000117316683685
17623000000,0.000103860646356
17630000000,8.75406350782e-05
17642000000,7.30123192503e-05
17658000000,6.02221558322e-05
17659000000,4.90897171792e-05
17672000000,3.71254962121e-05
17682000000,2.1313460044e-05
17682000000,7.31477435091e-06
17709000000,-1.11703107127e-05
17712000000,-3.02400832051e-05
17721000000,-4.71870111024e-05
17731000000,-6.20795536351e-05
17741000000,-8.07468169966e-05
17752000000,-9.96347710025e-05
17758000000,-0.000116290905281
17765000000,-0.000130815818477
17782000000,-0.000146719423517
17792000000,-0.00016550790301
17798000000,-0.000182055794094
17813000000,-0.000196466598295
17822000000,-0.000233316497193
17832000000,-0.000290966300623
17842000000,-0.000343750656135
17852000000,-0.000392284336696
17859000000,-0.000436253487781
17865000000,-0.000475222007713
17871000000,-0.000509375700353
17888000000,-0.000538968979055
17901000000,-0.000563136904857
17906000000,-0.000573209358398
17917000000,-0.000580413851877
17934000000,-0.000585197280753
17941000000,-0.000587964166843
17950000000,-0.000576049159013
17970000000,-0.000558065651757
17974000000,-0.000540276816861
17982000000,-0.000523038239725
17992000000,-0.000519562362043
18000000000,-0.000517721674942
18015000000,-0.000516047151431
18021000000,-0.000514069862302
18030000000,-0.000511979979397
18049000000,-0.000510100183055
18066000000,-0.000508426566256
18066000000,-0.000506951474656
18075000000,-0.000505666571421
18082000000,-0.000501448692147
18091000000,-0.000496281753634
18101000000,-0.000491559112798
18112000000,-0.000483509421543
18122000000,-0.000470606941188
18132000000,-0.000458743321773
18142000000,-0.000441588159955
18152000000,-0.000425225734377
18162000000,-0.00041042800691
18172000000,-0.000399226187146
18179000000,-0.000407240771292
18193000000,-0.000415499813438
18200000000,-0.000423763911292
18212000000,-0.000431846963004
18221000000,-0.00043750771103
18231000000,-0.000424462812106
18241000000,-0.000412178535131
18252000000,-0.000400768821796
18260000000,-0.000370055343234
18270000000,-0.000341545241675
18281000000,-0.000315408700018
18291000000,-0.000291728617939
18301000000,-0.000263616927535
18311000000,-0.000228248664069
18330000000,-0.000196299310696
18330000000,-0.000167759062642
18341000000,-0.000130353942881
18350000000,-8.89357538304e-05
18360000000,-5.18449918039e-05
18371000000,-1.8995019932e-05
18376000000,9.77599291827e-06
18389000000,4.94847936473e-05
18402000000,9.08915856289e-05
18415000000,0.000127587106651
18420000000,0.000159750477468
18430000000,0.000187620826978
18447000000,0.000211483460439
18455000000,0.000231652214057
18462000000,0.000269259235522
18477000000,0.000304836996264
18478000000,0.000350383391024
18490000000,0.000420725471248
18497000000,0.000504694059171
18511000000,0.000580797971294
18516000000,0.000648998665479
18530000000,0.000709442214644
18538000000,0.000762563520234
18545000000,0.000808641230487
18563000000,0.00084810704999
18571000000,0.000881478021787
18582000000,0.000918968368415
18589000000,0.000965026743862
18597000000,0.00100510152095
18597000000,0.0010395624373
18598000000,0.00106882721556
18628000000,0.00110657235348
18639000000,0.00114476028365
18652000000,0.00117785735415
18662000000,0.00121704409185
18669000000,0.00126706137395
18669000000,0.00131137100463
18692000000,0.00135018961224
18700000000,0.00138381070879
18711000000,0.00141258095095
18721000000,0.00143268462352
18731000000,0.0014326118232
18737000000,0.00137593189825
18749000000,0.00130747399823
18761000000,0.00124222477685
18782000000,0.00118096430169
18782000000,0.0011242152146
18789000000,0.00107228797024
18797000000,0.00100535527433
18806000000,0.000915375186765
