%time,field
11000000,0.0
26000000,-1.05760820689e-27
26000000,-1.50890888071e-26
38000000,-9.26955058624e-25
55000000,-3.14958933436e-24
55000000,-3.67812491038e-25
79000000,2.61162040453e-27
79000000,-1.73961337169e-24
89000000,1.43901593608e-24
94000000,7.24866629376e-25
105000000,2.72328372515e-24
113000000,6.06160916065e-20
123000000,2.28548118783e-15
132000000,-1.01115060972e-16
142000000,3.26066928037e-14
152000000,5.06113664373e-13
163000000,2.22317126824e-07
170000000,1.01727006556e-06
180000000,8.06378687789e-07
183000000,1.49137891765e-06
196000000,1.15677508072e-06
211000000,1.72555093897e-06
222000000,1.33165801375e-06
230000000,0.001118370443
242000000,0.00217539318104
253000000,0.00317490750645
263000000,0.00416796526651
274000000,0.00508348155822
282000000,0.00590718768492
290000000,0.00664908748568
302000000,0.00731183330533
305000000,0.00615677225684
305000000,0.00501293507425
305000000,0.00389752350265
341000000,0.00283183478103
351000000,0.00231769037976
362000000,0.0018497032161
371000000,0.00142887130048
382000000,0.00108132844987
391000000,0.000896022319994
402000000,0.000743122805935
407000000,0.000623742838019
420000000,0.00052611562071
432000000,0.000450737980783
438000000,0.000395664980838
458000000,0.00035871543272
458000000,0.000337265735311
468000000,0.000299093010115
479000000,0.000270233283586
490000000,0.000251873788463
502000000,0.000220654857662
511000000,0.000188782912997
528000000,0.000164568170589
543000000,0.000146928762741
543000000,0.000134868153043
551000000,0.000119989491663
560000000,9.84532696151e-05
571000000,8.12084741558e-05
581000000,6.76963163041e-05
591000000,4.58885809644e-05
596000000,2.75904380161e-05
612000000,1.24698080523e-05
618000000,1.91324724045e-07
632000000,-9.57303495512e-06
639000000,-1.71385511719e-05
651000000,-2.28032115924e-05
660000000,-2.68410855698e-05
667000000,-3.50427061815e-05
677000000,-4.40534240725e-05
689000000,-5.16093945298e-05
701000000,-6.3227913969e-05
711000000,-8.4976326592e-05
722000000,-0.000107052048927
730000000,-0.000126865182657
739000000,-0.000142448798606
749000000,-0.000154051550939
758000000,-0.000163875985702
758000000,-0.000172080323607
781000000,-0.000178821365934
785000000,-0.000190418274465
796000000,-0.000201162063394
810000000,-0.000210440309879
820000000,-0.000218356922823
830000000,-0.000230201074008
842000000,-0.000241859143099
851000000,-0.000252062777132
860000000,-0.000260893258278
870000000,-0.000268445017562
881000000,-0.000278826117061
891000000,-0.00028887475571
901000000,-0.000303010551503
910000000,-0.00031691539254
917000000,-0.000329239512922
929000000,-0.000340042975262
939000000,-0.000349321159014
954000000,-0.00035706617421
964000000,-0.000363590617735
969000000,-0.000369967293558
981000000,-0.00037669567647
985000000,-0.000382386905571
1006000000,-0.000387134274333
1020000000,-0.000391031737711
1023000000,-0.000394172718552
1030000000,-0.000396535763591
1041000000,-0.000398297055286
1051000000,-0.000399564748927
1060000000,-0.00040001870959
1067000000,-0.000400148579445
1080000000,-0.00040002078044
1092000000,-0.000399692985768
1099000000,-0.000397263589599
1116000000,-0.000394027287207
1121000000,-0.000390902199978
1131000000,-0.000387496822451
1142000000,-0.00038048562504
1152000000,-0.00037394791008
1163000000,-0.000367930402336
1173000000,-0.000361239071766
1178000000,-0.000350421638728
1191000000,-0.000340521544212
1192000000,-0.000331564886819
1209000000,-0.000323549967744
1221000000,-0.000314725573228
1232000000,-0.000302955039304
1232000000,-0.000292380651864
1252000000,-0.00028298570367
1262000000,-0.000268590654572
1270000000,-0.00024965676781
1279000000,-0.000232523207698
1292000000,-0.000217189238611
1301000000,-0.000195170452843
1312000000,-0.000173365756812
1321000000,-0.000153864404423
1331000000,-0.000136615294181
1337000000,-0.000121526100165
1351000000,-0.000104342829834
1360000000,-7.99014333263e-05
1369000000,-5.80603316768e-05
1381000000,-3.87599671638e-05
1391000000,-1.3320924715e-05
1401000000,1.4881526991e-05
1402000000,4.00148916144e-05
1413000000,6.21677671485e-05
1426000000,8.14783666064e-05
1426000000,0.00010280442758
1436000000,0.000131886124875
1436000000,0.000157731740742
1468000000,0.00019792593547
1468000000,0.000241401461523
1489000000,0.0002812159673
1498000000,0.000323218269949
1498000000,0.000360547945748
1522000000,0.000393357914886
1526000000,0.000425213721182
1538000000,0.000465882835043
1552000000,0.000501804518287
1562000000,0.000533180857731
1571000000,0.000566985683474
1581000000,0.000606225832051
1593000000,0.000640748348931
1606000000,0.000670777080442
1609000000,0.000696590515678
1625000000,0.000723040306161
1631000000,0.000755975064244
1641000000,0.000784746098448
1647000000,0.000809592387696
1663000000,0.00083576263791
1670000000,0.000865557160541
1682000000,0.000891521417837
1693000000,0.000915982667034
1703000000,0.000945157950769
1712000000,0.000970631868692
1722000000,0.000992616770284
1722000000,0.00101136021767
1741000000,0.00102712870805
1747000000,0.00104019803852
1764000000,0.00105084626998
1771000000,0.00106393931363
1782000000,0.00107679196099
1792000000,0.00109197596361
1801000000,0.00110788313513
1810000000,0.00112163501074
1818000000,0.00113337897296
1829000000,0.00114267113129
1838000000,0.00114501462056
1852000000,0.00114621462166
1852000000,0.00114408658734
1870000000,0.00113785207976
1883000000,0.00113142052292
1890000000,0.00112497669417
1901000000,0.00111260786253
1911000000,0.00109704422667
1919000000,0.00108245806033
1919000000,0.00106896727388
1919000000,0.00105663930732
1950000000,0.00104549873843
1950000000,0.00103211319937
1965000000,0.00100672005545
1980000000,0.000877294363784
1997000000,0.000601127341458
1997000000,0.000343981993316
2019000000,0.000107584096642
2019000000,-0.000150172807012
2033000000,-0.00042543262223
2034000000,-0.00067362145327
2034000000,-0.000894920613435
2053000000,-0.00109006967578
2071000000,-0.00127587379963
2079000000,-0.00144105254116
2089000000,-0.0015831200597
2101000000,-0.00170379677308
2111000000,-0.00180491328609
2120000000,-0.00188013971729
2120000000,-0.00193662349546
2138000000,-0.00197261917699
2149000000,-0.00198131907476
2159000000,-0.00198184010014
2171000000,-0.00197590352679
2181000000,-0.00196501005134
2187000000,-0.00194019906511
2199000000,-0.00189844142462
2209000000,-0.00185666392306
2222000000,-0.00179936323638
2231000000,-0.00168058795343
2241000000,-0.00156901176857
2248000000,-0.00146560545847
2260000000,-0.00137094944535
2270000000,-0.00131468749382
2279000000,-0.0012688521214
2287000000,-0.00122961887423
2301000000,-0.00119726658582
2304000000,-0.0011774218406
2324000000,-0.00116207201685
2329000000,-0.00115060576026
2339000000,-0.00114029350646
2351000000,-0.00113149699864
2351000000,-0.0011252537654
2367000000,-0.00112116264376
2381000000,-0.00111885832074
2389000000,-0.00111801310814
2398000000,-0.00111163089498
2411000000,-0.00110656363368
2419000000,-0.00109287967951
2432000000,-0.0010767443086
2436000000,-0.00106237363332
2451000000,-0.00104971544495
2462000000,-0.00103314099882
2471000000,-0.00101843471177
2483000000,-0.00100552636919
2488000000,-0.000994319638654
2501000000,-0.000974679289643
2512000000,-0.00094733181706
2522000000,-0.000922613451703
2532000000,-0.000888772429845
2539000000,-0.000846741212287
2551000000,-0.000808674131568
2560000000,-0.00077457952954
2573000000,-0.000744374156719
2580000000,-0.000717907078472
2588000000,-0.000680152084985
2600000000,-0.000636949539513
2611000000,-0.000598405191717
2621000000,-0.000564393259687
2626000000,-0.00053471026052
2636000000,-0.000509000636436
2651000000,-0.000457269801516
2658000000,-0.000390914102456
2668000000,-0.000292842064651
2675000000,-0.000203491744065
2699000000,-0.000123015589256
2699000000,-5.13300231537e-05
2699000000,1.18267198512e-05
2720000000,8.06290903023e-05
2730000000,0.000149924868907
2741000000,0.000238359850776
2746000000,0.000344045893903
2756000000,0.00043858355713
2756000000,0.000522220707085
2756000000,0.000595398043886
2757000000,0.000658696979672
2757000000,0.000712795950791
2807000000,0.000770867091369
2807000000,0.000838688391812
2828000000,0.00115647840978
2837000000,0.00155860827838
2837000000,0.00192857770749
2837000000,0.00226491989975
2870000000,0.00256723198968
2882000000,0.0028359535474
2888000000,0.0031169739295
2890000000,0.00334881573223
2896000000,0.00354955540197
2920000000,0.00372128972044
2928000000,0.00386631793762
2928000000,0.00398705091014
2928000000,0.00406497242024
2954000000,0.00404299784205
2964000000,0.00401033297731
2974000000,0.00396997109507
2974000000,0.00392444270581
2993000000,0.00385348892488
3005000000,0.0036953491955
3021000000,0.00347864728067
3029000000,0.00317892535589
3039000000,0.00289970727768
3047000000,0.00264289646466
3055000000,0.00240949021527
3069000000,0.00225569989108
3079000000,0.00233250659452
3079000000,0.00241523996671
3100000000,0.00249053946518
3109000000,0.0025267996604
3120000000,0.00256452021944
3129000000,0.00260254714232
3142000000,0.00262178911525
3149000000,0.00260001084031
3159000000,0.00258010551345
3159000000,0.00256211583755
3180000000,0.00254603814691
3194000000,0.00211814575503
3195000000,0.00154395444327
3208000000,0.00101055741174
3220000000,0.000497731026927
3227000000,-0.000174108843346
3241000000,-0.000785883622407
3251000000,-0.00133662201856
3261000000,-0.00190354877503
3273000000,-0.00240721409331
3289000000,-0.00284974675006
3296000000,-0.00323420175139
3306000000,-0.00356428568535
3314000000,-0.00383154716353
3318000000,-0.00404143130627
3318000000,-0.00421154077513
3341000000,-0.00434648924123
3356000000,-0.00445070341778
3356000000,-0.00452836349958
3375000000,-0.00458335912827
3382000000,-0.00458531567803
3390000000,-0.00413359271052
3400000000,-0.00369791615222
3403000000,-0.00328463731523
3420000000,-0.00289825914455
3434000000,-0.00254172832295
3439000000,-0.00238382970134
3451000000,-0.00224789677855
3456000000,-0.00215789502852
3470000000,-0.00210993087162
3481000000,-0.00207551758232
3485000000,-0.00205255023688
3501000000,-0.00204113575951
3512000000,-0.0020420072086
3522000000,-0.00204873457986
3527000000,-0.00205992045598
3541000000,-0.00207436543353
3547000000,-0.00209136648673
3559000000,-0.00211096051512
3563000000,-0.00213114865806
3582000000,-0.00215128739529
3591000000,-0.00217092243573
3600000000,-0.00218976467918
3600000000,-0.00220755505637
3600000000,-0.00222411759924
3634000000,-0.00223934109228
3634000000,-0.00225168320177
3635000000,-0.00226053054982
3661000000,-0.00226821451977
3670000000,-0.0022723616896
3679000000,-0.00226611970826
3690000000,-0.00225969631132
3702000000,-0.00224032578943
3709000000,-0.00221872223475
3717000000,-0.00219845849495
3717000000,-0.00217969741183
3718000000,-0.00216253310479
3718000000,-0.00214700369366
3759000000,-0.00212441390886
3772000000,-0.00205565280426
3782000000,-0.00196412553172
3790000000,-0.00187972511055
3800000000,-0.00180282602236
3813000000,-0.0017335507892
3819000000,-0.00150186242358
3829000000,-0.000901037362008
3838000000,-0.000342488682636
3850000000,0.000270823986663
3863000000,0.000928619673482
3872000000,0.0015255562455
3880000000,0.0020611760975
3893000000,0.00253648661405
3902000000,0.00294669546534
3917000000,0.0033013890473
3924000000,0.00360499947188
3931000000,0.00386154999937
3939000000,0.00407526613429
3950000000,0.00421360961495
3961000000,0.0043110533467
3970000000,0.0043813916017
3979000000,0.00442879003766
3989000000,0.00445703639049
4000000000,0.00434106083332
4011000000,0.00392780649978
4019000000,0.00353122780966
4030000000,0.00311564901223
4030000000,0.00266826555369
4052000000,0.0022554583449
4061000000,0.002075540759
4071000000,0.00204873373343
4080000000,0.00203745639109
4088000000,0.00203866527729
4096000000,0.00204968208898
4110000000,0.00206630272277
4127000000,0.00207206784333
4131000000,0.00208273585074
4141000000,0.00209213780669
4148000000,0.00209721391574
4158000000,0.00210467745957
4171000000,0.00211385001077
4187000000,0.00212415948902
4194000000,0.00213170227724
4219000000,0.00213476707137
4219000000,0.00213833215401
4219000000,0.00214220920035
4235000000,0.00214515865258
4242000000,0.00213869919121
4249000000,0.00213281466223
4256000000,0.00212751187082
4268000000,0.00209690205004
4278000000,0.00206569675463
4290000000,0.00203697103845
4302000000,0.00199863303893
4310000000,0.00195174565359
4321000000,0.0019090127451
4331000000,0.00187050669962
4339000000,0.00183618862448
4352000000,0.00177778844471
4361000000,0.00170665757737
4370000000,0.00164224035291
4381000000,0.00146972548954
4386000000,0.000863003044712
4399000000,0.000297758414673
4411000000,-0.00022214413994
4420000000,-0.000713495815955
4426000000,-0.00132084245623
4441000000,-0.0018695920335
4450000000,-0.00235987114146
4458000000,-0.00279976645656
4471000000,-0.00319956558199
4481000000,-0.00354644532112
4491000000,-0.00384385189833
4498000000,-0.00409559864965
4511000000,-0.00424148811573
4521000000,-0.00434678429248
4532000000,-0.00442350456283
4544000000,-0.00447598691336
4554000000,-0.00421195636849
4560000000,-0.00382517147028
4560000000,-0.00345286729575
4581000000,-0.00310030598105
4595000000,-0.00282891407597
4601000000,-0.00266433792506
4610000000,-0.00252383735962
4620000000,-0.00245353398636
4630000000,-0.00239624704101
4641000000,-0.00235049498055
4644000000,-0.00231755921932
4659000000,-0.00229718082258
4671000000,-0.00228387900364
4683000000,-0.00227644720423
4692000000,-0.00227380219515
4692000000,-0.00227498185863
4708000000,-0.00227854656509
4715000000,-0.00228304395888
4733000000,-0.00228929792403
4741000000,-0.00229679410788
4751000000,-0.00229953074058
4761000000,-0.00230304810811
4768000000,-0.00230709453299
4781000000,-0.00230282258118
4790000000,-0.00229367325492
4799000000,-0.00228547941999
4810000000,-0.00227822035846
4822000000,-0.00224965943386
4832000000,-0.00222087308571
4839000000,-0.00219454020936
4851000000,-0.00217072269036
4858000000,-0.0017906431845
4867000000,-0.00134713836382
4884000000,-0.000936081698588
4893000000,-0.000542925648612
4900000000,-4.75007578978e-05
4913000000,0.000402493056734
4916000000,0.000806616262156
4916000000,0.00116554147772
4934000000,0.0014808017148
4958000000,0.00178060230439
4958000000,0.00205694492506
4963000000,0.00229461868315
4978000000,0.00249650118541
4986000000,0.00265815462542
4997000000,0.00278336022967
5006000000,0.00288308543181
5020000000,0.00287659174269
5030000000,0.00252870229175
5041000000,0.00218996746696
5053000000,0.00194470206138
5060000000,0.00176479110977
5069000000,0.00159806220469
5082000000,0.00144544826825
5094000000,0.00133890988008
5105000000,0.00126553202327
5105000000,0.00120294883764
5121000000,0.00115027281464
5133000000,0.00111732747915
5142000000,0.00110732753672
5150000000,0.00110278612656
5159000000,0.00110264266483
5159000000,0.00110596534658
5176000000,0.00111194249118
5189000000,0.00111987709446
5196000000,0.00114214225117
5196000000,0.00116991630569
5196000000,0.00119691832963
5221000000,0.00122270235749
5238000000,0.00127378300732
5238000000,0.00132439213395
5260000000,0.00137108377477
5269000000,0.00143503224981
5279000000,0.00149579592429
5290000000,0.00155076545179
5300000000,0.00159949068632
5311000000,0.00164083876227
5320000000,0.00167687354469
5328000000,0.00171418182731
5342000000,0.00175564965634
5349000000,0.00179187965339
5360000000,0.00182316860763
5370000000,0.00184986022949
5379000000,0.00187482896362
5390000000,0.00190150164569
5401000000,0.00192421423654
5413000000,0.00194380429147
5423000000,0.00196040181711
5431000000,0.00197399127039
5442000000,0.00198490309084
5455000000,0.00199345989181
5464000000,0.00199996707996
5472000000,0.00199430216809
5480000000,0.0019877663779
5491000000,0.00198068476055
5499000000,0.0019716904967
5510000000,0.00194837771407
5523000000,0.0019261738412
5532000000,0.00190534038682
5539000000,0.00180452377272
5552000000,0.00139802104611
5562000000,0.0010177858431
5571000000,0.000666760340138
5582000000,0.000287389887276
5592000000,-0.000143549714315
5599000000,-0.000533829400711
5607000000,-0.000883328936573
5623000000,-0.00123676671366
5628000000,-0.00155389960206
5637000000,-0.00183137761362
5651000000,-0.00207139359881
5658000000,-0.00227650657709
5667000000,-0.00201929794368
5682000000,-0.00171227133296
5688000000,-0.0014406942807
5701000000,-0.00129279499074
5711000000,-0.0011516414222
5718000000,-0.00101896224688
5719000000,-0.000895929138731
5737000000,-0.00079039298188
5751000000,-0.000757756786099
5759000000,-0.000731521836046
5768000000,-0.000710919450446
5779000000,-0.000695217196668
5790000000,-0.000683726207733
5819000000,-0.000675809419694
5819000000,-0.000708107684763
5819000000,-0.000744655328626
5819000000,-0.000780386933602
5832000000,-0.000866229110363
5851000000,-0.000947043508851
5852000000,-0.00110988697347
5869000000,-0.00146097837847
5880000000,-0.00178738663428
5892000000,-0.00209104231323
5901000000,-0.00237578209156
5910000000,-0.00263169035136
5921000000,-0.00285914857358
5939000000,-0.00305908949049
5947000000,-0.00321903373969
5951000000,-0.00330136883188
5962000000,-0.00336527050638
5969000000,-0.00341321208066
5987000000,-0.00344750040115
5992000000,-0.00347025789714
6003000000,-0.00342281367858
6010000000,-0.00333172941158
6022000000,-0.00325440750244
6030000000,-0.00318718972736
6039000000,-0.00312225816907
6049000000,-0.0030605798396
6059000000,-0.00301267836693
6068000000,-0.00296963883597
6081000000,-0.00293050213719
6091000000,-0.00289531051822
6101000000,-0.00286401660386
6102000000,-0.0028364941893
6123000000,-0.00280242048876
6133000000,-0.00277231853821
6141000000,-0.00272110845912
6151000000,-0.00266889533502
6159000000,-0.00262208436804
6159000000,-0.00258057983575
6182000000,-0.00254418963404
6189000000,-0.00209226334799
6195000000,-0.00156946687884
6203000000,-0.00108592594894
6221000000,-0.000644134731532
6232000000,-0.000142594288419
6241000000,0.000410153174944
6253000000,0.000908121123006
6261000000,0.00138759073709
6271000000,0.00186457088994
6280000000,0.00228557698335
6292000000,0.00265305108956
6301000000,0.00295950753957
6313000000,0.00321287512169
6326000000,0.003424427374
6331000000,0.00359828391366
6340000000,0.00373854088461
6350000000,0.00384012283526
6362000000,0.00390769650657
6373000000,0.00368991499287
6380000000,0.00335986934236
6390000000,0.00304023116285
6400000000,0.00273594530518
6400000000,0.00245056654736
6400000000,0.00218647435378
6400000000,0.00194506785228
6437000000,0.00182189432147
6450000000,0.00175594111037
6462000000,0.00180705514385
6473000000,0.00187508088904
6477000000,0.00194561691389
6477000000,0.00201654808671
6477000000,0.00208620074234
6477000000,0.00215328452372
6477000000,0.0022168405713
6531000000,0.00226087634847
6543000000,0.00222703869435
6549000000,0.00218782770454
6560000000,0.002150257711
6571000000,0.0021148194354
6571000000,0.00208185136735
6592000000,0.0020515669654
6601000000,0.00204957299724
6611000000,0.00210687162705
6619000000,0.00216164164835
6631000000,0.00224905685681
6640000000,0.00234561505639
6651000000,0.00243479299941
6661000000,0.00248923934844
6672000000,0.00243237651952
6681000000,0.00237581570757
6691000000,0.00232075826806
6698000000,0.00222428972829
6711000000,0.00207017997997
6735000000,0.00192647901088
6735000000,0.00179419392962
6749000000,0.00167386287233
6749000000,0.0015656444348
6759000000,0.00145402471633
6770000000,0.00124277829288
6782000000,0.000999470471512
6791000000,0.000778471511011
6798000000,0.000579996641305
6809000000,0.000403713780644
6818000000,0.000492233859533
6832000000,0.000688237840026
6840000000,0.000880293195814
6851000000,0.00106493478054
6859000000,0.00122013505743
6872000000,0.0012888515208
6882000000,0.00135059091191
6892000000,0.00140544714414
6897000000,0.00142921503297
6912000000,0.00142429360522
6920000000,0.00141659614747
6931000000,0.00138918785625
6941000000,0.00133557925517
6946000000,0.00128392662881
6962000000,0.0012349681712
6969000000,0.00118923259669
6974000000,0.000981523804579
6989000000,0.000416009933818
7000000000,-0.000111671644929
7001000000,-0.000597738070102
7001000000,-0.00104013251383
7030000000,-0.00157890202465
7039000000,-0.00208058250147
7046000000,-0.00252915017733
7061000000,-0.00293630463328
7070000000,-0.00330820745741
7077000000,-0.00363147157851
7087000000,-0.0039091677769
7087000000,-0.00414473348062
7110000000,-0.00430028126285
7110000000,-0.00439656063585
7129000000,-0.00446633176014
7129000000,-0.00451364696368
7152000000,-0.0045422042892
7163000000,-0.00419515525053
7169000000,-0.00385748307148
7182000000,-0.00349230556599
7190000000,-0.00310726788916
7201000000,-0.00274945612241
7209000000,-0.00242110828334
7219000000,-0.00218168824924
7231000000,-0.00219705191304
7237000000,-0.00222475565263
7252000000,-0.00226155575707
7257000000,-0.00230469699441
7271000000,-0.00233436491743
7280000000,-0.00236530834237
7288000000,-0.00238832505801
7302000000,-0.0024062940565
7315000000,-0.0024251559267
7322000000,-0.00244429220223
7323000000,-0.00246322098643
7337000000,-0.00248158552182
7348000000,-0.00249909656563
7355000000,-0.00250867706781
7371000000,-0.00251299336128
7377000000,-0.0025167565363
7392000000,-0.00257801951622
7399000000,-0.00276731566272
7400000000,-0.0029441237896
7420000000,-0.00300209356256
7430000000,-0.00289818952869
7440000000,-0.00279612954055
7450000000,-0.00269780420389
7467000000,-0.0026046333221
7468000000,-0.00251761160686
7468000000,-0.00235731285286
7468000000,-0.00215690391081
7497000000,-0.00197248008503
7511000000,-0.00181139828082
7528000000,-0.00167664876954
7542000000,-0.00155755936255
7542000000,-0.00145347397335
7556000000,-0.0014351901835
7561000000,-0.00170510570298
7573000000,-0.00196518927377
7579000000,-0.00221169871569
7591000000,-0.00244198867998
7602000000,-0.00256065116911
7611000000,-0.00265592015219
7618000000,-0.00273903681322
7631000000,-0.00281071809973
7639000000,-0.00281845854964
7650000000,-0.00274166150918
7657000000,-0.00264740119156
7658000000,-0.00253060447197
7658000000,-0.00241931762461
7673000000,-0.00231486099712
7674000000,-0.00218907847968
7709000000,-0.0018185760559
7720000000,-0.00147402972713
7729000000,-0.00115765450682
7739000000,-0.000837269752603
7752000000,-0.000474657399387
7758000000,-0.000147826104007
7759000000,0.000143485154887
7781000000,0.000404561546992
7790000000,0.000669985785328
7797000000,0.000901855244536
7798000000,0.00110209385968
7808000000,0.0012729246542
7808000000,0.00141546464888
7839000000,0.00152224520317
7852000000,0.00160782268341
7862000000,0.00167478288229
7870000000,0.00170975463725
7883000000,0.00173180521246
7883000000,0.00174318013357
7898000000,0.00174588868734
7898000000,0.00174170554718
7920000000,0.00178910978117
7920000000,0.00188462654831
7944000000,0.00196997163456
7950000000,0.00210807252857
7958000000,0.00225909935772
7971000000,0.00239522754662
7977000000,0.00251656491742
7989000000,0.00262352342159
8011000000,0.00267387688883
8016000000,0.00254673745325
8021000000,0.00242074709028
8031000000,0.00229848168299
8050000000,0.00212353554369
8051000000,0.00194520218271
8064000000,0.0017797681406
8072000000,0.00168046933958
8085000000,0.00166881170756
8087000000,0.00166323747472
8099000000,0.00166257729585
8111000000,0.00166580117609
8119000000,0.00169986294398
8131000000,0.00174125147599
8142000000,0.00178185775374
8151000000,0.00181866081423
8157000000,0.00185296425406
8157000000,0.00188498521711
8158000000,0.00191448548194
8197000000,0.00192493404015
8197000000,0.00190968063405
8209000000,0.00189436038568
8220000000,0.00187932952016
8231000000,0.00185069832565
8238000000,0.00182215050116
8238000000,0.00179557594597
8256000000,0.00177115153384
8268000000,0.00173839069508
8279000000,0.0016930582219
8293000000,0.00165162918973
8302000000,0.00161420279742
8306000000,0.00158076540423
8321000000,0.00136437020865
8332000000,0.000980664423198
8341000000,0.000376429102711
8354000000,-0.000286934629535
8365000000,-0.000896148737046
8380000000,-0.00144904690108
8391000000,-0.00194518553695
8391000000,-0.00238549210143
8406000000,-0.00262339120775
8422000000,-0.00281919938973
8422000000,-0.00297744999552
8432000000,-0.00302565063088
8443000000,-0.00293704826412
8452000000,-0.00283566186648
8463000000,-0.0027264718239
8471000000,-0.00261357545075
8478000000,-0.00249561019751
8490000000,-0.00237900688618
8497000000,-0.00226702728781
8509000000,-0.00216119546616
8520000000,-0.00206257560645
8528000000,-0.00197184513255
8538000000,-0.00188936118215
8549000000,-0.00181521744318
8557000000,-0.00173860137052
8569000000,-0.00166942976627
8580000000,-0.00159442734804
8590000000,-0.00146670479521
8599000000,-0.00129719298999
8612000000,-0.0011431365989
8622000000,-0.00100214830981
8629000000,-0.000875059286672
8640000000,-0.000763145512091
8653000000,-0.0006656979064
8661000000,-0.000569409552634
8671000000,-0.000474468165316
8682000000,-0.000392621035177
8689000000,-0.000321127851179
8698000000,-0.000245140083073
8710000000,-0.00018031185745
8722000000,-0.000125732958954
8731000000,-8.04537188699e-05
8741000000,-4.3517083282e-05
8749000000,-1.39807364739e-05
8760000000,2.05868668145e-05
8770000000,6.00739376532e-05
8779000000,9.32560140796e-05
8789000000,0.000141128566054
8798000000,0.000187627777284
8802000000,0.000227879296567
8813000000,0.000262305989044
8828000000,0.00029137205069
8841000000,0.00031556523186
8851000000,0.000337270709549
8863000000,0.000355162713992
8871000000,0.000369481250491
8882000000,0.000380661967368
8890000000,0.000389118729996
8901000000,0.000394710804672
8912000000,0.000397584461567
8932000000,0.000395083978801
8932000000,0.000391549740941
8942000000,0.000386187297978
8951000000,0.000377923883024
8960000000,0.000369608420339
8976000000,0.000361437458951
8976000000,0.000353563414097
8990000000,0.000346462225492
8990000000,0.000342993126033
8990000000,0.000339847414041
9024000000,0.000336269554179
9033000000,0.000330106938814
9033000000,0.000324480892818
9050000000,0.000316411942335
9058000000,0.00030226568623
9070000000,0.000289272797329
9080000000,0.000277477235357
9088000000,0.000266887874182
9101000000,0.000257484951082
9117000000,0.000241080051787
9117000000,0.000224264190863
9117000000,0.000209148532515
9141000000,0.000195711426736
9151000000,0.000183896191188
9160000000,0.00017212015241
9169000000,0.000149117019674
9180000000,0.000128325497987
9192000000,9.5613018568e-05
9199000000,6.44258953666e-05
9211000000,3.63684938622e-05
9221000000,1.02616496523e-05
9237000000,-2.28009686099e-05
9243000000,-5.23249081419e-05
9264000000,-7.84000440614e-05
9264000000,-0.000101175169777
9264000000,-0.000120840469891
9264000000,-0.00013761349784
9297000000,-0.000160068916402
9311000000,-0.000180517301093
9311000000,-0.000198177647381
9311000000,-0.00022138402989
9311000000,-0.000249660869527
9340000000,-0.000274734510247
9350000000,-0.000307299569899
9360000000,-0.000343183884145
9370000000,-0.000375186389508
9382000000,-0.000403672116289
9391000000,-0.000430732539343
9400000000,-0.00045424927583
9412000000,-0.000474448594151
9419000000,-0.00049657098389
9428000000,-0.000515589018872
9442000000,-0.000531735104799
9453000000,-0.000545256564448
9462000000,-0.000556407264949
9471000000,-0.000565440710004
9478000000,-0.00057272901172
9489000000,-0.000584131872009
9501000000,-0.000597559107302
9512000000,-0.000616264047864
9519000000,-0.000632828385156
9519000000,-0.000647335471764
9533000000,-0.000659897436824
9550000000,-0.000670988411351
9556000000,-0.000683390612101
9571000000,-0.000694067239237
9580000000,-0.000705036345056
9591000000,-0.00071873232951
9598000000,-0.000730712108487
9598000000,-0.000741071624975
9598000000,-0.000749922883993
9627000000,-0.000757388482717
9628000000,-0.000764876487802
9651000000,-0.00077303113699
9660000000,-0.000779976039273
9672000000,-0.000790393013777
9681000000,-0.000802509817742
9688000000,-0.000813229551888
9700000000,-0.000823435621988
9709000000,-0.000833131034863
9720000000,-0.000841538456164
9729000000,-0.000848742542821
9742000000,-0.000852183339392
9751000000,-0.000831503369984
9765000000,-0.000811509807231
9771000000,-0.00079359624049
9781000000,-0.000786383507037
9792000000,-0.000779861509737
9800000000,-0.00077402960065
9811000000,-0.000768956594334
9821000000,-0.000792604998614
9832000000,-0.000815159852514
9841000000,-0.000836348281476
9847000000,-0.000855986115986
9864000000,-0.000873960680014
9870000000,-0.000894006998207
9877000000,-0.000920723478808
9884000000,-0.000944978409853
9895000000,-0.000966751168254
9906000000,-0.000988523915186
9920000000,-0.00101017574534
9931000000,-0.00102927395467
9938000000,-0.00104593147618
9945000000,-0.00106075322853
9959000000,-0.00107745162479
9972000000,-0.00109192093097
9982000000,-0.00110430995144
9991000000,-0.00111492546389
10000000000,-0.00112399472308
10012000000,-0.00113332697936
10022000000,-0.00114188972114
10032000000,-0.00114902023148
10041000000,-0.0011548628012
10053000000,-0.00115950941015
10063000000,-0.00116310230462
10072000000,-0.00116582411253
10081000000,-0.00116779704505
10088000000,-0.00116913577704
10098000000,-0.00117094152064
10111000000,-0.00117249131665
10118000000,-0.00117360785517
10118000000,-0.00117435808195
10119000000,-0.00117480247299
10152000000,-0.00117499410007
10181000000,-0.00117754006648
10181000000,-0.00117977172383
10181000000,-0.00118170617941
10192000000,-0.00118430523194
10196000000,-0.00118873417253
10229000000,-0.00119273567417
10229000000,-0.00119630883127
10232000000,-0.00120009051849
10242000000,-0.00120587896889
10248000000,-0.00121109983738
10258000000,-0.00121699743943
10267000000,-0.00122307921721
10281000000,-0.00122850259264
10286000000,-0.00123328430869
10302000000,-0.00123745197316
10312000000,-0.00124276199577
10320000000,-0.00125134600712
10330000000,-0.00125908426396
10338000000,-0.00126598354672
10346000000,-0.00127338019205
10362000000,-0.00128077259531
10371000000,-0.00128728774984
10379000000,-0.0012967258673
10388000000,-0.00130672427345
10415000000,-0.00131563894575
10415000000,-0.00132350082717
10415000000,-0.00133035716265
10430000000,-0.00133778018518
10448000000,-0.00134486534409
10452000000,-0.0013510015534
10460000000,-0.00135625354521
10472000000,-0.00136241044131
10487000000,-0.00137442492083
10487000000,-0.00138524795542
10504000000,-0.00139489036255
10512000000,-0.00140364534303
10524000000,-0.00141357339864
10529000000,-0.00142231610134
10535000000,-0.00142992987243
10549000000,-0.0014380970445
10558000000,-0.00144885599309
10558000000,-0.00145838251909
10580000000,-0.0014667236983
10589000000,-0.00147623753033
10601000000,-0.00148788496952
10608000000,-0.00149821044455
10621000000,-0.00150726340679
10632000000,-0.00151547640905
10639000000,-0.00152573852746
10649000000,-0.00153474397793
10660000000,-0.00154255560299
10673000000,-0.00154925102884
10673000000,-0.00155491810661
10688000000,-0.0015636717544
10701000000,-0.00157232117606
10710000000,-0.00158185989226
10719000000,-0.00159072573283
10731000000,-0.00159846844654
10741000000,-0.00160533733899
10751000000,-0.00161278703534
10759000000,-0.00161922630381
10769000000,-0.00162472637223
10782000000,-0.0016279793257
10787000000,-0.00162995229862
10798000000,-0.00163134994766
10798000000,-0.00163226183331
10798000000,-0.00163277135759
10799000000,-0.00163295361495
10835000000,-0.00163409100061
10837000000,-0.00163508314212
10837000000,-0.00163582849192
10837000000,-0.00163650196483
10878000000,-0.00163821496086
10891000000,-0.00163969349331
10901000000,-0.00164084842352
10911000000,-0.00164178572738
10921000000,-0.00164255348339
10931000000,-0.00164316916813
10943000000,-0.00164365098356
10951000000,-0.00164528530123
10960000000,-0.00164798077638
10974000000,-0.00165042892386
10974000000,-0.00165262817406
10993000000,-0.0016545836108
10993000000,-0.00165626692438
11007000000,-0.00165769298034
11022000000,-0.00165891126789
11029000000,-0.00166088464429
11042000000,-0.00166625506262
11051000000,-0.0016716421078
11059000000,-0.00167758459407
11071000000,-0.00168297275594
11082000000,-0.00168780305877
11090000000,-0.00169208464549
11100000000,-0.00169583672195
11110000000,-0.00169908799939
11121000000,-0.00170699791796
11130000000,-0.00171416818887
11142000000,-0.00172059587025
11151000000,-0.00172750657127
11159000000,-0.00173640106354
11172000000,-0.00174437602271
11183000000,-0.00175223944844
11192000000,-0.00175970155623
11199000000,-0.00176625444901
11199000000,-0.00177194527058
11221000000,-0.00177660687768
11228000000,-0.0017796732896
11239000000,-0.00178212517158
11248000000,-0.00178403699498
11260000000,-0.00178548194639
11269000000,-0.00178720230248
11281000000,-0.00178881962925
11290000000,-0.00179009132592
11300000000,-0.00179106250895
11309000000,-0.00179177333852
11318000000,-0.00179235379663
11331000000,-0.00179354550431
11332000000,-0.00179452413827
11349000000,-0.00179504111847
11361000000,-0.00179434561102
11368000000,-0.00179358692863
11380000000,-0.00179279346773
11388000000,-0.00175549900808
11403000000,-0.00169667464379
11420000000,-0.00164184439649
11420000000,-0.0015913901466
11420000000,-0.00154551454327
11439000000,-0.00149717396235
11439000000,-0.00143768395145
11439000000,-0.00138409136984
11472000000,-0.00133669507318
11482000000,-0.00129575062877
11482000000,-0.00126015265931
11482000000,-0.00123102876339
11512000000,-0.00120858989809
11522000000,-0.00119015219364
11531000000,-0.00117785883396
11540000000,-0.00117861095889
11553000000,-0.0011813142797
11560000000,-0.00118549577624
11568000000,-0.00119074987252
11580000000,-0.00119955610382
11590000000,-0.00121271600169
11601000000,-0.00122563453071
11609000000,-0.00124400169637
11619000000,-0.00127003053762
11628000000,-0.00129434274804
11638000000,-0.00131675887577
11648000000,-0.00133717975756
11658000000,-0.00135557184432
11668000000,-0.00137195290408
11668000000,-0.00138638147891
11669000000,-0.00140920600698
11700000000,-0.00143246792006
11712000000,-0.00146417629564
11718000000,-0.00149278966601
11719000000,-0.00151832377473
11742000000,-0.0015432643917
11749000000,-0.00157066238304
11760000000,-0.00159486055917
11772000000,-0.0016159962557
11779000000,-0.00163900283846
11789000000,-0.00166103023055
11800000000,-0.00168014636211
11810000000,-0.00169654106488
11821000000,-0.00171042233514
11829000000,-0.00171468541986
11840000000,-0.00171041204187
11852000000,-0.0017052230925
11852000000,-0.00169942911638
11859000000,-0.00170250428936
11884000000,-0.00171837285302
11895000000,-0.00173281561585
11903000000,-0.00174984488744
11911000000,-0.00177437894014
11919000000,-0.00179668840721
11920000000,-0.00181674551272
11941000000,-0.00183483126949
11951000000,-0.00185296314276
11960000000,-0.00186889593388
11971000000,-0.00188273713614
11981000000,-0.00189518727555
11992000000,-0.001906163428
11998000000,-0.00191542706808
12011000000,-0.00192313422204
12019000000,-0.00192944136644
12030000000,-0.00193241428204
12040000000,-0.00193237784956
12051000000,-0.0019316564561
12062000000,-0.0019304128297
12072000000,-0.00192826035609
12082000000,-0.00192141322606
12091000000,-0.00191470397582
12103000000,-0.00190652991005
12114000000,-0.00189493516306
12122000000,-0.00188410278715
12131000000,-0.00187411733434
12139000000,-0.00186502468383
12150000000,-0.00185401719239
12157000000,-0.00183773976258
12169000000,-0.0018300309277
12178000000,-0.00183956078549
12190000000,-0.00184907159914
12190000000,-0.00185835629839
12215000000,-0.00186725556502
12221000000,-0.00187555929909
12231000000,-0.00188314753708
12244000000,-0.00189011382872
12253000000,-0.00189643488887
12261000000,-0.00190210332771
12271000000,-0.00190674843619
12282000000,-0.00190745055342
12291000000,-0.00190502574865
12301000000,-0.00189617421706
12310000000,-0.00188766770384
12320000000,-0.00187962526867
12330000000,-0.00187212607343
12341000000,-0.00186522115103
12351000000,-0.00185600502268
12360000000,-0.00184330216382
12360000000,-0.00183169113611
12379000000,-0.00182119671952
12391000000,-0.00180340067931
12412000000,-0.00178514672609
12413000000,-0.00176863913951
12419000000,-0.00175388017239
12430000000,-0.00174083000574
12440000000,-0.00172334191442
12450000000,-0.00170522404044
12460000000,-0.00168386336039
12472000000,-0.0016570765869
12473000000,-0.00163296957096
12473000000,-0.001611515342
12496000000,-0.00159263374581
12512000000,-0.0015756784713
12521000000,-0.00155645712135
12532000000,-0.00153967786472
12542000000,-0.0015211031848
12547000000,-0.00150446770448
12561000000,-0.00149010055426
12566000000,-0.0014778456975
12583000000,-0.00146753003931
12591000000,-0.00146258001171
12600000000,-0.00146127973396
12611000000,-0.00146099199187
12621000000,-0.0014615065039
12631000000,-0.00146285044324
12642000000,-0.00146512550597
12651000000,-0.00146768808527
12659000000,-0.00147042117316
12672000000,-0.00147215915399
12682000000,-0.0014697992587
12692000000,-0.00146769730728
12699000000,-0.00146584355491
12710000000,-0.00146180079513
12713000000,-0.00145711400959
12731000000,-0.00145286603614
12746000000,-0.00144905829492
12750000000,-0.00144165321868
12761000000,-0.00143097560005
12770000000,-0.00142120720851
12782000000,-0.00141002604914
12791000000,-0.00139648692275
12803000000,-0.00138423470744
12813000000,-0.00137327116015
12822000000,-0.00136356750687
12831000000,-0.00135507425592
12841000000,-0.00134131572699
12843000000,-0.0013283135857
12843000000,-0.00131677632403
12872000000,-0.0013031098235
12881000000,-0.00128304761003
12890000000,-0.00126496543587
12898000000,-0.00124785356071
12908000000,-0.00123173800759
12920000000,-0.00121757089757
12930000000,-0.00120525844062
12940000000,-0.00119468355844
12947000000,-0.00118571552967
12957000000,-0.0011769214658
12971000000,-0.00116449194011
12979000000,-0.00115200957762
12987000000,-0.00113745448105
12999000000,-0.00112461382706
13011000000,-0.00111341247872
13018000000,-0.0011037543781
13030000000,-0.0010955284759
13036000000,-0.00108429404793
13051000000,-0.00107404048691
13057000000,-0.00106517610242
13068000000,-0.00105479800501
13081000000,-0.00104395302098
13096000000,-0.00103449483421
13125000000,-0.00102634180138
13125000000,-0.00101939971958
13125000000,-0.00101356693339
13145000000,-0.00100873703574
13145000000,-0.00100480553972
13154000000,-0.00100160711479
13160000000,-0.000996035808572
13171000000,-0.000986746546565
13180000000,-0.000974222169695
13187000000,-0.000960205396553
13202000000,-0.000947580302131
13212000000,-0.000940104266943
13219000000,-0.000942319011892
13230000000,-0.000945028577824
13242000000,-0.000948067748344
13249000000,-0.000951298702417
13257000000,-0.000954608672308
13268000000,-0.000957904865743
13281000000,-0.00095619072982
13290000000,-0.00095143058895
13298000000,-0.000942937950148
13311000000,-0.00092908825797
13318000000,-0.000916276446075
13338000000,-0.000904569449014
13341000000,-0.000892719425205
13349000000,-0.000870898157283
13360000000,-0.000850942802234
13371000000,-0.000832906126944
13381000000,-0.000814973906301
13391000000,-0.000792202412367
13401000000,-0.000771763560453
13411000000,-0.000753619882053
13421000000,-0.000737689061806
13431000000,-0.000721453955378
13438000000,-0.000707330409455
13451000000,-0.000694643829796
13461000000,-0.000679056054958
13472000000,-0.000665471089952
13482000000,-0.000653768639415
13497000000,-0.00064368166031
13501000000,-0.000634699616749
13511000000,-0.000627202970457
13519000000,-0.000621045483142
13519000000,-0.00061608170743
13519000000,-0.000612170397563
13558000000,-0.000609176297732
13559000000,-0.000606062070484
13564000000,-0.00060013129828
13581000000,-0.000594406354417
13591000000,-0.000587022308408
13599000000,-0.000580542052474
13599000000,-0.000574919934874
13621000000,-0.000568861848785
13632000000,-0.000561805388215
13640000000,-0.000555617319195
13651000000,-0.000550252252797
13651000000,-0.00054565681377
13671000000,-0.000539637586993
13680000000,-0.000534163110074
13689000000,-0.00052943253298
13698000000,-0.000524629167245
13709000000,-0.000518790208693
13719000000,-0.000513683700914
13729000000,-0.000509269555585
13741000000,-0.000505500201088
13751000000,-0.000499021753557
13759000000,-0.000492475700173
13765000000,-0.0004866902268
13782000000,-0.000481244448831
13791000000,-0.000475024103832
13800000000,-0.000469559016061
13801000000,-0.000464811837403
13822000000,-0.000456331881411
13831000000,-0.000442292986496
13842000000,-0.000429518056842
13850000000,-0.000418023428604
13860000000,-0.000407487498483
13868000000,-0.000395590734432
13873000000,-0.000385041797903
13888000000,-0.000375791521539
13901000000,-0.000367772509119
13911000000,-0.000360637883006
13918000000,-0.000352244148704
13918000000,-0.000344973650278
13944000000,-0.000338750825892
13952000000,-0.000333493746781
13958000000,-0.000328094976789
13970000000,-0.000322055925681
13983000000,-0.000316883697943
13990000000,-0.000312508814006
13998000000,-0.000305109836581
14010000000,-0.000294932001207
14020000000,-0.000285817292774
14032000000,-0.000277745581675
14048000000,-0.000268217908006
14075000000,-0.000258762128002
14075000000,-0.000243150300166
14084000000,-0.000236880086486
14090000000,-0.000230756897751
14100000000,-0.000216702849308
14113000000,-0.00020273771568
14120000000,-0.000190213568319
14135000000,-0.00017910321026
14143000000,-0.000169352990749
14151000000,-0.000162053992536
14162000000,-0.000156014941383
14170000000,-0.000151001723827
14184000000,-0.000146908812856
14187000000,-0.000143636352618
14202000000,-0.000140835571345
14209000000,-0.000136486609548
14215000000,-0.000132820590209
14230000000,-0.000130145719269
14242000000,-0.000128851413503
14251000000,-0.000127974680947
14260000000,-0.000127448566415
14266000000,-0.000125254958593
14284000000,-0.000121498025083
14291000000,-0.000118174142406
14300000000,-0.000116565413834
14310000000,-0.00011526851606
14324000000,-0.000114248567319
14330000000,-0.000113469630082
14340000000,-0.000110213230401
14343000000,-0.0001061688746
14359000000,-0.000102524936516
14373000000,-9.92794715438e-05
14384000000,-9.64168535221e-05
14384000000,-9.51974176835e-05
14405000000,-9.43845460164e-05
14410000000,-9.38030142685e-05
14422000000,-9.16392066231e-05
14429000000,-8.72051918857e-05
14446000000,-8.31778772988e-05
14462000000,-7.9557368626e-05
14462000000,-7.63407982165e-05
14478000000,-7.35138687005e-05
14482000000,-7.21005368631e-05
14490000000,-7.33370679395e-05
14501000000,-7.46768070672e-05
14511000000,-7.61021826715e-05
14519000000,-7.78252658099e-05
14532000000,-7.95040600205e-05
14538000000,-8.11106610032e-05
14547000000,-7.74931997684e-05
14564000000,-7.35434014561e-05
14572000000,-6.98626595729e-05
14581000000,-6.64888867619e-05
14591000000,-6.34717287199e-05
14595000000,-6.07606941084e-05
14610000000,-5.68483123968e-05
14618000000,-4.98970918464e-05
14635000000,-4.35403710028e-05
14640000000,-3.77908613416e-05
14651000000,-3.26473515441e-05
14662000000,-2.86938896564e-05
14671000000,-2.53366164151e-05
14679000000,-2.24725169049e-05
14690000000,-2.00610098596e-05
14702000000,-1.60347397686e-05
14707000000,-1.05197653678e-05
14729000000,-5.59111535903e-06
14729000000,-1.23520451771e-06
14729000000,2.57299198051e-06
14750000000,5.55436185276e-06
14756000000,7.99196676928e-06
14769000000,1.00049395146e-05
14779000000,1.16373237689e-05
14788000000,-1.02309852009e-05
14799000000,-6.48896629715e-05
14810000000,-0.000116136180171
14820000000,-0.000163546364283
14829000000,-0.000227217892426
14840000000,-0.000287678073833
14849000000,-0.000342427603867
14861000000,-0.000391450121126
14870000000,-0.000435066377721
14883000000,-0.000473409366948
14891000000,-0.000506626129435
14891000000,-0.000535059827066
14892000000,-0.000556468035933
14921000000,-0.000571470163365
14928000000,-0.000583201459186
14929000000,-0.000592090503789
14951000000,-0.000588906316243
14959000000,-0.000584237889818
14968000000,-0.000578504585601
14979000000,-0.000572060193037
14991000000,-0.000565200659167
15001000000,-0.000550089116574
15011000000,-0.000532104153006
15022000000,-0.000515052795751
15030000000,-0.000493976868312
15043000000,-0.000462908854449
15051000000,-0.00043420104403
15062000000,-0.000407179736056
15072000000,-0.000375828505059
15079000000,-0.000347499022076
15080000000,-0.000322182878236
15097000000,-0.000299807390444
15098000000,-0.000280250819195
15118000000,-0.000262740233963
15132000000,-0.000242362489537
15139000000,-0.000224626351015
15153000000,-0.000197996189964
15159000000,-0.000174347868964
15160000000,-0.000153577941233
15179000000,-0.000135542197511
15180000000,-0.000119556954027
15197000000,-0.000101506830717
15197000000,-8.59189291434e-05
15197000000,-7.26206087089e-05
15234000000,-6.14224235332e-05
15242000000,-5.15759565662e-05
15256000000,-3.86259175348e-05
15264000000,-2.75261892516e-05
15272000000,-2.44599984327e-05
15279000000,-2.41117878903e-05
15290000000,-2.46350873704e-05
15301000000,-2.55701579062e-05
15311000000,-2.47956121143e-05
15321000000,-2.45326248342e-05
15333000000,-2.46798451083e-05
15342000000,-2.51474146892e-05
15351000000,-1.38147174765e-05
15367000000,-4.45484421861e-07
15375000000,1.17958405499e-05
15380000000,2.28762173549e-05
15391000000,3.31197168984e-05
15410000000,4.5060931485e-05
15411000000,5.57109979974e-05
15411000000,6.51042624379e-05
15431000000,7.47692705186e-05
15442000000,8.41730585467e-05
15453000000,9.23698040326e-05
15459000000,9.662200869e-05
15472000000,9.9304987232e-05
15478000000,0.000101258530651
15479000000,0.000102592796145
15502000000,0.000103408900711
15511000000,0.000103690138413
15518000000,0.000103248359142
15526000000,0.000102566067059
15542000000,0.000101708771477
15547000000,9.79350880583e-05
15561000000,9.30873056686e-05
15571000000,8.84692896482e-05
15585000000,8.22498062702e-05
15592000000,7.6465613028e-05
15601000000,7.11555803521e-05
15610000000,6.63380058484e-05
15619000000,6.20153981109e-05
15629000000,5.71097022993e-05
15642000000,5.03035197883e-05
15651000000,4.41636307236e-05
15660000000,3.86856964921e-05
15671000000,3.15068256029e-05
15679000000,2.41055297436e-05
15691000000,1.7506436142e-05
15698000000,1.16869330793e-05
15712000000,6.61139451658e-06
15719000000,8.02456308242e-07
15731000000,-5.17221697356e-06
15741000000,-1.03972909037e-05
15750000000,-1.63679992485e-05
15761000000,-2.37197975924e-05
15771000000,-3.05152848978e-05
15780000000,-3.7124819471e-05
15792000000,-4.29157688188e-05
15801000000,-4.79329179079e-05
15811000000,-5.4496895929e-05
15822000000,-6.08102941908e-05
15827000000,-6.63263818076e-05
15840000000,-7.10911554041e-05
15851000000,-7.51540814e-05
15861000000,-7.74401186281e-05
15869000000,-7.92138923247e-05
15879000000,-8.05438107221e-05
15879000000,-8.14924114682e-05
15903000000,-8.28153847738e-05
15909000000,-8.48481024397e-05
15921000000,-8.65523607277e-05
15931000000,-8.79602144978e-05
15939000000,-8.91030556433e-05
15951000000,-9.00118607277e-05
15956000000,-9.07137912924e-05
15969000000,-9.12362646821e-05
15980000000,-9.16062802329e-05
15990000000,-9.05588918213e-05
16007000000,-8.83362971299e-05
16011000000,-8.53733920635e-05
16021000000,-8.2565939417e-05
16034000000,-7.9941996787e-05
16040000000,-7.72341333362e-05
16048000000,-7.47275068385e-05
16060000000,-7.24610430437e-05
16071000000,-7.04349221798e-05
16079000000,-6.85082753117e-05
16087000000,-6.67273368964e-05
16102000000,-6.51732071387e-05
16109000000,-6.38309537863e-05
16121000000,-6.28828370762e-05
16130000000,-6.22328209288e-05
16140000000,-6.10534768888e-05
16147000000,-5.96020512225e-05
16167000000,-5.83310403966e-05
16173000000,-5.72306018537e-05
16183000000,-5.64313720619e-05
16190000000,-5.63300426679e-05
16199000000,-5.63171323803e-05
16209000000,-5.63745315834e-05
16219000000,-5.54095494556e-05
16227000000,-5.3499312982e-05
16241000000,-5.17566942864e-05
16249000000,-5.01840233771e-05
16256000000,-4.87801322179e-05
16271000000,-4.75415473953e-05
16281000000,-4.60832925348e-05
16291000000,-4.47977677266e-05
16301000000,-4.36776242369e-05
16308000000,-4.27135067598e-05
16320000000,-4.28777330649e-05
16331000000,-5.17513788063e-05
16341000000,-6.26224193034e-05
16345000000,-7.43912732647e-05
16363000000,-8.5274071093e-05
16370000000,-9.5215591899e-05
16380000000,-0.000104193155103
16387000000,-0.000112209369433
16405000000,-0.000116599196706
16413000000,-0.000116104302684
16418000000,-0.000112898119649
16431000000,-0.000109531066345
16437000000,-0.000106113314584
16437000000,-0.000102732207121
16461000000,-0.000101094344068
16469000000,-0.000103239572101
16482000000,-0.000105235152065
16490000000,-0.000107068908674
16502000000,-0.00010895472169
16508000000,-0.000110801210342
16513000000,-0.000112456914905
16513000000,-0.000113925713526
16535000000,-0.000115212310126
16536000000,-0.000116325422434
16561000000,-0.000117594320479
16578000000,-0.000118696311396
16582000000,-0.000119828059914
16582000000,-0.000121227329503
16601000000,-0.000122457272574
16609000000,-0.000123517955581
16622000000,-0.000124421154706
16629000000,-0.000125183811337
16640000000,-0.000125819475737
16652000000,-0.000126341098848
16661000000,-0.000126761791484
16671000000,-0.000127093567192
16682000000,-0.000127330683527
16690000000,-0.000127385623286
16699000000,-0.00012722544065
16709000000,-0.000127036061452
16719000000,-0.00012682824357
16719000000,-0.000126611186316
16738000000,-0.000126218910233
16751000000,-0.000125166691497
16760000000,-0.000124172288471
16770000000,-0.000123244769707
16778000000,-0.000121927197626
16792000000,-0.000120262768632
16798000000,-0.000118737538165
16810000000,-0.00011735635643
16820000000,-0.000114626163186
16828000000,-0.000111963960818
16839000000,-0.000109547694324
16855000000,-0.000107379857845
16863000000,-0.000104257020626
16872000000,-0.000100662386338
16882000000,-9.74231344966e-05
16890000000,-9.45363468634e-05
16898000000,-9.05075090005e-05
16909000000,-8.59271050645e-05
16917000000,-8.18130245983e-05
16917000000,-7.81644221332e-05
16940000000,-6.0391149213e-05
16951000000,-2.97035282735e-05
16960000000,-1.29224620524e-06
16975000000,-2.51846515734e-05
16982000000,-8.10126731707e-05
16991000000,-0.000133911054912
17001000000,-0.000183317585225
17012000000,-0.000228866751616
17018000000,-0.000270357081419
17031000000,-0.000315896339574
17040000000,-0.000368817046431
17051000000,-0.000416476127441
17060000000,-0.000462765148312
17070000000,-0.000504700910906
17083000000,-0.000541490509925
17088000000,-0.000573401296914
17100000000,-0.000598875057041
17110000000,-0.000615984301076
17116000000,-0.000629650079024
17116000000,-0.000640295022531
17116000000,-0.000648320826065
17120000000,-0.000654102963402
17155000000,-0.000653721244223
17155000000,-0.000647852198143
17183000000,-0.000625490395129
17193000000,-0.000588273572893
17200000000,-0.000552886643277
17210000000,-0.000519733747136
17219000000,-0.000497340101716
17228000000,-0.000479121683913
17240000000,-0.000462933533054
17241000000,-0.000448707456987
17263000000,-0.000436130748566
17271000000,-0.000423428328798
17282000000,-0.000412465757587
17290000000,-0.000402042191715
17299000000,-0.00039071410762
17311000000,-0.000380955563014
17323000000,-0.000372652096774
17323000000,-0.000365681084367
17340000000,-0.000356611967924
17350000000,-0.000348012820488
17359000000,-0.00034064435787
17372000000,-0.000334411225315
17376000000,-0.000329212549871
17391000000,-0.000323071860679
17398000000,-0.000315195814065
17413000000,-0.000308340551595
17421000000,-0.000302441219544
17428000000,-0.000293478278484
17439000000,-0.000285136861737
17440000000,-0.000277826992759
17461000000,-0.000271494162892
17470000000,-0.000265084977459
17481000000,-0.00025572361693
17491000000,-0.000247425545086
17499000000,-0.00024015048937
17511000000,-0.00023265965577
17519000000,-0.000221603470006
17531000000,-0.000211740727959
17539000000,-0.000203038880471
17550000000,-0.000192197501297
17560000000,-0.000179459896502
17570000000,-0.000168103479454
17574000000,-0.000158090973681
17591000000,-0.00014293978931
17597000000,-0.000129385834591
17611000000,-0.000117394198306
17617000000,-0.000103856247721
17628000000,-8.74603022297e-05
17641000000,-7.28623950282e-05
17658000000,-6.00091409539e-05
17658000000,-4.88201017495e-05
17672000000,-3.68056227047e-05
17680000000,-2.09494186723e-05
17689000000,-6.91232617034e-06
17704000000,1.16057883191e-05
17711000000,3.07036322054e-05
17719000000,4.76741120752e-05
17731000000,6.25861230979e-05
17741000000,8.1269162805e-05
17747000000,0.000100169575102
17758000000,0.000116835218437
17772000000,0.000131367049909
17781000000,0.000147275325237
17792000000,0.000166066550074
17802000000,0.000182615561352
17810000000,0.000197026135667
17820000000,0.00022926738756
17832000000,0.000287135218558
17837000000,0.000340185755494
17852000000,0.000388898709559
17862000000,0.00043319252072
17872000000,0.000472495906062
17882000000,0.000506985439657
17890000000,0.000536908142409
17901000000,0.000561393307837
17906000000,0.000571766469565
17917000000,0.000579252020212
17934000000,0.000584294782189
17943000000,0.00058729808482
17949000000,0.00057734148357
17970000000,0.000559459381049
17974000000,0.000541731923249
17980000000,0.000524521401644
17991000000,0.000521046327969
18008000000,0.000519184616603
18015000000,0.000517472040868
18021000000,0.000515443870778
18030000000,0.000513293906525
18049000000,0.000511347923697
18066000000,0.000509604619545
18066000000,0.000508058496102
18075000000,0.000506702972204
18075000000,0.000502416318092
18075000000,0.000497183589364
18075000000,0.000492398991172
18112000000,0.000484291770485
18126000000,0.000471336568772
18132000000,0.000459425234927
18134000000,0.000442227407145
18149000000,0.000425827280972
18160000000,0.000410996644257
18169000000,0.000399766464678
18176000000,0.000407756947
18190000000,0.000415995821427
18203000000,0.000424243343402
18212000000,0.000432313060795
18221000000,0.000437963366473
18229000000,0.000424910576537
18237000000,0.000412620632475
18252000000,0.000401207167122
18260000000,0.000370491581262
18269000000,0.00034198077898
18278000000,0.000315844722375
18289000000,0.000292166107716
18301000000,0.000264056682014
18310000000,0.000228691314805
18320000000,0.000196745340723
18330000000,0.000168208812363
18341000000,0.00013080758791
18351000000,8.93933219694e-05
18357000000,5.23063908319e-05
18359000000,1.94600644136e-05
18359000000,-9.30755801656e-06
18392000000,-4.90132722445e-05
18398000000,-9.04173124845e-05
18398000000,-0.00012711043421
18398000000,-0.000159271763562
18399000000,-0.000187140425103
18447000000,-0.000211001712467
18447000000,-0.000231169444541
18460000000,-0.000268775743387
18477000000,-0.000304353030332
18481000000,-0.000349899144121
18490000000,-0.000420241084886
18497000000,-0.000504209631544
18511000000,-0.000580313566746
18519000000,-0.000648514321156
18532000000,-0.000708957947776
18539000000,-0.000762062380801
18550000000,-0.000808141061695
18560000000,-0.000847608014133
18560000000,-0.000880980222674
18581000000,-0.000918471861123
18588000000,-0.00096453154239
18597000000,-0.00100460760756
18604000000,-0.00103906976916
18621000000,-0.00106833573054
18628000000,-0.00110608197511
18641000000,-0.00114427092561
18652000000,-0.00117736892488
18661000000,-0.00121655650134
18669000000,-0.00126657453907
18669000000,-0.00131088485219
18692000000,-0.00134970407566
18700000000,-0.00138332572787
18709000000,-0.00141209647137
18721000000,-0.0014322005962
18731000000,-0.00143212820318
18737000000,-0.00137544864077
18746000000,-0.0013069910575
18761000000,-0.00124174211035
18762000000,-0.00118048187133
18762000000,-0.0011237329865
18789000000,-0.0010718059141
18797000000,-0.0010048733619
18806000000,-0.000914893387589
18806000000,-0.00083292239094
