%time,field
108000000,-8.00102080908e-17
112000000,3.03502655226e-16
121000000,2.59881520261e-17
183000000,-4.89839651484e-12
219000000,-0.00910383088968
242000000,-0.00972455855403
294000000,0.00442934980689
341000000,0.000391310582037
368000000,-0.000791920044555
416000000,-0.000726496154127
450000000,-0.000465599955611
488000000,-0.000228782097511
543000000,-8.59395780687e-05
580000000,4.13784542683e-06
652000000,6.4807354937e-05
652000000,0.000167426363831
702000000,0.000215531041581
730000000,0.000184858936378
780000000,0.000237820380378
820000000,0.000287751442533
869000000,0.000326377103678
890000000,0.000378311676979
938000000,0.000376140583135
966000000,0.000394493699337
1022000000,0.000393422825667
1041000000,0.000390356373611
1092000000,0.000368902485404
1122000000,0.000335899756913
1168000000,0.000289619038537
1214000000,0.000245718959497
1254000000,0.000151732717744
1290000000,7.07410741622e-05
1337000000,-3.41518863159e-05
1375000000,-0.000143816722294
1440000000,-0.000261702241262
1440000000,-0.000453832358409
1487000000,-0.000511115195923
1523000000,-0.000638144099599
1562000000,-0.000766250557769
1609000000,-0.000881419903811
1656000000,-0.000976327211212
1687000000,-0.00105600386511
1746000000,-0.00110648624477
1784000000,-0.00116276803548
1829000000,-0.00111691358568
1854000000,-0.00107114164102
1883000000,-0.000994578391542
1970000000,-0.000864381518953
1977000000,0.0011620940851
2006000000,0.00182028038305
2059000000,0.0019710800472
2105000000,0.00188083360025
2135000000,0.00169741873139
2184000000,0.00150178556557
2214000000,0.000877461179973
2264000000,0.00113006987485
2296000000,0.00119074655605
2324000000,0.00116313235704
2392000000,0.00111111946725
2411000000,0.00100417410697
2450000000,0.000961118306446
2488000000,0.000807720796963
2525000000,0.000627894372469
2560000000,0.000438216596835
2618000000,0.000181603840101
2653000000,-0.000243666740293
2699000000,-0.000419869284226
2735000000,-0.000844253809572
2756000000,-0.00108163713981
2826000000,-0.00392708175596
2882000000,-0.0043891200549
2888000000,-0.00415360369233
2928000000,-0.00335772013335
2993000000,-0.00250836848738
3016000000,-0.00125886159337
3066000000,-0.00332778120891
3078000000,-0.00293853782933
3137000000,-0.00248139083057
3183000000,0.00206597989165
3216000000,0.00384672384074
3251000000,0.00444135483999
3280000000,0.00424874965716
3356000000,0.00398538591445
3375000000,0.000572180972213
3413000000,0.00186905042139
3445000000,0.0022606633851
3497000000,0.00231196381573
3551000000,0.00232384809513
3574000000,0.00232289793864
3630000000,0.00229458570195
3666000000,0.00220187768384
3683000000,0.00207697041789
3756000000,0.00185638625484
3756000000,0.00141979345134
3807000000,-0.00289395765258
3845000000,-0.00443379795606
3888000000,-0.00437416830698
3939000000,-0.00401993839107
3994000000,-0.000758851613449
4027000000,2.39125481403e-05
4055000000,-0.00248803646658
4088000000,-0.00234595548496
4135000000,-0.00225267897012
4169000000,-0.00218766627792
4226000000,-0.00210557910499
4261000000,-0.00188364329283
4295000000,-0.00169678699212
4338000000,-0.00133672284507
4379000000,0.00302388915454
4418000000,0.00444988466006
4453000000,0.00461757978641
4500000000,0.00406536848969
4544000000,0.000809094136832
4576000000,0.00191063472472
4605000000,0.00236926787648
4643000000,0.00242088878431
4707000000,0.00240571734871
4735000000,0.00236252714323
4772000000,0.00225249475248
4810000000,0.00206165914528
4850000000,-0.00139867574723
4887000000,-0.00260972492078
4940000000,-0.00294240049567
4976000000,-0.0028275010275
5018000000,0.00035860939154
5045000000,-0.000647560929007
5084000000,-0.00105095150756
5125000000,-0.00125466259006
5173000000,-0.00139719243363
5229000000,-0.00162791072502
5260000000,-0.00181181761209
5298000000,-0.00179498298369
5326000000,-0.00191463850167
5368000000,-0.00197809055091
5405000000,-0.00198463608327
5455000000,-0.00190387120912
5491000000,-0.00177979188855
5536000000,0.00127436101766
5569000000,0.00240445489647
5610000000,0.0027818427042
5650000000,-0.000916791582516
5682000000,0.000191156649049
5736000000,0.000732442324235
5788000000,0.00105248216496
5802000000,0.00145251000764
5851000000,0.00368098669994
5884000000,0.0037828362626
5923000000,0.00325761704249
5987000000,0.00248256104824
6011000000,0.00265449025357
6049000000,0.0027390673937
6104000000,0.00266040560538
6128000000,0.00242022142352
6174000000,-0.00162251704904
6220000000,-0.00319195809991
6255000000,-0.0038755881985
6290000000,-0.00373991986702
6340000000,-0.00360194605427
6363000000,-0.000697017847995
6432000000,-0.00174075501269
6448000000,-0.00262951291627
6528000000,-0.00204801032651
6533000000,-0.00188925659194
6582000000,-0.00253646010447
6621000000,-0.00293073261576
6647000000,-0.00190858655853
6698000000,-0.00107761257216
6722000000,-0.000493911514153
6766000000,0.000305246708758
6812000000,-0.00236993890183
6852000000,-0.0016309419475
6896000000,-0.00125685412715
6922000000,-0.000919219843097
6974000000,0.0032451696855
6999000000,0.00445471164397
7050000000,0.00465357280236
7102000000,0.00412232664569
7151000000,0.00132749870153
7167000000,0.000677705911596
7209000000,0.0028939999873
7264000000,0.00274353550901
7283000000,0.00261808528272
7343000000,0.00253027297439
7384000000,0.00400295755722
7413000000,0.00199842190975
7450000000,0.000974265195261
7508000000,0.00110138445093
7519000000,0.00382206925624
7591000000,0.00301663396663
7631000000,0.0019989992934
7657000000,0.00167311620441
7694000000,-0.000527596008017
7732000000,-0.00135787516324
7777000000,-0.001682364393
7823000000,-0.00158441824103
7858000000,-0.0014616894238
7927000000,-0.00233312757396
7933000000,-0.00302218004057
7995000000,-0.0013940511696
8028000000,-0.000832886878258
8060000000,-0.00183037024987
8098000000,-0.00209898945702
8131000000,-0.00207704475705
8185000000,-0.00176401607294
8220000000,-0.00164225515961
8264000000,-0.00144045154172
8316000000,0.00141957069315
8331000000,0.00414628089328
8380000000,0.00299361789646
8411000000,0.00152608556489
8473000000,0.00148103163174
8549000000,0.00138903809601
8575000000,0.000849632687785
8589000000,0.00038341293264
8615000000,0.000350686961969
8653000000,0.000161501033658
8686000000,2.55726273429e-05
8756000000,-0.000150810308442
8783000000,-0.000347613985647
8802000000,-0.000363841665453
8889000000,-0.000353755674057
8911000000,-0.000324202478394
8921000000,-0.000296541000499
8976000000,-0.000323862214872
9017000000,-0.000295154130461
9046000000,-0.000219244904837
9102000000,-0.000140672854577
9159000000,-2.99955669095e-05
9179000000,9.11591879707e-05
9217000000,0.000177728067691
9264000000,0.000249399913825
9282000000,0.000373965432257
9341000000,0.000509264353652
9376000000,0.000528318344392
9411000000,0.000567044256706
9468000000,0.000617702622659
9497000000,0.000697445785989
9549000000,0.000723367476894
9551000000,0.000771381507389
9636000000,0.000795870737774
9665000000,0.000854458053804
9695000000,0.000867109929001
9734000000,0.00066606618062
9770000000,0.000748674154583
9808000000,0.000967331403636
9869000000,0.00106339938484
9903000000,0.00110079645091
9948000000,0.00113565707697
9982000000,0.00113837844106
10000000000,0.00115873560929
10044000000,0.00115795883548
10088000000,0.00116753664247
10138000000,0.0011873859552
10181000000,0.0012112775847
10209000000,0.0012350802129
10249000000,0.001250944692
10292000000,0.00129457991407
10341000000,0.00131137092944
10372000000,0.00135270521153
10420000000,0.00136932669539
10467000000,0.00143459698404
10508000000,0.0014543322905
10547000000,0.00149527259762
10585000000,0.00153878996419
10630000000,0.00156640482338
10661000000,0.00160520696811
10701000000,0.00162423395579
10742000000,0.00163789542532
10771000000,0.00162268467495
10829000000,0.00163313852343
10870000000,0.00164375235533
10893000000,0.00164271714911
10942000000,0.00166215950148
10974000000,0.00166162265047
11015000000,0.0016971004728
11045000000,0.00170868997015
11117000000,0.00174845678251
11139000000,0.00177924969599
11171000000,0.0017893810891
11217000000,0.00178097776419
11260000000,0.00178834864621
11317000000,0.00179530797745
11344000000,0.00178496765874
11380000000,0.00131828232478
11403000000,0.00113810514001
11464000000,0.00114695034865
11482000000,0.00117486169105
11528000000,0.0012728371636
11575000000,0.00132639169571
11604000000,0.00143953139646
11668000000,0.00151911852158
11697000000,0.0016256630545
11731000000,0.00168668587759
11773000000,0.00173897260802
11820000000,0.00162845824214
11848000000,0.00180434187248
11884000000,0.00190674507641
11933000000,0.00192586379977
11967000000,0.00193311821802
12022000000,0.00190112687212
12065000000,0.00186243311642
12096000000,0.00181903924899
12147000000,0.00174800959283
12167000000,0.00192865111498
12209000000,0.0019268669699
12271000000,0.00189792881644
12285000000,0.00182757268425
12349000000,0.00177152218998
12380000000,0.001690327213
12434000000,0.00162351753627
12456000000,0.00152321557472
12510000000,0.00148349951865
12532000000,0.00144827204558
12566000000,0.00149401253606
12625000000,0.00149935019228
12664000000,0.00145886407745
12702000000,0.00143217573034
12736000000,0.00137050111217
12776000000,0.00132568069443
12829000000,0.00127060056224
12863000000,0.00118149026849
12892000000,0.00116625070237
12957000000,0.00111718666972
12974000000,0.00107623280475
13020000000,0.0010390786117
13038000000,0.00100316851101
13083000000,0.000973063668249
13145000000,0.000943684124482
13171000000,0.000889645477152
13206000000,0.000985344444303
13239000000,0.00092236283289
13296000000,0.000844303846824
13332000000,0.000747757459367
13377000000,0.000680767271348
13419000000,0.00066211010495
13448000000,0.000620921721095
13488000000,0.000616059617994
13546000000,0.000581573521627
13564000000,0.000557471621681
13600000000,0.000533836755781
13651000000,0.000515494482806
13695000000,0.000496267960443
13746000000,0.00046441812344
13778000000,0.000449918389582
13803000000,0.00036584891245
13850000000,0.00034325560407
13901000000,0.000323094158622
13952000000,0.000303613644309
13990000000,0.000246229746134
14020000000,0.000219201229882
14084000000,0.000160002192295
14093000000,0.000134784502513
14140000000,0.000144756159971
14199000000,0.000125885252404
14228000000,0.000135334239903
14260000000,0.000105339826452
14291000000,0.000115417861223
14324000000,8.58296049432e-05
14376000000,9.67871419431e-05
14412000000,6.33769008666e-05
14446000000,8.97321527674e-05
14506000000,9.22526902578e-05
14536000000,4.82264534456e-05
14572000000,4.87148640761e-05
14605000000,1.05290457299e-05
14649000000,1.56607832583e-05
14691000000,-1.54062290483e-05
14729000000,-1.24828965029e-05
14783000000,0.000429612018916
14815000000,0.000604525534717
14861000000,0.000607157250414
14891000000,0.000567059792776
14940000000,0.000492308715719
14991000000,0.000403508529167
15028000000,0.000274174358202
15060000000,0.000213999387155
15105000000,0.00016753101655
15142000000,7.9285622986e-05
15185000000,4.07608958786e-05
15227000000,-1.10966007094e-06
15251000000,5.99066470197e-05
15298000000,4.05819868509e-05
15340000000,-7.55704232542e-05
15388000000,-0.000100254133767
15394000000,-0.000119085601365
15451000000,-9.19784132704e-05
15506000000,-8.81495945247e-05
15526000000,-5.74065644079e-05
15568000000,-4.27768181873e-05
15629000000,-1.56314921347e-05
15646000000,1.01688797278e-05
15706000000,2.82823228121e-05
15743000000,5.6031970779e-05
15765000000,6.31083483599e-05
15801000000,8.50049279484e-05
15850000000,7.6156929457e-05
15894000000,8.94450678466e-05
15987000000,7.70104869347e-05
15994000000,6.42673241779e-05
16029000000,6.18138504845e-05
16068000000,6.00771971352e-05
16107000000,6.25981504078e-05
16127000000,5.39911784944e-05
16167000000,5.94671924268e-05
16216000000,4.29797442476e-05
16253000000,4.00438713254e-05
16312000000,0.00011467936293
16326000000,0.000146289539993
16397000000,9.53306762992e-05
16409000000,7.54290265073e-05
16457000000,0.000117016366975
16482000000,0.000119834074381
16531000000,0.000122292825159
16564000000,0.000127003611842
16604000000,0.000126916036388
16671000000,0.000126773464418
16685000000,0.00012463314774
16740000000,0.000118074811807
16775000000,0.000110965707553
16810000000,9.81249783727e-05
16847000000,8.27733944611e-05
16892000000,6.38027023053e-05
16935000000,-0.000159361899178
16962000000,0.000478505923023
17020000000,0.000634535509002
17052000000,0.000671610283337
17089000000,0.00062393791498
17135000000,0.000558633617875
17177000000,0.000317652653684
17210000000,0.000397278705174
17240000000,0.000381019136846
17286000000,0.000353651578335
17323000000,0.000321806615071
17385000000,0.000286499384178
17420000000,0.000252549450722
17458000000,0.000215049203769
17509000000,0.000170611111291
17543000000,0.000121131256961
17581000000,7.12937217654e-05
17612000000,1.31706801793e-05
17651000000,-4.74373756608e-05
17691000000,-0.00011589413143
17728000000,-0.000178856209048
17776000000,-0.000243386478787
17813000000,-0.0006195638011
17844000000,-0.000629378325834
17899000000,-0.00054088757016
17941000000,-0.000397156158404
17974000000,-0.000508429047601
18008000000,-0.000502413219286
18049000000,-0.000468216001335
18103000000,-0.000396041797989
18129000000,-0.000341194968788
18169000000,-0.000495064409057
18220000000,-0.000336067411069
18250000000,-0.000178956638529
18293000000,-4.73246882695e-05
18330000000,0.00010857136917
18383000000,0.000271226536175
18436000000,0.000450064738939
18462000000,0.000721695927974
18485000000,0.000947309824754
18533000000,0.000948712649578
18564000000,0.00113330055163
18622000000,0.00127874460578
18649000000,0.00148571311444
18718000000,0.0013263937689
18729000000,0.000803367589367
