%time,field
11000000,0.0
26000000,-6.64761920596e-26
26000000,1.59387573867e-21
38000000,3.26050305509e-22
55000000,1.31334650749e-21
55000000,-4.20571564679e-22
79000000,2.76831665348e-23
79000000,-2.73777869859e-22
89000000,-4.59376519387e-22
94000000,2.32662400386e-22
101000000,1.34684737161e-21
113000000,-1.03343952303e-15
121000000,-2.28206401453e-12
132000000,4.34516232646e-13
141000000,2.52464719511e-11
152000000,1.18336382208e-10
170000000,0.000857667756992
172000000,0.00256842013481
183000000,-0.00231014348883
183000000,0.00244750391509
196000000,-0.00227261113569
212000000,0.00233300745876
222000000,-0.00221980290858
232000000,-0.108429242165
241000000,-0.105891699994
250000000,-0.101557431664
263000000,-0.0959252462384
271000000,-0.0901714513214
279000000,-0.0774471395243
290000000,-0.0679203034169
298000000,-0.0643573094077
307000000,0.115189288202
321000000,0.114363524648
332000000,0.108724664391
340000000,0.104887794819
351000000,0.0497046393039
368000000,0.0441391808835
368000000,0.040662453893
382000000,0.0218298903232
392000000,0.0162540961133
401000000,0.0139660361652
407000000,0.0101693151606
421000000,0.00948137179837
430000000,0.00645496611638
442000000,0.00462274409725
458000000,0.00304308008253
458000000,0.00146844872121
471000000,0.00353067732065
479000000,0.00237464939432
490000000,0.00141053598069
501000000,0.00364510512839
511000000,0.00281780672324
528000000,0.00210275320233
543000000,0.00149218910101
543000000,0.00097768700121
553000000,0.00240605444906
555000000,0.00194793741698
565000000,0.00154324756173
580000000,0.00234396332673
589000000,0.0020086104397
596000000,0.0016718870678
612000000,0.0013690747836
619000000,0.00109968435582
631000000,0.000862668105462
641000000,0.000656443578903
651000000,0.00047905190292
657000000,0.000328536944895
672000000,0.00097376506851
673000000,0.000820347269704
691000000,0.000680949521675
692000000,0.00188887295593
708000000,0.00231744689633
720000000,0.00209205832794
731000000,0.00186751150137
740000000,0.00125226078754
749000000,0.0010664745816
765000000,0.000896011354316
771000000,0.000741502826094
773000000,0.000603122858922
788000000,0.00114920462523
798000000,0.00099798769185
810000000,0.000856364366731
810000000,0.00072547738096
830000000,0.0012403081295
842000000,0.0010920463164
850000000,0.000950701571953
860000000,0.000817931787037
870000000,0.000694906354366
878000000,0.00107298860732
888000000,0.000939730527892
901000000,0.00147347042385
910000000,0.00131377804495
917000000,0.00115850758911
929000000,0.00101024135006
941000000,0.000842474763509
954000000,0.000714810000119
962000000,0.000598258664795
963000000,0.00073163142994
975000000,0.000623972734668
987000000,0.000525275317014
1008000000,0.000435862891742
1008000000,0.000355785401552
1021000000,0.000284852757744
1030000000,0.00020914008719
1041000000,0.000156301718653
1051000000,0.000111431959929
1060000000,3.53454824041e-05
1069000000,6.8034035517e-06
1082000000,-1.56202694111e-05
1088000000,-3.27208873168e-05
1099000000,-0.000319347616425
1110000000,-0.00031074355642
1121000000,-0.00029667239507
1131000000,-0.000713990353976
1141000000,-0.000669368730542
1151000000,-0.000619012639005
1161000000,-0.000565175783036
1173000000,-0.00111721512482
1178000000,-0.00102794124967
1191000000,-0.000934182969569
1201000000,-0.00083898279793
1209000000,-0.000744747509289
1218000000,-0.00122669193696
1232000000,-0.00110686926462
1236000000,-0.000987269932257
1251000000,-0.000870544434069
1257000000,-0.00197312699272
1272000000,-0.00179461086887
1279000000,-0.00161324533053
1292000000,-0.00143368336375
1300000000,-0.00227766656339
1311000000,-0.00204409943954
1321000000,-0.00181386110735
1328000000,-0.00159142305157
1331000000,-0.00138005600978
1351000000,-0.00255195434774
1356000000,-0.00229045642498
1365000000,-0.00203261477941
1380000000,-0.00178360782163
1391000000,-0.00295629783491
1401000000,-0.00264838711109
1402000000,-0.00234603464368
1425000000,-0.0020548487536
1425000000,-0.00177889425978
1425000000,-0.00305384870877
1426000000,-0.00272640695756
1457000000,-0.00240699463799
1457000000,-0.00455602511951
1457000000,-0.00411361855913
1491000000,-0.00442510876783
1492000000,-0.00395284248241
1510000000,-0.00349183403303
1522000000,-0.00305020706098
1530000000,-0.00430091989145
1539000000,-0.00382052599705
1552000000,-0.00335609432652
1559000000,-0.00291484161181
1574000000,-0.00416596442914
1579000000,-0.00368647716617
1593000000,-0.00322601880732
1603000000,-0.00279096343105
1609000000,-0.00238564535468
1622000000,-0.00351691772935
1631000000,-0.00309191332421
1634000000,-0.00268781955177
1649000000,-0.00230923649512
1663000000,-0.00319226829878
1670000000,-0.00280043882032
1681000000,-0.00242916531122
1693000000,-0.00312815043632
1703000000,-0.00275018037061
1708000000,-0.00239094264706
1719000000,-0.00205463052871
1719000000,-0.00174391060626
1719000000,-0.00146036346925
1758000000,-0.00120463376163
1758000000,-0.00097655845794
1771000000,-0.00142045112306
1783000000,-0.00120462599485
1790000000,-0.00173140096018
1801000000,-0.00151016790878
1810000000,-0.0013026172188
1818000000,-0.00111056217031
1831000000,-0.000330070686946
1839000000,-0.000204586225108
1852000000,-0.000101799516687
1852000000,0.000575324828256
1870000000,0.000604911424169
1883000000,0.000613819445904
1890000000,0.000606161301336
1901000000,0.00155462727548
1911000000,0.00146100652668
1919000000,0.00135352816392
1919000000,0.00123748989421
1919000000,0.00111721228884
1950000000,0.000996187644893
1950000000,0.00258611074107
1970000000,0.0023761574801
1980000000,0.0284830040892
1989000000,0.0267145947831
2001000000,0.0247218145417
2011000000,0.022597044228
2020000000,0.0289205744187
2027000000,0.0262327172623
2040000000,0.0235263829354
2049000000,0.0208662049818
2059000000,0.0183022375477
2071000000,0.0177870376265
2079000000,0.0153929500502
2079000000,0.0131611297515
2102000000,0.0111071326852
2112000000,0.00923943191252
2120000000,0.00640723271337
2129000000,0.00498687329137
2140000000,0.00137108089756
2151000000,0.000456693800035
2158000000,-0.000274247022806
2171000000,-0.000844304715494
2181000000,-0.00127471131662
2190000000,-0.00412691215921
2202000000,-0.00418697050407
2211000000,-0.00414047145686
2222000000,-0.0122049726868
2232000000,-0.01155563873
2239000000,-0.0107842512916
2251000000,-0.00993484490508
2259000000,-0.00904284167024
2270000000,-0.00494748123431
2279000000,-0.00425976204225
2290000000,-0.00362219848938
2301000000,-0.00223787699704
2304000000,-0.00175323417465
2324000000,-0.00133156784672
2329000000,-0.000969005407078
2342000000,-0.00101587515208
2347000000,-0.00073599094675
2360000000,-0.000498458196612
2367000000,-0.000299551298287
2381000000,-0.00013550453614
2389000000,-2.54677542369e-06
2397000000,-0.000549759356067
2415000000,-0.000424583720413
2419000000,-0.00167511248967
2429000000,-0.00149417369208
2442000000,-0.00131738499916
2451000000,-0.00114773658961
2458000000,-0.00152785115007
2471000000,-0.00134251032857
2481000000,-0.00116538760642
2488000000,-0.000998577810783
2501000000,-0.00282572563234
2511000000,-0.00256465000292
2517000000,-0.00230049421455
2531000000,-0.00436343508605
2536000000,-0.00397166305187
2545000000,-0.00357279202285
2561000000,-0.00317721213885
2569000000,-0.00279298953412
2581000000,-0.00242639197571
2589000000,-0.00451952980554
2601000000,-0.00405077369344
2611000000,-0.00358951696587
2619000000,-0.00314434221631
2628000000,-0.00272177508897
2639000000,-0.00561458745062
2651000000,-0.00516641571062
2658000000,-0.0101696102601
2668000000,-0.00931284282647
2675000000,-0.00842782498597
2684000000,-0.00754045004197
2699000000,-0.00667098249764
2699000000,-0.00583504905772
2720000000,-0.00730844538241
2731000000,-0.00643202347102
2741000000,-0.0110800850238
2750000000,-0.0099657469942
2756000000,-0.00886342165932
2756000000,-0.00779511371224
2756000000,-0.00677756946463
2756000000,-0.00582273716529
2799000000,-0.00493875240559
2799000000,-0.00721473591273
2799000000,-0.00630361206608
2830000000,-0.0418009241737
2837000000,-0.0387200421891
2837000000,-0.0354247342871
2844000000,-0.0320344070326
2844000000,-0.0286451496635
2844000000,-0.0253330466522
2889000000,-0.024918156229
2900000000,-0.0217128973015
2910000000,-0.0187009422894
2920000000,-0.0159091391084
2921000000,-0.0133534751731
2941000000,-0.0110411829112
2951000000,0.00147289636232
2961000000,0.00271967013787
2971000000,0.00363913644578
2979000000,0.0042811576459
2990000000,0.00469005105056
3002000000,0.0160531488287
3007000000,0.0154896281391
3020000000,0.0309289111048
3030000000,0.029019952349
3039000000,0.0268644757396
3046000000,0.0245630404821
3056000000,0.0221980019349
3066000000,-0.00708355748912
3081000000,-0.00781056849143
3090000000,-0.0082085852727
3104000000,-0.00323165628038
3109000000,-0.00343561148642
3118000000,-0.00352191304698
3129000000,-0.00351317623973
3138000000,0.00251356977896
3149000000,0.00230406782566
3155000000,0.00208453571249
3173000000,0.00186188064305
3180000000,0.00164207036532
3189000000,0.0595326325363
3198000000,0.0556856525992
3207000000,0.0514047580182
3221000000,0.0703708241215
3227000000,0.0644667065323
3241000000,0.0583708047301
3251000000,0.0522583357619
3261000000,0.0537326706078
3273000000,0.0474792741316
3289000000,0.0414868729814
3296000000,0.0358340646729
3296000000,0.0305757380389
3314000000,0.0232572818072
3314000000,0.0190233018128
3330000000,0.015260319529
3339000000,0.0119526090139
3356000000,0.00907776720432
3362000000,0.00660834561854
3362000000,0.00451389618284
3380000000,-0.000543189870768
3386000000,-0.0446013082503
3400000000,-0.0426726791944
3411000000,-0.0401979598064
3420000000,-0.0373483334745
3434000000,-0.0342670148922
3439000000,-0.0147962813039
3449000000,-0.0126669678465
3458000000,-0.00564520338366
3469000000,-0.00416377724933
3479000000,-0.0029030719242
3485000000,-0.00184442938118
3500000000,-0.000298700817646
3512000000,0.000375038439374
3522000000,0.000898057563779
3527000000,0.0012907026046
3542000000,0.00157184136399
3550000000,0.00191481708912
3557000000,0.0020148347218
3571000000,0.00204931349561
3582000000,0.00201927599405
3590000000,0.00196159958225
3597000000,0.00187344988307
3597000000,0.00176330998517
3622000000,0.00163817421587
3622000000,0.00150415772879
3641000000,0.000998382565979
3641000000,0.000882172856872
3658000000,0.000772476495881
3669000000,-0.000546198337639
3679000000,-0.00057168063494
3688000000,-0.000577139699145
3700000000,-0.00215348802297
3707000000,-0.00202921114362
3716000000,-0.00188391469686
3716000000,-0.00172504415851
3716000000,-0.00155891836361
3745000000,-0.00139062151829
3746000000,-0.00410517220502
3769000000,-0.00942112435572
3781000000,-0.00873875117243
3792000000,-0.00800307257096
3800000000,-0.00724155714051
3813000000,-0.00647664727251
3819000000,-0.0620608130485
3831000000,-0.0581091836025
3839000000,-0.0536910107498
3851000000,-0.0689028599637
3858000000,-0.0629166395329
3870000000,-0.0567889267898
3879000000,-0.050686984427
3888000000,-0.0447420658547
3901000000,-0.0383010218897
3913000000,-0.0329925823137
3927000000,-0.0280700761028
3927000000,-0.0235618339882
3927000000,-0.0194810212698
3949000000,-0.011351947409
3956000000,-0.00841111900359
3956000000,-0.00590481705332
3980000000,-0.00379736249155
3989000000,-0.00205178807848
4002000000,0.0419572963375
4011000000,0.040650324392
4019000000,0.0387093018612
4030000000,0.0464824547477
4037000000,0.0431843737851
4053000000,0.039618632164
4061000000,0.00364271089919
4072000000,0.00190746185976
4080000000,0.000497162164723
4088000000,-0.00062572535515
4096000000,-0.00149711845147
4103000000,-0.000276335111653
4120000000,-0.000846442452524
4121000000,-0.00127730579806
4135000000,-0.000377248628839
4148000000,-0.000659372150902
4160000000,-0.000867926478783
4171000000,-0.00101402252058
4181000000,-0.0011075980002
4187000000,-0.000317102649907
4203000000,-0.000382616999248
4211000000,-0.000427011664335
4216000000,-0.000453873639119
4228000000,0.000616548346228
4238000000,0.000556096688574
4251000000,0.000494344420509
4260000000,0.000432723792709
4271000000,0.00315996122409
4281000000,0.00291669123481
4291000000,0.00265775372306
4302000000,0.0048066690337
4308000000,0.00439651958898
4319000000,0.00397250349186
4328000000,0.0035470560105
4340000000,0.00312987973162
4352000000,0.00735580754869
4358000000,0.00669231116695
4366000000,0.00601724501599
4381000000,0.0625789604342
4391000000,0.0587341019478
4398000000,0.0543807329897
4408000000,0.0497304533076
4421000000,0.0637639485316
4429000000,0.0579610369596
4438000000,0.0520912128666
4439000000,0.0462981336979
4461000000,0.0428752927282
4471000000,0.0374195622473
4481000000,0.0322813600061
4491000000,0.0275088566092
4501000000,0.0231318023923
4511000000,0.0121914313934
4521000000,0.009090969216
4529000000,0.00644376817684
4541000000,0.00421323405687
4554000000,-0.0392453901991
4554000000,-0.0381479069271
4554000000,-0.0364290188473
4581000000,-0.0342591144313
4595000000,-0.0174717125957
4601000000,-0.015648690806
4610000000,-0.007811106255
4620000000,-0.00642322723844
4630000000,-0.00518471376978
4641000000,-0.00409225510148
4647000000,-0.00246863887647
4660000000,-0.00168618886724
4671000000,-0.00103120503815
4682000000,-0.000491197465171
4690000000,-5.37026388177e-05
4697000000,0.000293338228689
4711000000,0.000363195476035
4722000000,0.000574212148798
4731000000,0.000728826457724
4741000000,0.000835585293867
4750000000,0.000360430697492
4759000000,0.000430612277293
4772000000,0.000478035949425
4781000000,-0.000900509389675
4785000000,-0.000799547074943
4799000000,-0.000700331421478
4810000000,-0.000604659343755
4821000000,-0.00292338602353
4830000000,-0.002680583571
4839000000,-0.00242686586242
4850000000,-0.00217012331958
4865000000,-0.045873611652
4871000000,-0.042814764661
4884000000,-0.0394439752504
4890000000,-0.0517447837055
4900000000,-0.0472380058665
4909000000,-0.0426274156158
4927000000,-0.0380375978211
4928000000,-0.033567658671
4940000000,-0.0292923856141
4958000000,-0.0295411614991
4958000000,-0.0255388810623
4963000000,-0.0218117635316
4980000000,-0.0183850584059
4992000000,-0.0137871147308
4997000000,-0.0110801866283
5009000000,-0.00869843913954
5022000000,0.0351898327143
5030000000,0.0346374294307
5042000000,0.0334229910224
5048000000,0.0187891932503
5062000000,0.0175311123422
5069000000,0.0161481812832
5080000000,0.014697511674
5094000000,0.00804234011461
5101000000,0.00690561963856
5111000000,0.00585596134138
5119000000,0.00489833038735
5131000000,0.00140038823312
5142000000,0.000788494490799
5150000000,0.000289056645832
5166000000,-0.000110603325009
5170000000,-0.000422715982013
5181000000,-0.000658859867638
5189000000,-0.000829887523459
5203000000,-0.00276688950324
5210000000,-0.00272246174965
5217000000,-0.00262638091897
5231000000,-0.00249184642822
5237000000,-0.00524334111631
5250000000,-0.00487340868207
5256000000,-0.00447286554117
5269000000,-0.0063794365722
5278000000,-0.00580950703043
5290000000,-0.00523059505127
5297000000,-0.00443676269518
5311000000,-0.00389379126894
5320000000,-0.00337925857891
5330000000,-0.00445318360692
5342000000,-0.00391896214072
5349000000,-0.00341086702353
5360000000,-0.00293486436716
5369000000,-0.00249488645384
5380000000,-0.00292182506816
5389000000,-0.00251185670223
5401000000,-0.0021335728078
5410000000,-0.0018730412066
5421000000,-0.00155740920694
5431000000,-0.00127512428087
5439000000,-0.00102543970157
5449000000,-0.000807049970018
5460000000,-0.000618313229235
5471000000,0.00055632706167
5481000000,0.000624193625054
5488000000,0.000661971135854
5495000000,0.00231202617216
5511000000,0.00221586563113
5517000000,0.00208893169137
5532000000,0.00194026788528
5539000000,0.0416924511273
5549000000,0.0392351950951
5558000000,0.0364153650752
5570000000,0.033375818347
5582000000,0.0449128213187
5586000000,0.0408944984219
5602000000,0.0368107837859
5611000000,0.032767130833
5621000000,0.033610778762
5632000000,0.029561780196
5639000000,0.0257079199705
5648000000,0.0220941617337
5662000000,0.0187510582042
5672000000,-0.031007217636
5681000000,-0.0307164567728
5694000000,-0.0152596879329
5694000000,-0.0146843285086
5712000000,-0.0139050144116
5720000000,-0.0129808514153
5730000000,-0.0119630504925
5738000000,-0.00375311710549
5751000000,-0.00305855326913
5759000000,-0.00244307584503
5771000000,-0.00190457667079
5778000000,-0.00143863509972
5788000000,-0.00104034389175
5802000000,-0.000704154477305
5802000000,0.00361687358171
5828000000,0.00358204429096
5831000000,0.00347352734619
5831000000,0.00832966730426
5851000000,0.00779100479937
5861000000,0.0362937986217
5869000000,0.0339914498368
5880000000,0.0314151888271
5889000000,0.0300116760976
5898000000,0.0271390877038
5908000000,0.0242677248305
5922000000,0.0214617582273
5928000000,0.0187703698911
5939000000,0.00933639835622
5948000000,0.00735627115331
5969000000,0.00563253819738
5971000000,0.00414872487107
5987000000,0.00288727183286
5992000000,0.00182941697386
5999000000,-0.00900376527072
6009000000,-0.00910077047984
6020000000,-0.00677381250987
6027000000,-0.00660859404278
6039000000,-0.00632923942766
6049000000,-0.00596611540257
6062000000,-0.0044768875392
6069000000,-0.00408887058481
6081000000,-0.00368968940946
6090000000,-0.00329062043955
6101000000,-0.00290078552057
6109000000,-0.00252674906141
6122000000,-0.00316066866919
6133000000,-0.00276560201914
6140000000,-0.00544101743897
6151000000,-0.00489352036054
6159000000,-0.00434981030687
6169000000,-0.00382171464122
6182000000,-0.00331754397841
6189000000,-0.0539309985424
6200000000,-0.0501521820564
6201000000,-0.0460485392809
6213000000,-0.0417809346282
6231000000,-0.0577593405594
6241000000,-0.0523104351243
6253000000,-0.0468435361595
6261000000,-0.0503663208784
6271000000,-0.0446916316073
6278000000,-0.0392173205572
6287000000,-0.0340237307854
6304000000,-0.0274242526008
6331000000,-0.023050448154
6332000000,-0.01908702187
6335000000,-0.0155355582891
6346000000,-0.0123881654844
6349000000,-0.00785524012046
6361000000,-0.00557406360382
6371000000,0.0334664013577
6381000000,0.0327360808267
6388000000,0.0314281705652
6400000000,0.0296946603107
6408000000,0.0276645325008
6419000000,0.0254461765788
6429000000,0.0231291165046
6443000000,0.00745003770313
6452000000,0.00597570574834
6459000000,-0.00654192520192
6469000000,-0.00693394328581
6479000000,-0.00708740779427
6491000000,-0.00704947378076
6501000000,-0.00686164447678
6511000000,-0.00655988749493
6519000000,-0.00617518838821
6532000000,0.00189791465231
6543000000,0.00397615803473
6547000000,0.00384350727056
6560000000,0.0036526910955
6571000000,0.00342023248213
6571000000,0.00316016941761
6592000000,0.00288412593193
6600000000,-0.00585048925928
6610000000,-0.00564747891705
6619000000,-0.00536149875846
6630000000,-0.0100546327712
6640000000,-0.00935559757356
6648000000,-0.00859628415563
6658000000,0.00560858617733
6669000000,0.00565563100982
6681000000,0.00556348908328
6691000000,0.00536520304898
6700000000,0.015833585657
6711000000,0.0148537904934
6735000000,0.0137475392852
6735000000,0.0125665976548
6749000000,0.0113531120599
6749000000,0.0101413219532
6759000000,0.0166187553401
6771000000,0.0253830547823
6779000000,0.0231923813176
6791000000,0.0209451999705
6792000000,0.0187040391101
6806000000,0.0165177012546
6817000000,-0.0197580160044
6831000000,-0.0195882344141
6840000000,-0.019017501545
6849000000,-0.01814380962
6861000000,-0.00735218996946
6872000000,-0.00665289735728
6876000000,-0.00595604378169
6890000000,-0.00527563245994
6904000000,0.000210608280843
6911000000,0.000535861291295
6922000000,0.000778076770493
6932000000,0.00533560654444
6941000000,0.00518931764245
6942000000,0.00495548296048
6959000000,0.00465784360527
6969000000,0.00431697116097
6982000000,0.0580928808999
6990000000,0.0545326623635
6996000000,0.0505028114209
7007000000,0.0461940908111
7007000000,0.0417623739566
7031000000,0.0526060208398
7039000000,0.0472807364766
7040000000,0.0420246289267
7061000000,0.0395123880058
7071000000,0.0345235136083
7077000000,0.0298181170017
7092000000,0.0254418538605
7092000000,0.0214229960589
7111000000,0.0109495824286
7111000000,0.00809707419062
7129000000,0.00566796002525
7129000000,0.00362690117034
7152000000,0.00193740159811
7160000000,-0.034512171368
7173000000,-0.0332717364168
7181000000,-0.0399454796579
7191000000,-0.0373771103283
7201000000,-0.0345161336441
7209000000,-0.0314886785116
7222000000,0.000690154416654
7231000000,0.00213821761558
7237000000,0.00322897255535
7252000000,0.00401708123532
7258000000,0.00454901340746
7271000000,0.00296733846476
7280000000,0.00323426620852
7292000000,0.00176126047333
7302000000,0.0018955748504
7315000000,0.00196043279335
7318000000,0.00196921258118
7322000000,0.0019328199165
7336000000,0.00186155159002
7347000000,0.00176472093753
7359000000,0.000521554792477
7369000000,0.000464652240701
7378000000,0.000410656027363
7391000000,0.0195925421897
7399000000,0.0184435830815
7409000000,0.017126020662
7421000000,-0.0103360596171
7431000000,-0.0102765001126
7450000000,-0.00999780376228
7451000000,-0.00955307729822
7467000000,-0.00898777510681
7467000000,-0.00833987271669
7480000000,-0.0208024319721
7487000000,-0.0192721899501
7499000000,-0.0176340153072
7510000000,-0.0142885874256
7528000000,-0.0126966364113
7531000000,-0.0111569556908
7549000000,-0.00969290662658
7552000000,0.0273858825219
7553000000,0.0266600310716
7572000000,0.0254882084435
7579000000,0.0239952880668
7591000000,0.0222828486369
7603000000,0.0102655247488
7606000000,0.00901832514004
7621000000,0.00783487839571
7631000000,0.00672810664456
7641000000,-0.00751391292435
7650000000,-0.00766906366582
7661000000,-0.0118517783774
7671000000,-0.0113909687202
7680000000,-0.0107711951764
7692000000,-0.0100401796578
7696000000,-0.0382718878695
7712000000,-0.0358441413819
7719000000,-0.03313057118
7729000000,-0.0302492026346
7739000000,-0.0380454888206
7752000000,-0.0344630473228
7761000000,-0.0308669280288
7768000000,-0.0273413091717
7783000000,-0.0282310402073
7790000000,-0.0247876401598
7800000000,-0.0215188495811
7808000000,-0.0184604678642
7819000000,-0.0156363679455
7823000000,-0.0117679773435
7839000000,-0.00951592467662
7851000000,-0.00752742229891
7862000000,-0.00579137387127
7874000000,-0.00275294213824
7883000000,-0.00157830287275
7898000000,-0.000616796776104
7913000000,0.000155228195928
7913000000,0.000760460013659
7921000000,-0.0100398236391
7927000000,-0.0090279686184
7936000000,-0.00802833640342
7945000000,-0.015865078884
7960000000,-0.0143922768448
7970000000,-0.0129095012529
7980000000,-0.0114522424112
7991000000,-0.0100479646883
8001000000,0.0126514527806
8001000000,0.0127020969524
8001000000,0.0124548641874
8028000000,0.0119807445356
8041000000,0.0184298492215
8051000000,0.0172059395727
8064000000,0.0158557390862
8072000000,0.00147751497551
8083000000,0.000795995660149
8084000000,0.000240507755717
8101000000,-0.000203479965305
8108000000,-0.000549588544845
8111000000,-0.00422316876223
8111000000,-0.004193378496
8117000000,-0.00407698465978
8151000000,-0.00361627686415
8159000000,-0.00340468370967
8163000000,-0.00316303470158
8176000000,-0.00290309622625
8190000000,0.00143203962563
8197000000,0.00146236301881
8209000000,0.00145215697619
8220000000,0.00141017134055
8233000000,0.0028814882632
8240000000,0.00269709642018
8253000000,0.00248981933562
8261000000,0.00226903411609
8264000000,0.00466421778246
8279000000,0.00428451313474
8291000000,0.00388770462053
8300000000,0.00348625376386
8306000000,0.00308994323438
8321000000,0.0396627660756
8329000000,0.0370782707072
8341000000,0.0690497550578
8352000000,0.063836816035
8365000000,0.0582987893081
8380000000,0.0526287193507
8391000000,0.04698146715
8391000000,0.0414785768349
8401000000,0.0217468873829
8422000000,0.0177494190347
8422000000,0.0142016578532
8432000000,-0.00797723149626
8437000000,-0.00956066441691
8452000000,-0.0105941395558
8462000000,-0.0111717423826
8471000000,-0.0113770076618
8486000000,-0.0118564934304
8490000000,-0.0114941830491
8498000000,-0.0109513437987
8509000000,-0.0102783828531
8520000000,-0.00951792587638
8520000000,-0.0087054834417
8541000000,-0.00787020423213
8549000000,-0.00703546600065
8555000000,-0.00738143060358
8567000000,-0.00652324016102
8578000000,-0.0127795311046
8593000000,-0.0177605923517
8600000000,-0.0162386097132
8607000000,-0.014677065332
8621000000,-0.0135379505257
8630000000,-0.0119888281245
8633000000,-0.0104992727946
8651000000,-0.00909000371049
8657000000,-0.0102084967528
8668000000,-0.00884858702184
8681000000,-0.00757828620972
8691000000,-0.00820056949704
8700000000,-0.00703506222209
8709000000,-0.00595901176924
8721000000,-0.00497722768851
8730000000,-0.00409163540146
8737000000,-0.00330166995057
8748000000,-0.00260466961988
8759000000,-0.00427569182538
8769000000,-0.00361418920063
8780000000,-0.00301139540198
8791000000,-0.00496857780078
8796000000,-0.00432505145339
8802000000,-0.00372068939947
8802000000,-0.00316066143729
8802000000,-0.00264816017564
8802000000,-0.00218445382025
8851000000,-0.00197344002882
8851000000,-0.00159306150246
8851000000,-0.00125732516178
8880000000,-0.000964283885619
8880000000,-0.000711419796282
8901000000,-0.000364905198721
8912000000,-0.000191273413659
8921000000,0.000321110422606
8921000000,0.000409238113388
8941000000,0.000830996490528
8949000000,0.000847683153758
8976000000,0.000842085894644
8976000000,0.000819018162947
8976000000,0.000782788832975
8976000000,0.00037661077715
9000000000,0.000343873042693
9011000000,0.000310471243165
9022000000,0.000654083457214
9033000000,0.000600853067274
9033000000,0.000545487767147
9052000000,0.00148108834474
9062000000,0.00136956519179
9070000000,0.00125106848185
9076000000,0.00112967944953
9076000000,0.0010087530433
9099000000,0.000890872917842
9117000000,0.00177613721392
9121000000,0.00160585207611
9133000000,0.00143577323817
9135000000,0.00126960548452
9135000000,0.00111015021724
9135000000,0.00241351056776
9169000000,0.00219186589655
9179000000,0.00196803204204
9190000000,0.0032690754212
9199000000,0.00295467120035
9211000000,0.00264067566605
9222000000,0.0034760744907
9237000000,0.00311952564934
9237000000,0.00276871107479
9264000000,0.00243012415474
9264000000,0.00210868748389
9264000000,0.00180806668224
9264000000,0.0015305694183
9282000000,0.00218246687887
9311000000,0.00189511721677
9311000000,0.0016260783682
9311000000,0.00298706658362
9338000000,0.00266340532958
9340000000,0.0023485264152
9350000000,0.00378630409288
9360000000,0.00339644333692
9370000000,0.0030130030093
9382000000,0.00289352808653
9394000000,0.00252875836624
9400000000,0.00218449798781
9411000000,0.00186406920682
9422000000,0.00205572003767
9429000000,0.00175608880753
9443000000,0.00148047790322
9450000000,0.00122998077688
9450000000,0.00100487130096
9474000000,0.000804795664488
9478000000,0.00126009477535
9492000000,0.00108645141423
9501000000,0.00194594806136
9511000000,0.00172478588329
9521000000,0.00151167145301
9530000000,0.0013096979525
9540000000,0.00112100944316
9550000000,0.00128899652455
9561000000,0.00111179928897
9571000000,0.000947197896036
9580000000,0.001423165956
9591000000,0.00125021367869
9598000000,0.00108578014335
9598000000,0.000931740520361
9598000000,0.000789344565166
9619000000,0.000659296546755
9619000000,0.000860141228829
9649000000,0.000736791576089
9659000000,0.000622965794599
9671000000,0.00127207778069
9681000000,0.0011323468076
9686000000,0.00099676499624
9700000000,0.00103093913606
9709000000,0.000899766642964
9718000000,0.000776197327828
9728000000,0.000661348300471
9744000000,-0.0020963797004
9751000000,-0.00204695978159
9751000000,-0.00196258645528
9771000000,-0.000762490455313
9780000000,-0.000693782334524
9791000000,-0.000624064262827
9800000000,-0.0005552729187
9810000000,0.0023131221479
9821000000,0.00230353393198
9832000000,0.00217747873194
9840000000,0.00202923013357
9851000000,0.0018668900414
9864000000,0.00169709826276
9869000000,0.0027797839207
9875000000,0.00253816785706
9876000000,0.00229082109847
9893000000,0.00204451067913
9906000000,0.00228777618005
9920000000,0.00202918117315
9931000000,0.00177996283041
9941000000,0.00154369106599
9952000000,0.00178279734054
9961000000,0.00155398672641
9972000000,0.00133887902957
9983000000,0.00113935220936
9986000000,0.000991913465507
10001000000,0.000824422932596
10011000000,0.000932792524226
10021000000,0.000782552317768
10033000000,0.00064662895477
10041000000,0.00052501745846
10056000000,0.000407378849591
10063000000,0.000313802275159
10072000000,0.000233105572235
10084000000,0.000164346560986
10088000000,0.000106471860031
10098000000,0.000179513012354
10111000000,0.000132471640275
10120000000,9.24287233522e-05
10131000000,5.87799857795e-05
10141000000,3.10152005536e-05
10150000000,8.5103921211e-06
10162000000,0.000239711866002
10162000000,0.000209217148424
10186000000,0.000180513560132
10192000000,0.000465844941651
10197000000,0.000423512202421
10209000000,0.000380690457396
10209000000,0.000338506283631
10209000000,0.000610128464544
10242000000,0.000553889437431
10249000000,0.00049715275064
10261000000,0.000645179434489
10266000000,0.000578806077354
10285000000,0.000513539524116
10285000000,0.000450710777405
10297000000,0.000391187545932
10312000000,0.000905369639963
10320000000,0.000821357759665
10330000000,0.000736761883973
10337000000,0.000653614677768
10350000000,0.000789218845901
10361000000,0.000700040308095
10371000000,0.000614172956668
10379000000,0.00106092397636
10388000000,0.000951734055437
10402000000,0.000844401466709
10402000000,0.000740913652873
10418000000,0.000642790033827
10428000000,0.000763518884087
10440000000,0.000665676171906
10449000000,0.000573721272899
10459000000,0.00048840558329
10472000000,0.00126707885123
10480000000,0.00114833580386
10491000000,0.00102905853829
10500000000,0.000912019583087
10510000000,0.00105971256741
10523000000,0.000939012915994
10529000000,0.000822828226891
10540000000,0.000712865218252
10550000000,0.00114486424463
10561000000,0.00101970188087
10571000000,0.000898208632284
10580000000,0.00078244376079
10592000000,0.00123650987211
10598000000,0.00110197779828
10605000000,0.00097129061237
10618000000,0.000846567717817
10630000000,0.00109369543903
10636000000,0.000965006953262
10647000000,0.000842138594328
10661000000,0.000726539835889
10664000000,0.000619217308182
10664000000,0.000520781626426
10688000000,0.000924509371139
10701000000,0.000812967668232
10711000000,0.000947352422453
10719000000,0.000832296010671
10730000000,0.000723092455906
10742000000,0.000800442236048
10752000000,0.000696008385006
10762000000,0.000598140247878
10771000000,0.000507624378056
10778000000,0.00023067996172
10786000000,0.000168307414319
10800000000,0.000115506716355
10811000000,7.14312584128e-05
10820000000,3.51182450387e-05
10830000000,5.77028039547e-06
10841000000,0.000114553977302
10851000000,8.80711406045e-05
10859000000,6.52930556418e-05
10870000000,0.000186057256304
10880000000,0.000162300126684
10891000000,0.000139988939239
10901000000,0.000106178010991
10911000000,8.81059073782e-05
10921000000,7.19430642698e-05
10930000000,5.76696912899e-05
10941000000,4.52452416616e-05
10950000000,0.000285784361065
10959000000,0.000261582210537
10970000000,0.000236679201949
10974000000,0.000211803128684
10988000000,0.000187474565895
10988000000,0.000157242815556
11015000000,0.000135711665483
11022000000,0.000115817115922
11029000000,0.000561237918446
11042000000,0.000518218201462
11050000000,0.000624020212296
11059000000,0.00056889776352
11075000000,0.000512792497604
11081000000,0.000457140391935
11090000000,0.000403162022105
11100000000,0.000351719221289
11109000000,0.000303313402123
11120000000,0.000757466090477
11130000000,0.000683091939984
11141000000,0.000609236390873
11149000000,0.000939498926878
11162000000,0.000848016014552
11171000000,0.000757010577642
11181000000,0.000798596305946
11191000000,0.000705857990282
11200000000,0.000617023416819
11211000000,0.000533248095831
11221000000,0.000345093831241
11227000000,0.000279758242484
11241000000,0.000222169892627
11248000000,0.000171910708964
11257000000,0.000128482023323
11269000000,0.000184655069743
11281000000,0.000147343955559
11290000000,0.000114735927504
11301000000,8.65389460714e-05
11310000000,6.25205681583e-05
11321000000,0.000134140488968
11329000000,0.000112490907856
11341000000,9.3113559318e-05
11347000000,-5.97599398213e-05
11356000000,-6.72189343044e-05
11356000000,-7.13424475241e-05
11379000000,-7.26663880881e-05
11392000000,-0.00606879611139
11400000000,-0.00569801314052
11403000000,-0.00527803381978
11403000000,-0.00482874568492
11403000000,-0.00436637762295
11439000000,-0.00625693433412
11452000000,-0.00567020345408
11461000000,-0.00508046300793
11472000000,-0.00438636507553
11479000000,-0.00383613435717
11482000000,-0.00331655292844
11504000000,-0.00247012880143
11512000000,-0.00204663461972
11513000000,-0.00166693911324
11530000000,-4.43744537142e-05
11541000000,0.000179072383143
11544000000,0.000351006176871
11544000000,0.000478691757695
11571000000,0.000568614629933
11580000000,0.00131937566346
11590000000,0.00130960638776
11601000000,0.00127267675349
11610000000,0.00268498757659
11613000000,0.0025261097972
11627000000,0.00234433687901
11639000000,0.00214858518333
11639000000,0.00194622093574
11639000000,0.00174312522088
11640000000,0.00154409601202
11676000000,0.00135270456244
11676000000,0.00217035668167
11700000000,0.00333313562255
11712000000,0.00302607611175
11725000000,0.00271614317226
11728000000,0.00241101301732
11741000000,0.0029136730372
11750000000,0.00258846510026
11759000000,0.00227425456603
11770000000,0.00197566974716
11783000000,0.00236421929394
11791000000,0.00206391186238
11797000000,0.0017809840996
11812000000,0.00151810843836
11821000000,0.00127696532215
11831000000,-0.000348825412485
11839000000,-0.000454668598051
11848000000,-0.000527922430378
11860000000,-0.000573902421777
11871000000,0.0016876199546
11878000000,0.00154826643956
11895000000,0.00140378877215
11903000000,0.00259575576538
11911000000,0.00237639109463
11922000000,0.00215023107725
11931000000,0.00192381303655
11941000000,0.00195453295383
11951000000,0.00172795737697
11959000000,0.0015108002605
11970000000,0.00130588763331
11980000000,0.00120836306966
11990000000,0.00102734350689
12006000000,0.000861674060882
12009000000,0.000711839187485
12020000000,0.000577811151575
12032000000,4.59565576225e-05
12038000000,-3.2770703793e-05
12039000000,-9.40537011722e-05
12049000000,-0.00014020841181
12067000000,-0.000681718108807
12078000000,-0.000675443664629
12090000000,-0.000655363820582
12103000000,-0.00118890293113
12112000000,-0.00111755436362
12118000000,-0.00103615655869
12118000000,-0.000948867853444
12137000000,-0.000858799637685
12150000000,-0.00169208113287
12157000000,-0.00154943240307
12166000000,0.000956725806315
12185000000,0.000968960363583
12190000000,0.000956970465897
12190000000,0.000926063277355
12215000000,0.000881065720855
12223000000,0.000802719728612
12226000000,0.000742248612946
12238000000,0.000678028355962
12253000000,0.000612369699372
12261000000,0.000547131782064
12270000000,0.000101749430111
12282000000,6.17074790902e-05
12290000000,-0.000889978877677
12300000000,-0.000863688416605
12312000000,-0.000823550057663
12320000000,-0.000773329955295
12330000000,-0.000716211507239
12341000000,-0.000655025971704
12349000000,-0.00132027495285
12360000000,-0.00121453190417
12379000000,-0.000991791659335
12393000000,-0.00191258394986
12404000000,-0.0017393746137
12412000000,-0.00156369914843
12422000000,-0.00139021725367
12430000000,-0.00122222601039
12440000000,-0.00191606802147
12447000000,-0.0017125120679
12460000000,-0.0028167741594
12470000000,-0.00254945409793
12473000000,-0.00228141396624
12473000000,-0.00201910662193
12496000000,-0.00176703292087
12512000000,-0.00205275079781
12521000000,-0.00180181985765
12532000000,-0.00156377572449
12539000000,-0.00178584704107
12553000000,-0.00155099329847
12561000000,-0.00133113452211
12566000000,-0.00112800734686
12580000000,-0.000942608674553
12591000000,-0.000193333267351
12600000000,-8.13470535176e-05
12609000000,8.80899170933e-06
12620000000,7.98435797837e-05
12629000000,0.000203846780167
12642000000,0.000239683439377
12651000000,0.000262632965311
12659000000,0.000274880661047
12670000000,-0.000252752538196
12681000000,-0.000226421769049
12689000000,-0.000200330545826
12699000000,-0.000175097244488
12710000000,-0.000492299819273
12713000000,-0.000448653215261
12729000000,-0.000404157766223
12737000000,-0.00035987758912
12750000000,-0.00111382140862
12762000000,-0.00102479375853
12772000000,-0.00093147898273
12781000000,-0.0014193507525
12792000000,-0.00129192967753
12803000000,-0.00116251728259
12808000000,-0.00103438518107
12822000000,-0.00091018944437
12831000000,-0.000791783934217
12840000000,-0.00137604609499
12843000000,-0.00122765204869
12843000000,-0.00108315734187
12869000000,-0.00210350543253
12879000000,-0.00190532324128
12890000000,-0.00170638903769
12898000000,-0.00170821235826
12911000000,-0.00150862937051
12917000000,-0.00131747268648
12917000000,-0.00113730331548
12917000000,-0.000969787768457
12917000000,-0.000816016312336
12968000000,-0.00132037657511
12970000000,-0.00115926497346
12982000000,-0.0015385471892
12989000000,-0.00136393127151
13001000000,-0.00119575839209
13012000000,-0.00103639891614
13020000000,-0.000887578821639
13031000000,-0.000750338869215
13041000000,-0.00109451855703
13050000000,-0.000951245852516
13062000000,-0.00081692152424
13066000000,-0.00115422367797
13078000000,-0.001012504596
13078000000,-0.000878129927845
13111000000,-0.000752535230033
13111000000,-0.000636704507288
13111000000,-0.000531066814996
13125000000,-0.000435821595026
13125000000,-0.000350977163207
13145000000,-0.000653250313693
13160000000,-0.000964393559473
13166000000,-0.000859955969767
13179000000,-0.00144941931737
13189000000,-0.00130896412427
13201000000,-0.00116884879713
13211000000,0.000217575724303
13219000000,0.000276752922422
13228000000,0.000317201220596
13236000000,0.000341998767279
13237000000,0.000353932251826
13237000000,0.000355446153792
13250000000,0.000348806905625
13276000000,-0.000473466326429
13289000000,-0.000441461925596
13302000000,-0.00142041572228
13314000000,-0.00132405471587
13316000000,-0.00121843402572
13332000000,-0.00110791252755
13332000000,-0.00226966297707
13348000000,-0.00208930498631
13359000000,-0.00190054766181
13370000000,-0.00170924446145
13381000000,-0.00239182140538
13391000000,-0.00215763617753
13397000000,-0.00192471973027
13398000000,-0.00169799597665
13419000000,-0.00148122692071
13431000000,-0.00151135519271
13436000000,-0.00130640779023
13451000000,-0.00165905377866
13461000000,-0.00145405187876
13471000000,-0.00126002164631
13479000000,-0.00107888750914
13492000000,-0.000975738051379
13497000000,-0.000820180986529
13511000000,-0.00067926243184
13511000000,-0.000553023768575
13511000000,-0.000441201012835
13511000000,-0.000343230952446
13558000000,-0.000258361308138
13563000000,-0.000638251112903
13564000000,-0.000551504762685
13581000000,-0.000787103550284
13591000000,-0.000695331658403
13599000000,-0.000607445003622
13599000000,-0.000524632430609
13620000000,-0.000754734706978
13629000000,-0.000666003162768
13640000000,-0.000581156999174
13650000000,-0.000501319644384
13661000000,-0.000427229511069
13671000000,-0.000590931055019
13679000000,-0.000514298870531
13689000000,-0.000442467793515
13700000000,-0.000625907028069
13709000000,-0.000550365430655
13719000000,-0.000478534056494
13729000000,-0.000411270444729
13741000000,-0.000349094337409
13751000000,-0.000696936104518
13759000000,-0.000619815339063
13766000000,-0.000545176757439
13782000000,-0.000663633629407
13792000000,-0.000586146808531
13800000000,-0.000512057122482
13803000000,-0.000442234808121
13822000000,-0.00146956680687
13831000000,-0.00134590711013
13838000000,-0.00121836950002
13850000000,-0.0010905392323
13851000000,-0.0012621325255
13869000000,-0.00112536156761
13877000000,-0.000992378931114
13877000000,-0.000865394556783
13878000000,-0.000745992945222
13910000000,-0.000901142310399
13929000000,-0.000785178560678
13929000000,-0.000676140754928
13941000000,-0.000575060978654
13946000000,-0.00048257228433
13960000000,-0.000651979912608
13972000000,-0.000562324218846
13983000000,-0.000479109652884
13990000000,-0.000402757302444
13998000000,-0.00107506955136
14010000000,-0.000968495093343
14025000000,-0.000862870140956
14032000000,-0.000760334947669
14048000000,-0.00100795350666
14075000000,-0.000894492059035
14075000000,-0.000681177475012
14075000000,-0.000584108956041
14088000000,-0.00127581924445
14100000000,-0.00147368475256
14113000000,-0.00132981438943
14120000000,-0.00118691658032
14128000000,-0.00104764207312
14140000000,-0.000914453555129
14151000000,-0.000663207712014
14157000000,-0.000554901166025
14170000000,-0.000457261105687
14184000000,-0.00037009576971
14187000000,-0.000293351086557
14201000000,-0.000475417705427
14212000000,-0.000403783819011
14218000000,-0.000338559775624
14231000000,-0.000155952490712
14239000000,-0.000110391617709
14251000000,-7.19901150054e-05
14260000000,-4.03915552058e-05
14270000000,-0.000402157412878
14284000000,-0.000358200541935
14291000000,-0.000315661272489
14301000000,-0.000148536876626
14310000000,-0.000118883510645
14324000000,-9.29196534811e-05
14330000000,-7.06116830164e-05
14340000000,-0.000429586993738
14352000000,-0.00038965362298
14359000000,-0.000349566474076
14367000000,-0.000310194330553
14384000000,-0.000272264489621
14384000000,-9.80232258874e-05
14405000000,-7.35621105124e-05
14406000000,-5.29780387859e-05
14417000000,-0.000465463574836
14430000000,-0.000424508416851
14446000000,-0.000382839181581
14462000000,-0.000341372698225
14472000000,-0.000301202677212
14478000000,-0.000262844706464
14478000000,0.000117148780714
14488000000,0.000130730154502
14500000000,0.000138473868908
14510000000,0.00017449166042
14520000000,0.000171963291056
14529000000,0.000165892659997
14536000000,0.000157351795831
14552000000,-0.000406085517557
14558000000,-0.000380836919656
14570000000,-0.000352410161969
14581000000,-0.000315791822013
14587000000,-0.000285102671326
14601000000,-0.000254647045085
14610000000,-0.000723677684929
14616000000,-0.000666935306403
14635000000,-0.000607261229561
14640000000,-0.000546682478404
14650000000,-0.000486772519138
14661000000,-0.000363884445914
14669000000,-0.0003128208943
14681000000,-0.000265663667202
14691000000,-0.000222643283326
14700000000,-0.000585395724322
14708000000,-0.000526661225521
14721000000,-0.000468628121034
14729000000,-0.000412476952191
14729000000,-0.000359068424996
14749000000,-0.000272135686337
14762000000,-0.000228533347068
14767000000,-0.000189359060835
14780000000,-0.000154493665956
14786000000,0.0056197057421
14799000000,0.00530924532847
14809000000,0.00494554636228
14820000000,0.00454798384268
14831000000,0.00634135177742
14844000000,0.00577701412502
14850000000,0.0052027848666
14862000000,0.00463364552362
14868000000,0.00411507249542
14883000000,0.00358621332034
14891000000,0.00308903884859
14900000000,0.00262797267221
14910000000,0.0016875352516
14921000000,0.0013363143371
14928000000,0.00102954013279
14940000000,0.000764693790555
14951000000,-0.000399316720792
14953000000,-0.00052695565686
14953000000,-0.000615812148137
14958000000,-0.000672105603007
14958000000,-0.000701508732385
14994000000,-0.00184366356532
14995000000,-0.00176250640689
14995000000,-0.00165908474686
15030000000,-0.00322195846385
15039000000,-0.002995242555
15051000000,-0.00274949314406
15061000000,-0.0032848146513
15072000000,-0.00298362550459
15081000000,-0.00267940986478
15091000000,-0.00237961982094
15098000000,-0.00209006208862
15112000000,-0.00181509503845
15118000000,-0.00217081006282
15127000000,-0.00189962834916
15141000000,-0.00164343889241
15152000000,-0.00251219191748
15159000000,-0.00221876868432
15171000000,-0.00193781051066
15181000000,-0.00167303555954
15190000000,-0.00193515844068
15198000000,-0.00168147421076
15213000000,-0.00144394486811
15220000000,-0.00122442989096
15228000000,-0.0010239302597
15242000000,-0.00139532010169
15251000000,-0.00120363027071
15257000000,-0.00102567132748
15271000000,-8.73864717469e-05
15281000000,1.09134087191e-05
15291000000,8.81195083516e-05
15300000000,-0.000106762901649
15310000000,-4.92957949131e-05
15321000000,-2.89055042376e-06
15329000000,3.37559702134e-05
15339000000,6.18937703567e-05
15351000000,-0.00139278862837
15359000000,-0.00128378197788
15360000000,-0.00116907620051
15383000000,-0.00105243711849
15392000000,-0.00126259050333
15410000000,-0.00113284245814
15424000000,-0.00100527463979
15424000000,-0.000882273734665
15431000000,-0.00100760526297
15443000000,-0.000883687350091
15450000000,-0.000766203145722
15459000000,-0.000312124846922
15470000000,-0.000233067431197
15478000000,-0.000165584824634
15478000000,-0.000108759690099
15501000000,-6.15763850256e-05
15511000000,2.60083147562e-05
15520000000,5.37835398294e-05
15538000000,7.44589265266e-05
15542000000,8.89984720497e-05
15547000000,0.000491217124801
15558000000,0.000471710394501
15569000000,0.000445710189619
15581000000,0.000598733441189
15591000000,0.000553105360201
15617000000,0.000504750007032
15617000000,0.000455262652165
15617000000,0.000405992251157
15629000000,0.000712495448799
15644000000,0.00064624767757
15660000000,0.000579443538132
15661000000,0.000513778509736
15672000000,0.000780163189144
15680000000,0.000699464335002
15688000000,0.000620114834436
15698000000,0.000543620471296
15707000000,0.000471063545781
15719000000,0.000632498321559
15728000000,0.000554929390346
15741000000,0.000481350263216
15744000000,0.000773036219765
15758000000,0.000688292853486
15771000000,0.000698431714689
15782000000,0.000614630418358
15791000000,0.000534746354808
15801000000,0.000459697007417
15811000000,0.00066840650119
15822000000,0.000587101349411
15827000000,0.000509798101994
15840000000,0.000437400235115
15850000000,0.000257100026441
15859000000,0.000198939871366
15869000000,0.000151243270854
15879000000,0.000110265239666
15891000000,7.54921727281e-05
15900000000,0.000218969751424
15909000000,0.000184757860369
15921000000,0.000153602896228
15931000000,0.000125544336667
15948000000,0.000100544860791
15948000000,7.85725277597e-05
15958000000,5.95142443265e-05
15971000000,4.31441706024e-05
15980000000,2.92213699606e-05
15991000000,-0.000140395649147
16005000000,-0.000304584946866
16010000000,-0.000291224688396
16019000000,-0.000274233886526
16031000000,-0.000254665554278
16039000000,-0.00026434799516
16047000000,-0.000240465802811
16060000000,-0.000216292759889
16071000000,-0.000192444036861
16082000000,-0.000191690949367
16087000000,-0.00016841578061
16102000000,-0.000146258777646
16109000000,-0.000125493934442
16121000000,-7.39569479842e-05
16130000000,-5.85075938505e-05
16140000000,-0.000155647207729
16149000000,-0.000137268368282
16160000000,-0.00011975925326
16173000000,-0.000103247700109
16180000000,-1.60059347033e-05
16193000000,-5.93258368978e-06
16198000000,2.10148941863e-06
16199000000,8.37716006603e-06
16219000000,-0.000199942009519
16230000000,-0.000183724942536
16242000000,-0.000166837980694
16249000000,-0.00014977593394
16256000000,-0.000132969890499
16272000000,-0.000116806582821
16282000000,-0.00013833223386
16288000000,-0.000121589194026
16299000000,-0.000105712255777
16316000000,-9.0907092978e-05
16321000000,0.000907482206154
16331000000,0.000866198977203
16345000000,0.00122051738231
16350000000,0.00113642157781
16363000000,0.00104466562901
16369000000,0.000948931975522
16380000000,0.000852175689318
16390000000,0.000756888807693
16401000000,5.89656084773e-06
16411000000,-0.000304468984884
16417000000,-0.00032687481497
16431000000,-0.0003372674968
16437000000,-0.000337948179863
16449000000,-0.000330970527984
16463000000,0.000225056819706
16469000000,0.000211272154398
16480000000,0.000195669794826
16489000000,0.000178960688529
16501000000,0.00019798369535
16513000000,0.00017856150785
16514000000,0.00015924712248
16531000000,0.000140446735759
16538000000,0.000122556261403
16552000000,0.000105753611139
16561000000,0.000120979493818
16571000000,0.000104592057512
16590000000,0.000150845271672
16590000000,0.000133297114285
16602000000,0.000116459084069
16609000000,9.95557196469e-05
16622000000,8.50076190086e-05
16629000000,7.16467193795e-05
16637000000,5.95309314307e-05
16637000000,4.86683363712e-05
16637000000,3.9034743532e-05
16671000000,3.05665128411e-05
16681000000,2.15052354272e-05
16691000000,-1.23258183166e-05
16699000000,-1.57407105348e-05
16709000000,-1.80553410261e-05
16717000000,-1.94319072891e-05
16730000000,-2.00561699213e-05
16741000000,-0.000106123719055
16751000000,-0.000100778238553
16759000000,-9.41621591119e-05
16766000000,-8.67369165549e-05
16782000000,-0.000170765975842
16792000000,-0.000157238863653
16798000000,-0.000143006540871
16811000000,-0.000128506296623
16820000000,-0.000276278941109
16832000000,-0.000251639136094
16839000000,-0.000226443981483
16853000000,-0.000201460543007
16860000000,-0.00037445380599
16869000000,-0.000339165786165
16882000000,-0.000303676018973
16892000000,-0.000268840616747
16901000000,-0.000478971896651
16913000000,-0.000432053044313
16923000000,-0.000385314973643
16932000000,-0.000340077034046
16940000000,-0.00318056008024
16949000000,-0.00296678360565
16960000000,-0.00273203385121
16968000000,0.00571077729383
16975000000,0.00545689375917
16993000000,0.00513451705843
17001000000,0.00476539712059
17010000000,0.0043677200816
17020000000,0.00395641088789
17031000000,0.0055706281057
17040000000,0.00504682738507
17051000000,0.00452099721971
17060000000,0.0044762924224
17071000000,0.00395001403571
17078000000,0.00344678284635
17090000000,0.00297296184316
17099000000,0.00191036054596
17110000000,0.0015424967668
17119000000,0.00121810035079
17128000000,0.000935182351945
17139000000,0.000691257329498
17151000000,0.00048353907303
17161000000,-0.000534842741969
17171000000,-0.000628635405414
17182000000,-0.00380238967709
17193000000,-0.00364704826917
17200000000,-0.00344292936414
17210000000,-0.00320502128134
17219000000,-0.00193432420169
17228000000,-0.00172888522915
17240000000,-0.00152829402809
17250000000,-0.00133601867901
17256000000,-0.00136902147291
17271000000,-0.00118831287434
17279000000,-0.0010192760898
17290000000,-0.0012206308744
17302000000,-0.00105779988415
17311000000,-0.00090576324653
17318000000,-0.000765609492554
17323000000,-0.000637939382133
17340000000,-0.00092741656118
17349000000,-0.000799013437548
17360000000,-0.000679880540074
17372000000,-0.000570685170905
17379000000,-0.000471774536855
17391000000,-0.000837570986366
17398000000,-0.000731123869003
17399000000,-0.00063065247282
17420000000,-0.000537154426274
17428000000,-0.000880018728959
17438000000,-0.000774150667653
17438000000,-0.000673255826883
17440000000,-0.000578534130061
17472000000,-0.000982964701949
17481000000,-0.000875129954722
17490000000,-0.00077025790236
17497000000,-0.00067018472674
17510000000,-0.0011569425765
17519000000,-0.00103651930937
17527000000,-0.00091822293804
17539000000,-0.000804242924527
17550000000,-0.00133252914451
17559000000,-0.00119242381875
17570000000,-0.0010550654616
17573000000,-0.000923056640445
17590000000,-0.00142363657927
17598000000,-0.00126553774974
17612000000,-0.00111241128084
17618000000,-0.00172175802288
17631000000,-0.00154063055634
17641000000,-0.00136313414907
17658000000,-0.00119260559824
17658000000,-0.00103136019696
17672000000,-0.00167254560598
17681000000,-0.00148881866813
17691000000,-0.00131052530945
17706000000,-0.00201512147998
17709000000,-0.00180042804782
17721000000,-0.00159080654732
17728000000,-0.00138988891265
17741000000,-0.00200480852094
17747000000,-0.00177796685389
17758000000,-0.00155929505773
17767000000,-0.00135188064122
17781000000,-0.0019963143039
17793000000,-0.00176826575988
17801000000,-0.00154891910781
17813000000,-0.00134132718903
17822000000,-0.0060123130245
17832000000,-0.00554159127519
17842000000,-0.00504647012703
17852000000,-0.0046694446488
17857000000,-0.00416340107436
17868000000,-0.00367150879949
17877000000,-0.00320176393841
17891000000,-0.00276003204293
17901000000,-0.00118280503814
17906000000,-0.000871268799306
17917000000,-0.000606227388335
17934000000,-0.000383941437771
17940000000,-0.00020040870105
17949000000,0.00178641498772
17954000000,0.00178930425892
17974000000,0.00175124977894
17982000000,0.00168172595342
17991000000,0.000183993795965
18000000000,0.000166885708531
18008000000,0.000149334221487
18021000000,0.000209120742748
18027000000,0.000187254712472
18049000000,0.000165435524127
18049000000,0.000144074542771
18049000000,0.000123615843298
18075000000,0.000104307565141
18076000000,0.000523256113189
18096000000,0.000479278819533
18101000000,0.000433424348733
18114000000,0.00132472604274
18126000000,0.00122393047669
18132000000,0.00111661256513
18138000000,0.00169919471102
18151000000,0.00154427544148
18162000000,0.00138718292552
18172000000,-0.000798099003647
18182000000,-0.000837543130133
18193000000,-0.000850622200477
18200000000,-0.000842487836931
18212000000,-0.000817712586577
18220000000,0.00131719658832
18231000000,0.00124881868973
18237000000,0.0011666934207
18249000000,0.00107532319089
18260000000,0.00295042266518
18270000000,0.00272040059233
18280000000,0.00247769876492
18290000000,0.00223040994073
18300000000,0.00369515154041
18310000000,0.0033564621992
18330000000,0.00301388909477
18330000000,0.00267590253167
18339000000,0.00435234746825
18350000000,0.00391859600077
18360000000,0.00348852522031
18371000000,0.00307099328571
18378000000,0.00267275691559
18391000000,0.00437691962353
18399000000,0.00389976378526
18415000000,0.00343591415524
18420000000,0.00299293255792
18430000000,0.00257640965043
18437000000,0.00219003407923
18452000000,0.00183614010352
18459000000,0.00377397714438
18477000000,0.00333966962816
18481000000,0.00645114933004
18490000000,0.00879553667579
18497000000,0.00802102089434
18512000000,0.0072307650011
18519000000,0.00644595864117
18530000000,0.00568304560674
18538000000,0.00497230288766
18545000000,0.00428594982729
18560000000,0.00364896282758
18560000000,0.00306527406538
18582000000,0.00493474345685
18588000000,0.00432063680862
18601000000,0.00374002997304
18608000000,0.0031988689037
18621000000,0.00270090684554
18627000000,0.00410658203459
18644000000,0.00358315404601
18652000000,0.00309079693872
18659000000,0.00532279138919
18669000000,0.00474631499079
18669000000,0.00418618599251
18692000000,0.00365152203867
18699000000,0.00314898038203
18711000000,0.00268305764498
18720000000,0.00016560165178
18731000000,-0.000103478715877
18737000000,-0.00695626960889
18749000000,-0.00668770859545
18761000000,-0.00632565451332
18782000000,-0.00589796492121
18782000000,-0.00542805481111
18789000000,-0.00493526778007
18797000000,-0.00938491655896
18797000000,-0.00860029299111
18798000000,-0.00778862879148
18829000000,0.0050839490894
18830000000,0.00519216891739
