%time,field
11000000,0.0
26000000,-6.44259868077e-26
26000000,1.6842604481e-21
38000000,3.24275403755e-22
55000000,1.39341625402e-21
55000000,-4.2182111628e-22
79000000,5.26420095498e-23
79000000,-2.41196684078e-22
89000000,-4.2891001596e-22
94000000,2.98523472548e-22
105000000,1.4922921441e-21
113000000,1.05977248894e-15
123000000,-2.41884281808e-12
132000000,3.23957918027e-13
142000000,2.51181898861e-11
148000000,9.27133562136e-11
163000000,-0.00158081858194
172000000,0.00350566741883
183000000,-0.00343358020942
196000000,0.00350670491251
196000000,-0.00335028819344
212000000,0.00337808650734
220000000,-0.00324299945093
230000000,-0.153414036171
242000000,-0.140397051812
253000000,0.144142301751
262000000,0.134574720673
274000000,0.13588924146
274000000,0.125678834251
274000000,0.121840196037
301000000,0.112329787629
303000000,-0.0674386860028
306000000,-0.0684262150905
306000000,-0.066973731975
342000000,-0.0644378435923
351000000,-0.0133997131666
361000000,-0.0111991195782
369000000,-0.00986904030393
379000000,-0.002323448915
391000000,-0.000151184845201
402000000,-0.000880892954173
407000000,0.00128091598331
421000000,-0.000651985173729
427000000,0.000459577948752
442000000,0.000262339101704
458000000,0.000709939899405
459000000,0.0006716552297
471000000,0.000414723427148
479000000,0.00053911496825
492000000,0.000624784998259
501000000,0.00119436634492
511000000,0.00118856727826
528000000,0.00115715377674
543000000,0.00110619605812
543000000,0.00104099548272
553000000,0.0017994462327
555000000,0.00166943531015
571000000,0.00152920270338
580000000,0.00274318640062
591000000,0.00252305239254
596000000,0.00229278310027
608000000,0.00205981893891
619000000,0.00182946042991
628000000,0.0016063784256
641000000,0.00139406344998
651000000,0.00119493862916
660000000,0.00101065562929
672000000,0.00246686317319
678000000,0.00221058143606
692000000,0.00195842645913
692000000,0.00541159410545
712000000,0.00784124699218
720000000,0.00719991870145
722000000,0.00653308288398
744000000,0.00542821850835
749000000,0.00479399694196
770000000,0.00418628097482
773000000,0.0036129943862
780000000,0.00307986794016
789000000,0.00539365895142
800000000,0.00476609455946
810000000,0.00416433094093
821000000,0.00359640845606
830000000,0.00608697015412
842000000,0.00540807457575
851000000,0.00475186728682
860000000,0.00412772251423
870000000,0.00354306496195
881000000,0.00569416075295
891000000,0.0050283969577
896000000,0.00843604606789
897000000,0.00757096433703
917000000,0.00671956976201
929000000,0.00589795561559
941000000,0.00565260695732
950000000,0.00489302368633
962000000,0.00418489335253
969000000,0.00586734623279
981000000,0.00513780498162
987000000,0.00444811539239
996000000,0.00380512461075
1013000000,0.00321348848006
1021000000,0.00267560845012
1031000000,0.00415006561855
1041000000,0.00359501491492
1047000000,0.00307753215486
1060000000,0.00379009075559
1074000000,0.00327795297804
1082000000,0.00280153269885
1092000000,0.00236400718738
1099000000,0.0026985709018
1110000000,0.00229646804804
1121000000,0.0019289070789
1131000000,0.00177279711102
1141000000,0.00146649248686
1151000000,0.00119321163615
1159000000,0.000952076110301
1173000000,0.00037641688204
1178000000,0.000215476346979
1192000000,8.49092497546e-05
1201000000,-1.88272596584e-05
1207000000,-9.91345376246e-05
1221000000,-0.000731667600001
1229000000,-0.000741241217812
1236000000,-0.000730848525754
1252000000,-0.00070491528416
1262000000,-0.00306300148809
1270000000,-0.00287305554155
1279000000,-0.00265761207638
1292000000,-0.00242706561381
1301000000,-0.00450717542402
1311000000,-0.00411490158212
1321000000,-0.00371196497988
1331000000,-0.00330963110791
1331000000,-0.00291677880216
1351000000,-0.00601892229409
1356000000,-0.00546436612613
1369000000,-0.00490348602618
1381000000,-0.0043497700337
1391000000,-0.00786951746536
1402000000,-0.00710026285496
1403000000,-0.00633319809648
1425000000,-0.00558508500097
1425000000,-0.00486879512719
1425000000,-0.00882919361176
1426000000,-0.0079292393142
1440000000,-0.00704057663825
1440000000,-0.014304761774
1440000000,-0.0129774255497
1488000000,-0.0149175290468
1496000000,-0.0134177740851
1497000000,-0.0119339748724
1522000000,-0.0104958109192
1529000000,-0.0155342013748
1539000000,-0.0138909497892
1551000000,-0.0122828182285
1559000000,-0.0107391612502
1571000000,-0.0163065223882
1580000000,-0.0145361173864
1593000000,-0.0128144383428
1599000000,-0.0111694821826
1607000000,-0.00962198921615
1620000000,-0.015167994051
1631000000,-0.013451914015
1634000000,-0.0117973828036
1635000000,-0.010228728511
1663000000,-0.0149711138195
1672000000,-0.0132546968429
1682000000,-0.011604728422
1691000000,-0.0167301320012
1701000000,-0.0149018516188
1708000000,-0.0131264732587
1714000000,-0.0114333913304
1731000000,-0.00984319564643
1741000000,-0.00836976278897
1753000000,-0.00702124068854
1758000000,-0.00580158663639
1770000000,-0.0104263181085
1770000000,-0.00910318894644
1793000000,-0.015750107846
1798000000,-0.0141083575733
1798000000,-0.0124995423552
1821000000,-0.0109527038224
1832000000,-0.00984191839408
1838000000,-0.00845852883342
1852000000,-0.00718040451775
1861000000,-0.00897780923047
1870000000,-0.00775152746712
1883000000,-0.00661335643323
1891000000,-0.00557007098498
1900000000,-0.00590498870209
1911000000,-0.00497520416842
1919000000,-0.00413346141854
1927000000,-0.00338004806969
1928000000,-0.00271321972871
1943000000,-0.00212965963261
1943000000,-0.00142041072404
1950000000,-0.000999994812965
1982000000,0.0503341554225
1997000000,0.0477006817097
2001000000,0.0445542187812
2011000000,0.0410747976724
2019000000,0.0593611253001
2027000000,0.0543153101545
2040000000,0.0491209291327
2049000000,0.0439264504828
2061000000,0.0388467623345
2070000000,0.0441559622667
2079000000,0.0388854911667
2086000000,0.0338592193033
2101000000,0.0291380323077
2110000000,0.024763080389
2120000000,0.0252202396209
2120000000,0.0213189523005
2140000000,0.0225600349437
2149000000,0.0190778908943
2159000000,0.0159047336632
2171000000,0.0130463357156
2181000000,0.0105000525665
2187000000,0.00715108254873
2202000000,0.00526266076605
2214000000,0.00365504482985
2223000000,-0.0476329740188
2233000000,-0.0459619987543
2241000000,-0.0436123353413
2248000000,-0.0407860662567
2260000000,-0.0376474823474
2270000000,-0.0193462447498
2280000000,-0.0169458569442
2288000000,-0.0146767550459
2301000000,-0.00605246592988
2310000000,-0.00446199291346
2321000000,-0.00310953989071
2332000000,-0.00197561257727
2339000000,0.00250589094521
2351000000,0.00304846661139
2360000000,0.00340636400322
2370000000,0.00361065101245
2382000000,0.00368949245891
2391000000,0.00366774806386
2399000000,0.00694736416561
2411000000,0.00656207711938
2419000000,0.0124322534815
2431000000,0.011534004966
2440000000,0.0105666257717
2451000000,0.00956670191089
2460000000,0.0104824660549
2471000000,0.00937165594093
2481000000,0.00828571639161
2496000000,0.00724378557841
2501000000,0.0121925270673
2511000000,0.010920418862
2520000000,0.00967276262754
2532000000,0.0138540923551
2539000000,0.012395074517
2551000000,0.010967602478
2562000000,0.00959704284751
2568000000,0.00830217581755
2582000000,0.0070961542044
2589000000,0.0106247382588
2601000000,0.00933199574317
2611000000,0.00810469003227
2618000000,0.00695654842755
2630000000,0.00589656091296
2636000000,0.00953434403396
2651000000,0.00841112760382
2660000000,0.0134368368671
2668000000,0.0120791162855
2675000000,0.0107397452808
2699000000,0.00944509773102
2699000000,0.00821476262555
2712000000,0.00706272650363
2720000000,0.00538556918835
2720000000,0.00445156910111
2741000000,0.00494598961264
2756000000,0.0041300764794
2756000000,0.00339671071396
2756000000,0.00274491607031
2756000000,0.00217205983785
2756000000,0.00167420863209
2799000000,0.001246436164
2799000000,0.00168992820644
2799000000,0.00134214005212
2832000000,-0.0417626958233
2838000000,-0.0393330541451
2838000000,-0.0365337758645
2838000000,-0.0335059716118
2863000000,-0.0303664185462
2882000000,-0.0272084709338
2889000000,-0.156166413612
2893000000,-0.145095927018
2906000000,-0.133125026525
2920000000,-0.120707615201
2928000000,-0.108216667389
2928000000,-0.0959487238306
2951000000,-0.0741355824458
2956000000,-0.0634970632567
2956000000,-0.0536918742412
2956000000,-0.0447622930636
2987000000,-0.0367230158608
2987000000,0.0360823219962
3003000000,0.0387193650635
3022000000,0.0900060141771
3030000000,0.0871209045001
3039000000,0.0828966902486
3039000000,0.0777122921878
3039000000,0.0718872477634
3069000000,0.0568439781617
3079000000,0.0510073293992
3088000000,0.0452660908125
3100000000,0.0317671197611
3109000000,0.0269582299762
3120000000,0.0225657410207
3126000000,0.0185988112045
3141000000,0.016600173175
3149000000,0.0133801089867
3159000000,0.0105425332813
3160000000,0.00807005219361
3180000000,0.00594043860414
3192000000,0.0212336044588
3198000000,0.0186396070586
3210000000,0.0161775229111
3216000000,0.0207858026372
3227000000,0.0182818751794
3241000000,0.0158998062729
3251000000,0.013666421905
3261000000,0.0139625997351
3267000000,0.0119164252559
3289000000,0.0100367156049
3296000000,0.00833030264498
3306000000,0.00679864573792
3306000000,0.00579663665745
3318000000,0.00458189918836
3327000000,0.00352152501606
3335000000,0.00260666919173
3356000000,0.00182702715901
3356000000,0.00117142337983
3362000000,0.000628239994471
3382000000,-0.000864174796895
3390000000,-0.013839483279
3398000000,-0.0131919403348
3411000000,-0.0123868039196
3420000000,-0.0114754570868
3432000000,-0.0105008200852
3439000000,-0.00550767585656
3451000000,-0.00477109013329
3452000000,-0.000744780782964
3469000000,-0.000312925112987
3481000000,3.38393417052e-05
3485000000,0.000305940888856
3500000000,-0.00224950065801
3509000000,-0.00193976011552
3522000000,-0.00165259998692
3527000000,-0.00138965638146
3541000000,-0.00115155966693
3550000000,-0.00052877960129
3555000000,-0.000363348546754
3564000000,-0.000225311444287
3582000000,0.000406911508332
3590000000,0.000467206731193
3600000000,0.000503883500996
3608000000,0.000521298993356
3608000000,0.000522890912815
3609000000,0.000511967304974
3633000000,0.00112402960875
3633000000,0.00105935299185
3653000000,0.000984269273069
3669000000,0.00167512547275
3679000000,0.0015472298662
3690000000,0.00141146623833
3701000000,0.00220864359869
3708000000,0.002010218438
3717000000,0.00180849123512
3717000000,0.00160869832279
3717000000,0.00141488611582
3749000000,0.00123020079384
3749000000,0.002044625379
3768000000,0.00352586640235
3782000000,0.00321141503875
3789000000,0.00289143469966
3806000000,0.00257429711085
3813000000,0.00226649218833
3819000000,0.0107044792381
3831000000,0.00992849631443
3839000000,0.00909437928719
3850000000,0.00860945693951
3860000000,0.00772394444989
3872000000,0.00685321265503
3878000000,0.00601365620857
3888000000,0.00521748289803
3895000000,0.00279933491918
3913000000,0.00222243350718
3928000000,0.0017181018415
3931000000,0.00128239813615
3939000000,0.000910563597689
3950000000,-0.00251091205753
3961000000,-0.00256778036204
3972000000,-0.00255486745185
3978000000,-0.00248713356474
3991000000,-0.00237780330898
4000000000,-0.00214731372764
4008000000,-0.00199205658317
4021000000,-0.00182471717849
4030000000,-0.00126825467582
4037000000,-0.00111697693852
4052000000,-0.000972318917281
4061000000,-0.00128351235248
4072000000,-0.00112944531329
4080000000,-0.000982209294015
4080000000,-0.000843630723598
4096000000,-0.000714978401757
4110000000,-0.00157070994443
4120000000,-0.00141065228581
4130000000,-0.00125234285501
4143000000,-0.00235978160716
4148000000,-0.00213965189942
4160000000,-0.00191761530985
4171000000,-0.00169906092127
4187000000,-0.00148816486125
4194000000,-0.00168162239353
4203000000,-0.0014707442019
4211000000,-0.00127094681001
4219000000,-0.00108431430769
4230000000,-0.00277605144495
4231000000,-0.00251736069947
4247000000,-0.00225664604049
4262000000,-0.00200004630599
4268000000,-0.00432470049686
4278000000,-0.00391823070817
4287000000,-0.00350947011754
4302000000,-0.00503098667879
4309000000,-0.00452884065953
4319000000,-0.00403105457371
4331000000,-0.00354792330108
4339000000,-0.00308720838606
4351000000,-0.00538381597529
4361000000,-0.00481125599336
4370000000,-0.00425165906456
4381000000,-0.0239129710631
4390000000,-0.0222785465909
4400000000,-0.0204892126315
4410000000,-0.0186203073772
4420000000,-0.0213331964366
4424000000,-0.0192174026023
4441000000,-0.0171202325847
4450000000,-0.0150842817074
4460000000,-0.0104900639394
4471000000,-0.00882128817388
4481000000,-0.00730898057475
4490000000,-0.0059537109257
4498000000,-0.00475275855473
4511000000,0.00101306559155
4525000000,0.00161698252524
4532000000,0.0020562816941
4544000000,0.00235595393224
4554000000,0.00707192341984
4560000000,0.00687454122474
4560000000,0.00656449105179
4581000000,0.00617251471771
4595000000,0.00301779137695
4601000000,0.00269504973073
4612000000,0.00222274287525
4621000000,0.00192871896672
4630000000,0.00165317703896
4641000000,0.0013982896736
4652000000,0.00214476305805
4659000000,0.00187632696934
4667000000,0.00162174762412
4680000000,0.00138377698991
4680000000,0.00116416362586
4697000000,0.000964063922845
4709000000,0.00236896718245
4715000000,0.00211716244592
4715000000,0.00186999325043
4741000000,0.00163204251467
4751000000,0.00321937435631
4763000000,0.00288820859713
4768000000,0.00256133200249
4781000000,0.00495943428261
4789000000,0.00448838808864
4798000000,0.00401514482996
4811000000,0.00355084063622
4821000000,0.00636904594001
4832000000,0.00573263843395
4839000000,0.00510137992563
4846000000,0.00448869037111
4860000000,0.0409048989811
4869000000,0.0379858503886
4883000000,0.034833988891
4893000000,0.0401493935518
4900000000,0.0363760754739
4911000000,0.0325876970489
4917000000,0.0288723993548
4931000000,0.0252977466334
4939000000,0.0219136499438
4958000000,0.0170445831377
4958000000,0.0142410340043
4968000000,0.0117127436355
4980000000,0.0094580495612
4992000000,0.000833329678667
5006000000,-0.000501920385276
5009000000,-0.00154287473614
5021000000,-0.0204931637846
5030000000,-0.0200456424737
5041000000,-0.0192419748852
5050000000,-0.0114760680718
5062000000,-0.0106416558051
5064000000,-0.00974548732046
5080000000,-0.00882064691847
5094000000,-0.00641344657414
5101000000,-0.00559672186784
5111000000,-0.00482718244904
5121000000,-0.00411202225131
5133000000,-0.00389697302218
5142000000,-0.00327522728828
5150000000,-0.00271103129152
5162000000,-0.00220485098777
5170000000,-0.00175563250254
5181000000,-0.00136131022678
5189000000,-0.00101904960987
5197000000,-0.00181732446847
5211000000,-0.00150028255519
5220000000,-0.00121569606138
5229000000,-0.000962948016922
5239000000,-0.00313293088556
5251000000,-0.00278378716464
5260000000,-0.0024449831086
5269000000,-0.00497585083388
5279000000,-0.00448611076583
5290000000,-0.00399855774367
5300000000,-0.00480084835784
5311000000,-0.00427458907306
5320000000,-0.00376251755851
5333000000,-0.00687628019101
5340000000,-0.00620435065656
5350000000,-0.00553450261643
5368000000,-0.00488154464747
5377000000,-0.00425602020496
5380000000,-0.0075562733493
5389000000,-0.00678475802796
5401000000,-0.00602317537732
5413000000,-0.00977618963495
5423000000,-0.00880021190174
5430000000,-0.00783289493709
5439000000,-0.00689373268126
5452000000,-0.00599767200773
5461000000,-0.00515571151005
5471000000,-0.00950681919164
5480000000,-0.00845062768889
5491000000,-0.00742773194745
5499000000,-0.0115031152437
5510000000,-0.0103141733107
5520000000,-0.00914540407234
5530000000,-0.00801830131625
5539000000,-0.0487508009069
5552000000,-0.0453563131572
5562000000,-0.0416619320042
5571000000,-0.0378172207476
5582000000,-0.0428131504563
5593000000,-0.0384765573596
5602000000,-0.0341974162694
5611000000,-0.0300596493189
5623000000,-0.0182820441007
5630000000,-0.0151100483273
5635000000,-0.0122725875566
5635000000,-0.00976236844161
5659000000,-0.00756628884555
5671000000,0.0181342342355
5682000000,0.0182019793688
5694000000,0.0091144503163
5701000000,0.00892175551452
5709000000,0.00857005107362
5718000000,0.00810007338221
5719000000,0.00754724081909
5740000000,0.00458942705502
5748000000,0.00408336873506
5760000000,0.00359127813194
5760000000,0.00312139732868
5760000000,0.00267943857476
5760000000,0.00226956648457
5819000000,0.00189418012841
5819000000,0.00217716193708
5828000000,0.00183096595652
5828000000,0.00151485416606
5841000000,0.00324428237249
5851000000,0.00285526673207
5861000000,0.0522849434107
5866000000,0.0490794226368
5880000000,0.0454507314207
5887000000,0.0567860946928
5901000000,0.0519242637207
5910000000,0.0469282685406
5921000000,0.0419389069554
5928000000,0.0370666785441
5939000000,0.0383878671314
5951000000,0.0336462855018
5958000000,0.0291541340654
5958000000,0.0249601542966
5979000000,0.0210951356855
5979000000,0.0175759972173
5999000000,0.012186980171
6011000000,0.00950394798227
6024000000,-0.035912789753
6030000000,-0.0352046369963
6039000000,-0.0338591432536
6049000000,-0.0320417683064
6064000000,-0.0150287602821
6070000000,-0.0136383590749
6079000000,-0.0122381685047
6090000000,-0.010861386948
6101000000,-0.00953441414529
6111000000,-0.00827630948373
6123000000,-0.0036535058826
6133000000,-0.00279854402384
6141000000,0.00296173442351
6151000000,0.00326489467227
6160000000,0.00343018140668
6169000000,0.00348279894221
6178000000,0.00344538199772
6188000000,0.0245603324572
6197000000,0.02301334778
6211000000,0.0212784667461
6217000000,0.0194345145203
6232000000,0.02163316296
6241000000,0.0195067165786
6247000000,0.0173940313008
6261000000,0.0101445726744
6267000000,0.00848759086171
6277000000,0.00699211482832
6292000000,0.0056574232335
6301000000,-0.00110327705381
6313000000,-0.00178843210226
6313000000,-0.00228779220708
6313000000,-0.00262937275734
6340000000,-0.00283873134439
6353000000,-0.00903397188563
6361000000,-0.00867214211242
6371000000,-0.0069495619688
6381000000,-0.00646467847384
6392000000,-0.00593661534225
6408000000,-0.00538629816099
6414000000,-0.00483069443932
6415000000,-0.00428330193748
6429000000,-0.00375460857471
6441000000,-0.00272140724233
6450000000,-0.00228565975467
6459000000,-0.00303835326562
6471000000,-0.00260693870134
6483000000,-0.00220679927493
6491000000,-0.00184020984589
6498000000,-0.00150825163831
6511000000,-0.00121101981885
6519000000,-0.000948054808673
6532000000,-0.00360611648136
6542000000,-0.0093691485809
6550000000,-0.00862523825642
6560000000,-0.00784374606684
6582000000,-0.00705016006892
6582000000,-0.00626482246037
6595000000,-0.00550381575469
6598000000,-0.00581952164231
6609000000,-0.00507922648082
6621000000,-0.00437975082996
6631000000,-0.00943036141899
6635000000,-0.00847337696149
6651000000,-0.00752726381913
6661000000,-0.0660327463326
6669000000,-0.0618439735204
6677000000,-0.0571499218746
6686000000,-0.0521697599313
6698000000,-0.0598767950358
6710000000,-0.0540380838281
6735000000,-0.0482260419127
6735000000,-0.0425655174251
6749000000,-0.0371516623491
6749000000,-0.03205296261
6759000000,-0.0260751903701
6770000000,-0.00956037360483
6779000000,-0.00643920013503
6791000000,-0.003835551423
6798000000,-0.00169811549814
6809000000,2.38799764156e-05
6817000000,0.0289941714223
6832000000,0.0282992811252
6840000000,0.027117645857
6851000000,0.0255789188043
6861000000,0.0132173397178
6869000000,0.0118672485202
6872000000,0.0105381265558
6892000000,0.00925424006356
6900000000,0.00590402521793
6911000000,0.00488955547262
6922000000,0.00397947523903
6930000000,0.00412190789635
6941000000,0.00335739236637
6942000000,0.00267839360652
6960000000,0.00208225028267
6960000000,0.00156414656581
6980000000,0.0293367127609
6990000000,0.0273023239557
7007000000,0.0250861010146
7008000000,0.0227764590347
7024000000,0.0204449350059
7030000000,0.0326460663877
7039000000,0.0294819441412
7051000000,0.0263266900647
7061000000,0.0285078447631
7070000000,0.0252448431265
7079000000,0.0221069014771
7089000000,0.0191378541553
7100000000,0.0163687681883
7110000000,0.0181491109647
7119000000,0.0155631851116
7125000000,0.0131757861003
7142000000,0.0109983721509
7152000000,0.00903525598211
7159000000,-0.0303499041391
7169000000,-0.0293870994167
7182000000,-0.0395263655035
7191000000,-0.0370922609441
7205000000,-0.0343452994762
7209000000,-0.0314134132313
7222000000,0.0036062127971
7230000000,0.0048268560006
7237000000,0.00567567428161
7252000000,0.00621646093399
7262000000,0.0065017659454
7268000000,0.00699554912734
7282000000,0.00688062451046
7288000000,0.00891287758353
7302000000,0.00842896018711
7315000000,0.00785746828434
7322000000,0.0072301461715
7322000000,0.00657213723727
7332000000,0.00590402871618
7350000000,0.00524336124402
7360000000,0.00835302316013
7367000000,0.00750821782866
7374000000,0.00667230676409
7391000000,0.0324639281425
7401000000,0.0301682426637
7407000000,0.0276807627197
7420000000,0.0758309204373
7430000000,0.0702541651042
7440000000,0.0642851286863
7450000000,0.0581411972455
7456000000,0.0519973626984
7467000000,0.0459917414323
7467000000,0.0503471765837
7467000000,0.0442834151459
7487000000,0.0385135664668
7511000000,0.0287834334562
7528000000,0.0240281298203
7542000000,0.0197436145446
7542000000,0.0159262313592
7552000000,-0.0337701678602
7561000000,-0.0340462073575
7572000000,-0.0334969058329
7579000000,-0.0323127345755
7591000000,-0.0306547663724
7602000000,-0.0164176568462
7607000000,-0.0150028529818
7621000000,-0.0135504518683
7631000000,-0.0121006812045
7641000000,0.00117750385553
7650000000,0.00183757156065
7659000000,1.82299023738e-05
7670000000,0.000482865294
7676000000,0.000840422387498
7690000000,0.00110560065373
7700000000,-0.0506784963288
7709000000,-0.0474969286903
7719000000,-0.0439249917228
7729000000,-0.0401230576858
7739000000,-0.0606552645346
7752000000,-0.0553013269377
7762000000,-0.0498416184886
7769000000,-0.0444200806453
7781000000,-0.0475566727761
7789000000,-0.0420651884667
7800000000,-0.0367945276228
7808000000,-0.0318152088818
7820000000,-0.0271772250285
7830000000,-0.0285948411834
7839000000,-0.0244087483209
7851000000,-0.0205619359477
7858000000,-0.0170683322527
7870000000,-0.0131661225642
7874000000,-0.0104316008253
7883000000,-0.00804165896489
7898000000,-0.00597712982741
7898000000,-0.0042150993334
7920000000,-0.0181639521193
7920000000,-0.016004524797
7937000000,-0.0139432290639
7944000000,-0.0231003224576
7968000000,-0.0206077706746
7970000000,-0.018181575956
7979000000,-0.0158622286744
7989000000,-0.0136786343282
8011000000,0.042189427666
8012000000,0.0410425807109
8012000000,0.0392147872642
8032000000,0.0368973513436
8041000000,0.0512297984106
8050000000,0.0472652701894
8060000000,0.0430840852753
8072000000,0.00907154264915
8079000000,0.0065946786837
8087000000,0.00449636012559
8097000000,0.0027430136199
8108000000,0.00130072635955
8114000000,-0.0107063147409
8131000000,-0.0109324182621
8131000000,-0.010865175765
8151000000,-0.0155491890934
8158000000,-0.0147526220452
8170000000,-0.0137941636157
8180000000,-0.0127297011224
8197000000,-0.00546906825676
8201000000,-0.00469202681597
8212000000,-0.00397452113734
8220000000,-0.00332000372766
8233000000,-0.00557820981012
8240000000,-0.00486593848938
8253000000,-0.00419578873335
8260000000,-0.00357390903327
8268000000,-0.509138963495
8279000000,-0.478908065549
8291000000,-0.444365461492
8302000000,-0.407204385174
8306000000,-0.368812879368
8319000000,-0.898579152822
8323000000,-0.826723700074
8341000000,-1.57306904599
8354000000,-1.44554733914
8365000000,-1.3127264839
8380000000,-1.17871141481
8381000000,-1.04675969783
8391000000,-0.919391909587
8401000000,-0.811262097245
8422000000,-0.697315672406
8422000000,-0.591968458668
8432000000,-0.498962312253
8437000000,-0.411941038312
8437000000,-0.334220318392
8437000000,-0.26557192041
8437000000,-0.205613682162
8478000000,-0.0696104744969
8478000000,-0.0308387776858
8478000000,0.000298477250989
8509000000,0.0247232720629
8509000000,0.0433093295869
8509000000,0.0568750656058
8509000000,0.0661778322834
8549000000,0.071915200464
8554000000,0.137767929114
8569000000,0.134063670441
8580000000,0.771208689525
8592000000,1.00967504562
8600000000,0.943331645325
8612000000,0.869831292721
8618000000,0.635424604451
8629000000,0.566122108978
8636000000,0.498705990415
8636000000,0.43425491119
8662000000,0.366800241311
8671000000,0.310903890707
8675000000,0.259747059212
8690000000,0.515217571665
8699000000,0.457342753776
8710000000,0.401405499377
8718000000,0.348161969012
8718000000,0.298249900476
8741000000,0.252082155291
8741000000,0.209899235831
8742000000,0.312774124047
8742000000,0.270099084263
8758000000,0.230300439425
8791000000,0.60656677801
8798000000,0.54670373914
8802000000,0.487130306206
8813000000,0.429120908231
8828000000,0.373644066949
8840000000,0.321412655363
8851000000,0.367452977491
8858000000,0.316688397762
8858000000,0.269425036687
8875000000,0.225992119609
8889000000,0.186551432986
8900000000,0.380697554783
8909000000,0.33578704871
8932000000,0.658700962224
8932000000,0.593740298568
8942000000,0.667277302416
8949000000,0.596429099546
8976000000,0.527105330348
8976000000,0.460542644306
8976000000,0.397648656793
8987000000,0.181817215415
8988000000,0.136561378059
8988000000,0.097678260753
9022000000,-0.0652087817391
9033000000,-0.0854963760455
9033000000,-0.0996748561596
9050000000,-0.0309959437995
9058000000,-0.0402582517891
9070000000,-0.0467453092653
9080000000,-0.0509386671179
9088000000,-0.0532160442825
9100000000,-0.0539270074525
9108000000,-0.0863494282899
9109000000,-0.0827187848197
9131000000,-0.078099340872
9140000000,-0.0727840505408
9150000000,-0.0670716592089
9162000000,0.0435905324705
9169000000,0.0436519264299
9180000000,0.0426317534257
9194000000,0.0493291838138
9199000000,0.0463098665587
9211000000,0.0428300741223
9221000000,0.0666641537377
9237000000,0.0612134484006
9243000000,0.055473464999
9264000000,0.0496339806919
9264000000,0.0438502308688
9264000000,0.0382427392599
9276000000,0.0329128402533
9297000000,-0.0201820282011
9311000000,-0.02167012177
9311000000,-0.0224194632318
9311000000,-0.067374288001
9311000000,-0.0643497735168
9338000000,-0.0605794314152
9348000000,-0.0910544579698
9360000000,-0.0843241582031
9368000000,-0.0771879561708
9382000000,-0.110575086602
9390000000,-0.100969890635
9400000000,-0.0911806579543
9413000000,-0.081466261743
9422000000,-0.0734662424046
9431000000,-0.0643455943848
9443000000,-0.0557552434031
9445000000,-0.0477757689242
9445000000,-0.0404517705594
9474000000,-0.0338064496375
9478000000,-0.0933965423151
9492000000,-0.0839894528222
9501000000,-0.137111876167
9511000000,-0.12449237714
9521000000,-0.111788739362
9532000000,-0.0992991862588
9533000000,-0.0872562888067
9550000000,-0.110966716766
9561000000,-0.0983656484486
9571000000,-0.0862535325173
9581000000,-0.103092981381
9588000000,-0.0907817963888
9598000000,-0.0790624533842
9611000000,-0.0680709261747
9622000000,-0.0578977264231
9631000000,-0.048595902403
9640000000,-0.097251769895
9651000000,-0.0863823370613
9661000000,-0.0758915154077
9671000000,-0.150562959488
9682000000,-0.136048964849
9692000000,-0.121571396245
9701000000,-0.138706455891
9711000000,-0.123253844243
9716000000,-0.108320735153
9729000000,-0.0941310918128
9736000000,-0.143294054696
9751000000,-0.127600469926
9762000000,-0.11238495486
9771000000,-0.0752960804221
9781000000,-0.0629096329729
9791000000,-0.0517382110059
9799000000,-0.0417760208673
9809000000,-0.108443849743
9821000000,-0.0966519921071
9829000000,-0.0852017422902
9837000000,-0.0742686878206
9855000000,-0.063987401871
9861000000,-0.0544502503293
9869000000,-0.101331661466
9875000000,-0.0902296085688
9875000000,-0.0794546363613
9895000000,-0.0691799929859
9906000000,-0.0926849763906
9922000000,-0.0817505654835
9928000000,-0.0712993757814
9939000000,-0.0614643526113
9951000000,-0.0969579202567
9952000000,-0.0860843691788
9952000000,-0.0755821680714
9982000000,-0.0656078894279
9992000000,-0.0864939851067
10000000000,-0.0760982680344
10007000000,-0.0957127595263
10021000000,-0.0845334725871
10031000000,-0.0738249320117
10040000000,-0.0637277265892
10056000000,-0.0728184864825
10063000000,-0.0630610091344
10071000000,-0.0539542127808
10081000000,-0.0455662477649
10088000000,-0.0379302079732
10096000000,-0.0446183788249
10110000000,-0.0376145925946
10120000000,-0.0312473950869
10130000000,-0.0255246445261
10141000000,-0.0204380546086
10150000000,-0.0159681637958
10181000000,-0.0310174753981
10181000000,-0.0264186365242
10181000000,-0.0221975975467
10192000000,-0.0419425004925
10197000000,-0.0371577394688
10221000000,-0.0325498789923
10229000000,-0.0281861798371
10229000000,-0.0391774784982
10242000000,-0.0345818361966
10248000000,-0.0301801436419
10258000000,-0.0335705601217
10268000000,-0.029253241643
10285000000,-0.0251932508031
10285000000,-0.0214274087329
10297000000,-0.0179792330371
10308000000,-0.0341379161892
10320000000,-0.0302361905599
10328000000,-0.0264812512236
10341000000,-0.022926158628
10352000000,-0.0281840640617
10362000000,-0.0246012445019
10371000000,-0.0212256305717
10379000000,-0.032997794085
10392000000,-0.0291822807929
10402000000,-0.0255198185622
10403000000,-0.0220602103574
10420000000,-0.0188381071638
10431000000,0.471179977329
10437000000,0.443322389839
10451000000,0.411450893267
10460000000,0.377131799925
10471000000,0.908049572091
10478000000,0.839998060837
10489000000,0.767538887264
10500000000,0.693271233729
10510000000,1.10777569008
10518000000,1.00888570704
10527000000,0.908451926386
10540000000,0.809004029617
10550000000,1.00374417473
10560000000,0.895147149962
10571000000,0.78957197271
10580000000,0.688753797832
10592000000,0.706057786058
10598000000,0.611367394952
10605000000,0.523135918102
10618000000,0.441973195878
10632000000,0.366614542963
10641000000,0.300412072045
10651000000,0.241608533898
10661000000,0.189945765191
10664000000,0.145069905725
10664000000,0.106577644088
10688000000,-0.0845966312026
10701000000,-0.101669038795
10711000000,-0.12891095207
10719000000,-0.133916714539
10730000000,-0.134749137761
10742000000,-0.524230688037
10751000000,-0.49728713902
10762000000,-0.464733788086
10771000000,-0.428531593953
10779000000,-0.579323919169
10787000000,-0.528423343486
10800000000,-0.476348320701
10811000000,-0.424539144536
10820000000,-0.374041883655
10830000000,-0.325709127255
10841000000,-0.550378890096
10852000000,-0.490403654773
10858000000,-0.432004461005
10870000000,-0.838893630145
10880000000,-0.761043088331
10891000000,-0.682549910492
10901000000,-0.700508632355
10910000000,-0.619771412632
10921000000,-0.54211058087
10931000000,-0.468616960517
10942000000,-0.400056319635
10950000000,-0.58838409363
10960000000,-0.5158709307
10970000000,-0.446998141142
10974000000,-0.38255546784
10974000000,-0.323048085783
10993000000,-0.352379281311
11015000000,-0.298409785593
11018000000,-0.249067074673
11035000000,-0.502821007343
11041000000,-0.445845330186
11052000000,-0.45505192481
11060000000,-0.399093653373
11071000000,-0.345914389293
11079000000,-0.296121973726
11079000000,-0.250124323829
11079000000,-0.208179645735
11080000000,-0.170322380156
11118000000,-0.377741346999
11130000000,-0.331851618009
11141000000,-0.288127504848
11152000000,-0.438287442548
11161000000,-0.389339711644
11171000000,-0.341956316889
11179000000,-0.315161815493
11191000000,-0.271720035092
11202000000,-0.23128716068
11212000000,-0.194134371961
11221000000,-0.104486099207
11227000000,-0.0773322112044
11243000000,-0.0541246885444
11248000000,-0.0345478019338
11262000000,-0.0182317193305
11269000000,-0.0141609119526
11281000000,-0.00281590513848
11291000000,0.00627936872899
11301000000,0.0133946948066
11310000000,0.0187777675667
11321000000,0.0114682218765
11331000000,0.01472537254
11336000000,0.0170461932453
11351000000,0.0910109915372
11359000000,0.0878301369284
11368000000,0.0834226857852
11373000000,0.0781481785672
11385000000,0.0351101142817
11403000000,0.0312309205359
11420000000,0.0275455658373
11420000000,0.0240884430012
11420000000,0.0208860959088
11439000000,0.0884216004116
11439000000,0.0817226019447
11439000000,0.0746531823316
11468000000,0.0479010047613
11495000000,0.0418993847539
11495000000,0.0362813235509
11504000000,0.0914515948182
11512000000,0.0831630626165
11522000000,0.0748110859844
11531000000,0.0699374732746
11543000000,0.0618106451333
11544000000,0.0540661220216
11544000000,0.0467899439873
11569000000,0.0400431795435
11577000000,0.0873296183268
11590000000,0.0785197641782
11601000000,0.0698454936392
11609000000,0.0896087800318
11621000000,0.0800069771241
11628000000,0.0706759095589
11638000000,0.0617645626215
11648000000,0.0533818739659
11660000000,0.0456013171401
11668000000,0.0384669624701
11668000000,0.0319959388671
11669000000,0.0642800031274
11700000000,0.104010557165
11712000000,0.0940621511693
11718000000,0.084124619023
11719000000,0.0744219445923
11743000000,0.608435646886
11750000000,0.568514045655
11759000000,0.524326573218
11772000000,0.477782355187
11781000000,1.02854083572
11791000000,0.944082532376
11800000000,0.856412202293
11810000000,0.768176751241
11821000000,0.681472266354
11830000000,1.07194178157
11840000000,0.962356684718
11848000000,0.854483047034
11859000000,0.750379236826
11871000000,0.993117507561
11880000000,0.880663035895
11895000000,0.772374460508
11903000000,0.858932840679
11911000000,0.752320630143
11919000000,0.651527463568
11919000000,0.557585435106
11942000000,0.514415446921
11951000000,0.4334684802
11960000000,0.360063639188
11966000000,0.294233089755
11981000000,0.162697947004
11991000000,0.116018818886
11998000000,0.0767435240589
12009000000,0.0441856255493
12013000000,0.0176521831089
12029000000,-0.11093059727
12040000000,-0.12099663084
12051000000,-0.12611274745
12062000000,-0.127179283505
12072000000,-0.349266543357
12080000000,-0.332119900485
12091000000,-0.311010687639
12101000000,-0.58534679099
12112000000,-0.542584479134
12120000000,-0.496629818084
12131000000,-0.449137311816
12138000000,-0.401503523088
12149000000,-0.519794281767
12162000000,-0.46522764966
12169000000,-0.707118741531
12178000000,-0.638195531876
12184000000,-0.56948007607
12184000000,-0.502419959681
12212000000,-0.438160803027
12222000000,-0.540330709518
12227000000,-0.474402538085
12238000000,-0.411674861721
12238000000,-0.352880670756
12239000000,-0.298533054994
12271000000,-0.553390649887
12282000000,-0.491868831988
12290000000,-0.525681188971
12300000000,-0.463517495663
12312000000,-0.404003543017
12320000000,-0.347915496481
12330000000,-0.29580572999
12341000000,-0.248006487413
12348000000,-0.469477778388
12360000000,-0.415002805333
12360000000,-0.362636754821
12379000000,-0.313110903909
12392000000,-0.345199682876
12410000000,-0.297701797191
12410000000,-0.253511898786
12419000000,-0.212865766512
12432000000,-0.175928357993
12441000000,-0.28346878582
12447000000,-0.245167501139
12460000000,-0.370364451271
12472000000,-0.327899973507
12480000000,-0.287009572332
12487000000,-0.248246012542
12490000000,-0.21201329521
12511000000,-0.122767591502
12517000000,-0.0953783115281
12532000000,-0.0715450949551
12542000000,-0.0836254358959
12552000000,-0.0641282259634
12561000000,-0.0472426835652
12566000000,-0.0327638398933
12583000000,-0.0205200755985
12591000000,0.0616660604424
12600000000,0.0654229665349
12611000000,0.0670096369974
12621000000,0.0668371789689
12629000000,-0.00639047576591
12642000000,-0.0047796706669
12651000000,-0.00331492682081
12659000000,-0.00200442653202
12670000000,0.0686377853616
12682000000,0.0657640937325
12691000000,0.0620876444405
12699000000,0.0578522439514
12713000000,0.0170869884574
12725000000,0.0146471115874
12730000000,0.0124631152571
12739000000,0.0574999135822
12750000000,0.0547011820634
12762000000,0.0500380978403
12771000000,0.0452821624058
12782000000,0.0606625166673
12788000000,0.0549200992502
12803000000,0.0492157093473
12808000000,0.0436672450189
12821000000,0.038363326625
12829000000,0.033368196779
12843000000,0.0891505253726
12843000000,0.0808536404411
12863000000,0.0725517630763
12870000000,0.154452011704
12881000000,0.1413581335
12889000000,0.127911342653
12898000000,0.126285538416
12907000000,0.112463698079
12922000000,0.0990804326174
12931000000,0.0863515234346
12942000000,0.0744178749511
12953000000,0.0633760642539
12954000000,0.10934613924
12970000000,0.097094352649
12979000000,0.125342345978
12988000000,0.111788959941
13001000000,0.098629399289
13012000000,0.0860728285191
13018000000,0.0742705758228
13029000000,0.0633257248997
13037000000,0.0993192322604
13051000000,0.0872352964778
13057000000,0.0757724380656
13057000000,0.124753672627
13083000000,0.111204083888
13083000000,0.0980505210793
13096000000,0.0855028726384
13125000000,0.0737125553958
13125000000,0.0627818620007
13125000000,0.052771122436
13125000000,0.0437098421276
13154000000,0.0634500631883
13166000000,0.100344148555
13169000000,0.0896190829981
13181000000,0.121729328573
13187000000,0.109058551987
13201000000,0.0966363578756
13212000000,0.150477185871
13217000000,0.135398541955
13227000000,0.12048681898
13242000000,0.106041914317
13251000000,0.0922878480683
13257000000,0.0793856619941
13268000000,0.0674433514328
13281000000,0.0338631553905
13289000000,0.0253864414291
13302000000,0.00224467107454
13314000000,-0.00293971433777
13324000000,-0.00695980324408
13332000000,-0.00997305521668
13342000000,0.063002066189
13353000000,0.0574680949596
13359000000,0.0518271097312
13371000000,0.0462184190806
13383000000,0.0911433445858
13393000000,0.0829689753271
13400000000,0.0746665756252
13400000000,0.0664493836144
13421000000,0.0584843128002
13432000000,0.0923476484634
13438000000,0.0824630819149
13451000000,0.0993477310608
13459000000,0.0886671842739
13471000000,0.0782649105023
13482000000,0.0683118458098
13497000000,0.0920489287161
13501000000,0.0814913817977
13511000000,0.071338579183
13511000000,0.0617366395297
13511000000,0.0527839570339
13511000000,0.0445433718361
13558000000,0.0370483840849
13563000000,0.0491563251818
13573000000,0.0420856923505
13580000000,0.0657891310291
13591000000,0.0581626233577
13600000000,0.0508432126351
13612000000,0.0439331823281
13621000000,0.0526075775721
13631000000,0.0458087368172
13650000000,0.0394240612723
13657000000,0.0335066921456
13657000000,0.0280891763974
13670000000,0.0364119280946
13681000000,0.0311632811723
13692000000,0.0263265269181
13701000000,0.0403922969709
13710000000,0.0353455945799
13718000000,0.030575507462
13729000000,0.0261282462016
13742000000,0.0220359629217
13749000000,0.0266490721154
13759000000,0.0227709308734
13764000000,0.0192027902679
13781000000,-0.471271433815
13790000000,-0.446268339365
13801000000,-0.416543215783
13809000000,-0.383798492607
13822000000,-0.927202568662
13830000000,-0.858365626607
13840000000,-0.784915050135
13851000000,-0.709480931376
13858000000,-0.995550853798
13873000000,-0.901801060826
13877000000,-0.807761867015
13877000000,-0.715605488037
13899000000,-0.626999811123
13911000000,-0.83484216044
13929000000,-0.7407248099
13929000000,-0.650050256058
13941000000,-0.564095869151
13948000000,-0.483796566547
13960000000,-0.473320352422
13972000000,-0.401961117584
13987000000,-0.336801108191
13990000000,-0.277989301708
14002000000,-0.253995001462
14010000000,-0.20593918373
14020000000,-0.163559326869
14032000000,-0.12659922411
14048000000,0.0546428281334
14075000000,0.0723954717222
14075000000,0.0923261970378
14084000000,0.096212447211
14090000000,0.295861719401
14099000000,0.357596090119
14109000000,0.336588144042
14118000000,0.312369398225
14118000000,0.286161100963
14136000000,0.25897637873
14151000000,0.376775127949
14159000000,0.340432288376
14171000000,0.304019007772
14178000000,0.268371620928
14187000000,0.234123883654
14201000000,0.341665463535
14209000000,0.303836643038
14219000000,0.267118461704
14229000000,0.657076950149
14237000000,0.59971641382
14237000000,0.540918644234
14237000000,0.482315617745
14270000000,0.585560808136
14284000000,0.521226464809
14287000000,0.458726363433
14304000000,0.709508300454
14311000000,0.632709650449
14321000000,0.557862296378
14327000000,0.486231158018
14340000000,0.634169580802
14350000000,0.55794124812
14360000000,0.485242442971
14373000000,0.416971510279
14381000000,0.353657272909
14384000000,0.522112333564
14401000000,0.45486529597
14405000000,0.391537982095
14417000000,0.503359178649
14429000000,0.438946106782
14446000000,0.378252525265
14462000000,0.32179537345
14472000000,0.269947968196
14478000000,0.222904464167
14478000000,0.242912290092
14479000000,0.201907544074
14500000000,0.164942698066
14510000000,0.330758411535
14519000000,0.290860495891
14520000000,0.252786258093
14542000000,0.216995818258
14552000000,0.166223884606
14558000000,0.137007603471
14570000000,0.110799856165
14581000000,0.269851986168
14591000000,0.239313473343
14599000000,0.209741790175
14610000000,0.126344912637
14622000000,0.103190205482
14635000000,0.0825320900593
14635000000,0.0643049330793
14651000000,0.0484171525396
14661000000,0.0982045628609
14670000000,0.0823950566834
14679000000,0.0679985224587
14690000000,0.0550432155529
14702000000,0.000972774132497
14711000000,-0.00661119454246
14720000000,-0.0125128006239
14729000000,-0.0169395642005
14729000000,-0.0201312706674
14751000000,-0.0160539204056
14759000000,-0.0177126495748
14770000000,-0.0186911754246
14780000000,-0.0191083474102
14789000000,-0.0577594313114
14799000000,-0.0550763200323
14812000000,-0.0517835040931
14820000000,-0.048093013909
14829000000,-0.0860355903357
14840000000,-0.0792665499489
14850000000,-0.072206972713
14861000000,-0.065074096833
14870000000,-0.0804588471284
14880000000,-0.0722688575917
14891000000,-0.0642452476046
14891000000,-0.0565247062279
14910000000,-0.122855167458
14921000000,-0.111603555387
14924000000,-0.100271824698
14930000000,-0.0891262587834
14952000000,-0.0939910128323
14959000000,-0.0827519182229
14971000000,-0.0720715257964
14980000000,-0.0620671221433
14989000000,-0.052817558541
15001000000,-0.110681388876
15011000000,-0.0988894745385
15021000000,-0.0873969397161
15030000000,-0.145909521782
15040000000,-0.131472842513
15050000000,-0.11716838979
15061000000,-0.130293920288
15072000000,-0.115544241588
15079000000,-0.101346099973
15079000000,-0.0878971143759
15096000000,-0.0753394363821
15112000000,-0.0637674363047
15118000000,-0.0759137519368
15132000000,-0.0651832828417
15138000000,-0.0552760961468
15153000000,-0.0948652571527
15159000000,-0.0834711653228
15172000000,-0.0726257580891
15181000000,-0.0624564715684
15182000000,-0.0907192249731
15196000000,-0.0800565569132
15196000000,-0.0698659013359
15196000000,-0.0602706192154
15234000000,-0.0513585501023
15249000000,-0.0854975307714
15252000000,-0.0757723477301
15259000000,-0.06641348007
15271000000,-0.100660841681
15279000000,-0.0896210384603
15279000000,-0.0789104387434
15307000000,-0.0138906554175
15311000000,-0.00736089405022
15316000000,-0.00205025837786
15316000000,0.00218830372143
15340000000,0.00548741976827
15343000000,-0.0859332685658
15359000000,-0.078131549251
15367000000,-0.0702260334877
15375000000,-0.0624169299668
15392000000,-0.121131483871
15410000000,-0.110312325195
15424000000,-0.0993145701242
15424000000,-0.0884151471099
15431000000,-0.10488925423
15441000000,-0.0931403597815
15451000000,-0.081788402463
15459000000,-0.101171820468
15466000000,-0.089141956699
15482000000,-0.077656473216
15492000000,-0.0668575022209
15500000000,-0.056841354106
15511000000,-0.0567973277452
15522000000,-0.0479187623895
15538000000,-0.0398428579053
15542000000,-0.0325770425702
15547000000,-0.0373373046334
15556000000,-0.0309445723136
15571000000,-0.0252049260761
15580000000,-0.0235372901844
15591000000,-0.0188342532321
15601000000,-0.0146997738752
15610000000,-0.0111045858864
15619000000,-0.0080130958418
15629000000,-0.0092633088968
15637000000,-0.00684388931524
15654000000,-0.00477564878999
15664000000,-0.00303077801378
15672000000,-0.00915129161942
15678000000,-0.00749224300815
15691000000,-0.00600803012635
15701000000,-0.00469587551221
15709000000,-0.00354892953487
15719000000,-6.45914053581e-05
15729000000,0.000618042670655
15742000000,0.00114863595818
15751000000,-0.00692452595973
15761000000,-0.0061403279613
15769000000,-0.00206510048886
15781000000,-0.00152651155827
15792000000,-0.00106118651311
15801000000,-0.000664150240091
15811000000,-0.0074038455533
15820000000,-0.00667589135422
15831000000,-0.00594620150021
15840000000,-0.00523146861515
15850000000,-0.00235075158698
15861000000,-0.00182216167066
15869000000,-0.00135890552832
15879000000,-0.000958029326358
15879000000,-0.000616471819777
15901000000,-0.00380244930231
15909000000,-0.00335836302403
15921000000,-0.00292796953342
15931000000,-0.00251816463362
15940000000,-0.00213393622467
15948000000,-0.00177866749181
15958000000,-0.00145494756738
15971000000,-0.00116372487269
15981000000,-0.000903099979395
15991000000,0.000566096212707
16007000000,0.000943796113147
16010000000,0.00101268780062
16021000000,0.00104823401501
16031000000,0.00105626849739
16042000000,0.000672323204751
16048000000,0.000666098028377
16055000000,0.000649973593676
16068000000,0.000626145933594
16082000000,0.00220889720618
16087000000,0.0020764386335
16102000000,0.00192846676238
16109000000,0.00177087421401
16121000000,0.00118144509193
16130000000,0.00104790256174
16140000000,0.00324549739595
16147000000,0.00298555480982
16167000000,0.00271637102586
16173000000,0.00244577870832
16180000000,0.00144923846925
16189000000,0.00123340818471
16200000000,0.00103820127069
16209000000,0.00086320422091
16219000000,0.00378249376711
16229000000,0.00346145790154
16241000000,0.00313270148908
16248000000,0.00280496911969
16253000000,0.00248515016384
16272000000,0.00217924085141
16281000000,0.0483482993918
16291000000,0.0449866357912
16298000000,0.041332325549
16312000000,0.0375292248448
16312000000,0.050157664397
16331000000,0.0454825591068
16345000000,0.0136413605985
16350000000,0.0107679273137
16362000000,0.00826512145405
16371000000,0.00611024799912
16380000000,0.00427771085407
16386000000,0.00274008827467
16405000000,-0.00823495075961
16411000000,-0.0164087376066
16420000000,-0.0161435516025
16434000000,-0.015571894983
16444000000,-0.0147707877267
16447000000,-0.013806896785
16461000000,-0.011202738677
16475000000,-0.0101603877918
16482000000,-0.0091100439507
16489000000,-0.00807639978945
16502000000,-0.0130740589051
16512000000,-0.0117599771593
16519000000,-0.0104595276816
16529000000,-0.00919905447721
16538000000,-0.0079985033082
16551000000,-0.00687229577741
16558000000,-0.0124146765077
16571000000,-0.0110223462393
16582000000,-0.0214516255178
16590000000,-0.0194987482516
16602000000,-0.0175219623965
16609000000,-0.0181526797949
16623000000,-0.0161041971015
16632000000,-0.0141284626714
16638000000,-0.0122544820324
16652000000,-0.0105027717184
16661000000,-0.00888676665575
16671000000,-0.00741397839186
16681000000,-0.0132955223649
16693000000,-0.0227347693413
16697000000,-0.0205204729627
16709000000,-0.01831622498
16719000000,-0.0161694980142
16730000000,-0.0141162724572
16741000000,-0.0129462409146
16752000000,-0.0111078713392
16759000000,-0.00941121565856
16769000000,-0.00786424688643
16781000000,-0.0115534022999
16790000000,-0.0100059554355
16798000000,-0.00856389003671
16811000000,-0.00723730900467
16820000000,-0.00935817529999
16830000000,-0.00805748359087
16839000000,-0.00685372542145
16853000000,-0.00575381690794
16863000000,-0.00615579977704
16870000000,-0.00518357434461
16882000000,-0.00430406995569
16889000000,-0.00351743412012
16899000000,-0.00276036919336
16911000000,-0.00215527135385
16921000000,-0.00163308313498
16931000000,-0.001189125654
16941000000,0.0546183070017
16950000000,0.0515966691078
16960000000,0.0480567344511
16975000000,0.0802915971902
16982000000,0.0740340993228
16982000000,0.0674433332659
17003000000,0.0607360549671
17010000000,0.0540877614601
17015000000,0.0476349439985
17024000000,0.0494038232781
17042000000,0.0431576589694
17051000000,0.0372671172159
17060000000,0.037387109459
17070000000,0.0319974253729
17078000000,0.0270314210794
17090000000,0.0225107349163
17101000000,0.0157151064384
17108000000,0.0122506087227
17120000000,0.00924466281523
17128000000,0.00666790736223
17142000000,0.00448626416282
17147000000,0.00266493327544
17159000000,-0.00143035023511
17170000000,-0.00248081343336
17180000000,-0.0533516959117
17193000000,-0.0508803055199
17200000000,-0.0477947258905
17210000000,-0.0442946753135
17220000000,-0.0243748847925
17228000000,-0.0215506587757
17240000000,-0.0188440823525
17250000000,-0.0162907328474
17263000000,-0.00918429643192
17271000000,-0.00726070605858
17279000000,-0.00558277046691
17290000000,-0.00186631561632
17301000000,-0.000765794119577
17310000000,0.000117367959622
17326000000,0.000809605074723
17330000000,0.00133591579933
17340000000,0.00410172994187
17351000000,0.00421266072513
17359000000,0.00420473685647
17364000000,0.00410340260017
17367000000,0.00393085999327
17391000000,0.00657887019519
17398000000,0.0061414853766
17404000000,0.00565862074824
17422000000,0.00515100648414
17432000000,0.00783622165666
17442000000,0.00711618961811
17446000000,0.00638903687219
17461000000,0.00567264934261
17470000000,0.00886675875378
17479000000,0.00799293609494
17479000000,0.00712493152244
17499000000,0.00628154901157
17509000000,0.00919500473611
17516000000,0.00822468913435
17516000000,0.00727604672016
17542000000,0.00636593112124
17552000000,0.00871389204229
17563000000,0.00771259646122
17570000000,0.00675147950344
17576000000,0.00849822815201
17588000000,0.007583670095
17598000000,0.00663073692406
17609000000,0.00573228554473
17618000000,0.00689644431003
17630000000,0.00601219782341
17645000000,0.00518184057189
17658000000,0.00441287393828
17666000000,0.00370953800387
17672000000,0.00417088118524
17681000000,0.00353985614675
17688000000,0.00296503771629
17704000000,0.00243261521479
17711000000,0.00197247512179
17721000000,0.0015677356873
17729000000,0.00121587635486
17741000000,-0.000256278059466
17753000000,-0.000439268386872
17758000000,-0.000571296738383
17765000000,-0.000660184987147
17782000000,-0.00304025865803
17792000000,-0.00292719543275
17798000000,-0.00276964118759
17810000000,-0.00258064356341
17818000000,-0.0571722665348
17832000000,-0.0536594021612
17842000000,-0.0496872077496
17850000000,-0.0669966259755
17859000000,-0.0613096222867
17868000000,-0.055453090712
17886000000,-0.0495946418127
17891000000,-0.0438659963505
17901000000,-0.0395700252362
17906000000,-0.0343113313661
17926000000,-0.029398209358
17934000000,-0.0248676878535
17941000000,-0.020739376046
17950000000,-0.0152021891102
17954000000,-0.0120038908138
17974000000,-0.00921396721835
17975000000,-0.00680844391831
17991000000,0.0443237225069
18008000000,0.0428391726604
18012000000,0.0407113597123
18021000000,0.0220430043279
18030000000,0.0201392016888
18049000000,0.0181890423491
18049000000,0.0162459021759
18049000000,0.0143517388046
18075000000,0.0125384901522
18082000000,0.0047309448479
18091000000,0.00352531224872
18101000000,0.00249705506729
18111000000,-0.0045289433604
18126000000,-0.00488519512432
18132000000,-0.00505592423511
18139000000,-0.0030009641606
18151000000,-0.00303894867943
18164000000,-0.00300031162916
18170000000,-0.00828825566508
18181000000,-0.00785115781421
18193000000,-0.00733123259644
18200000000,-0.00675717232455
18204000000,-0.00615339154949
18221000000,-0.00698757414168
18229000000,-0.00630067063721
18237000000,-0.00561853549969
18253000000,-0.0049552600767
18260000000,-0.00653833739337
18270000000,-0.00579488448975
18277000000,-0.00507954632521
18289000000,-0.00440242319089
18301000000,-0.00567694679864
18310000000,-0.00498313206421
18321000000,-0.00432533746056
18336000000,-0.00371076606197
18341000000,-0.00468095057071
18351000000,-0.00407042433213
18362000000,-0.00349898907216
18371000000,-0.00297101765158
18380000000,-0.0024895407346
18392000000,-0.00292299409262
18399000000,-0.00248169075664
18411000000,-0.00207957462381
18420000000,-0.00171742539081
18436000000,-0.00139488489424
18447000000,-0.00111054965304
18452000000,-0.000863119304789
18459000000,-0.000806013031169
18477000000,-0.000615382827557
18482000000,3.78874547301e-05
18489000000,0.00229329819237
18497000000,0.00224987663923
18511000000,0.00216377759502
18522000000,0.00204581140815
18532000000,0.001904766951
18542000000,0.0042939731422
18550000000,0.0039668867395
18557000000,0.00361819896003
18557000000,0.0032602349387
18581000000,0.00668160852868
18589000000,0.00610646123682
18598000000,0.00551374353887
18612000000,0.00492075703958
18621000000,0.00434083514875
18628000000,0.00823146751333
18639000000,0.00742664729126
18652000000,0.0066239210772
18659000000,0.0654925154458
18669000000,0.0612400356113
18669000000,0.0565153674574
18669000000,0.0515251598066
18669000000,0.0464375420357
18669000000,0.0413871770751
18719000000,0.0516224089027
18731000000,0.0460924089457
18737000000,0.0450484595417
18749000000,0.0396082537169
18769000000,0.0344338065217
18769000000,0.0295848108978
18769000000,0.025101011827
