%time,field.layout.data_offset,field.data0,field.data1
38000000,0,-429.95943108,-429.95943108
112000000,0,-429.95943108,-429.95943108
120000000,0,-428.25484253,-428.25484253
159000000,0,-362.483280482,-362.48328048
211000000,0,-314.268637285,-314.268637285
240000000,0,-264.028384989,-264.02838499
274000000,0,-169.823150157,-169.823229363
326000000,0,-96.9294936758,-96.9296355461
361000000,0,-66.8992583321,-66.8994561772
401000000,0,-40.2791343035,-40.2793834221
438000000,0,-18.7640144891,-18.7643050723
478000000,0,12.1858220992,12.185500024
520000000,0,40.7880953376,40.7877450164
555000000,0,66.8033038152,66.802924379
608000000,0,90.2575477682,90.2571394133
659000000,0,106.728614254,106.728164699
697000000,0,114.125275289,114.124805523
722000000,0,118.271628056,118.271146959
765000000,0,103.714765691,103.714270369
801000000,0,88.6434261547,88.6429180967
846000000,0,77.0260933332,77.0255754573
881000000,0,42.3861991394,42.3856818627
917000000,0,14.8475610638,14.8470448567
960000000,0,0.55484923759,0.554347803059
996000000,0,-13.4320825463,-13.4325609816
1040000000,0,-20.4020784768,-20.402545451
1081000000,0,-28.5005502862,-28.5009771845
1118000000,0,-35.072578313,-35.0729721284
1159000000,0,-39.500661423,-39.5010021625
1195000000,0,-43.5257168931,-43.5260083694
1232000000,0,-26.0995562638,-26.0997859409
1280000000,0,-9.78433718751,-9.78451156998
1318000000,0,4.43844350072,4.43831732068
1359000000,0,6.00970604849,6.00963641599
1397000000,0,6.61450687046,6.61448930941
1440000000,0,7.10469126001,7.10471590166
1471000000,0,3.10568256942,3.10574866919
1520000000,0,-0.23298009932,-0.232880321545
1562000000,0,-7.09979543425,-7.09967905885
1599000000,0,-12.9756776564,-12.9755481396
1634000000,0,-17.3998132701,-17.3996738581
1678000000,0,-26.8673176891,-26.8672041116
1722000000,0,-35.8479173475,-35.8478331169
1759000000,0,-32.5276941452,-32.5276729635
1792000000,0,-27.4192803309,-27.4193309116
1839000000,0,-23.2099573192,-23.2100670317
1878000000,0,-21.3387748224,-21.3390007368
1919000000,0,-19.6018263945,-19.6021692405
1950000000,0,-17.4633636,-17.4638570709
2001000000,0,-15.344025895,-15.3446694193
2040000000,0,-13.5857090732,-13.5864770915
2079000000,0,-12.8422436588,-12.8431179492
2120000000,0,-12.1950404265,-12.1960129192
2158000000,0,-13.1818270561,-13.1828595577
2195000000,0,-14.2094543305,-14.2105372699
2239000000,0,-15.1052876755,-15.1064145856
2277000000,0,-14.4879879473,-14.4891340994
2320000000,0,-13.9007155783,-13.9018785534
2358000000,0,-15.849474583,-15.8506274835
2399000000,0,-17.5280080895,-17.5291520488
2440000000,0,-18.9980500262,-18.9991861553
2481000000,0,-15.4697286965,-15.4708300497
2519000000,0,-12.0506913049,-12.0517604053
2560000000,0,-8.74161745876,-8.74262751565
2596000000,0,-5.74351728633,-5.74447326749
2640000000,0,-3.18870497568,-3.1896148759
2675000000,0,-5.42607760001,-5.42690273666
2712000000,0,-8.3369927429,-8.33771944662
2756000000,0,-7.43396543424,-7.43458317587
2799000000,0,-5.20685716926,-5.20734055713
2839000000,0,-6.35957739503,-6.79236363285
2876000000,0,-9.01326098223,-9.38049500632
2920000000,0,-11.2148995055,-11.5277478696
2954000000,0,-10.5191324712,-10.4173845792
2999000000,0,-7.55209779807,-7.46545733506
3040000000,0,-6.60651241254,-6.57240455565
3081000000,0,-5.93497396248,-5.90590424786
3117000000,0,-5.33331616272,-5.30876031504
3159000000,0,-2.78841858052,-2.76780211448
3198000000,0,-0.597788223422,-0.580210863052
3239000000,0,1.42066812568,1.43544523974
3278000000,0,2.94133267591,2.95394475236
3318000000,0,4.34983455952,4.36043971677
3351000000,0,4.4917059862,4.50068322274
3397000000,0,4.30520078384,4.31261198896
3442000000,0,4.1481673234,4.15425996091
3483000000,0,0.87561486889,0.880732484044
3519000000,0,-2.35916278608,-2.35492879635
3557000000,0,-3.63956687894,-3.6361277309
3600000000,0,-4.24580260914,-4.2430390172
3637000000,0,-4.76034020417,-4.75814998558
3679000000,0,-4.71468376776,-4.71295944635
3717000000,0,-4.65250958887,-4.65118392977
3761000000,0,-4.09798159707,-4.09701142002
3799000000,0,-3.61490125427,-3.61422592196
3839000000,0,-3.20324753105,-3.20282345507
3879000000,0,-1.87641802931,-1.87619426072
3919000000,0,-0.549736478654,-0.549695199474
3956000000,0,0.978995560709,0.978903138246
3999000000,0,2.35578454644,2.35557584643
4038000000,0,3.44737117389,3.44707028473
4079000000,0,3.76879602443,3.76841190777
4118000000,0,3.70859167449,3.70814678287
4158000000,0,3.37812340151,3.386323316
4194000000,0,3.06384443131,3.07090657668
4238000000,0,2.68697966454,2.69267745979
4278000000,0,2.08426189569,2.08912192607
4319000000,0,1.41117355544,1.41513419236
4360000000,0,0.849269143955,0.852552963362
4398000000,0,0.365694407598,0.368399080712
4438000000,0,-0.0578150412996,-0.0556175766793
4480000000,0,-0.836974002765,-0.835242456963
4518000000,0,-1.5054252933,-1.50408320372
4551000000,0,-1.49084935637,-1.48983705419
4601000000,0,-1.3478652071,-1.34721551252
4641000000,0,-1.24080688072,-1.2404286854
4682000000,0,0.157543662309,0.157676063958
4725000000,0,1.32737402092,1.32730553989
4768000000,0,2.89356315267,2.89328131448
4803000000,0,4.31403372826,4.31356468111
4841000000,0,5.32908427426,5.32848145026
4879000000,0,5.27304080856,5.27229628628
4927000000,0,5.07946063415,5.07860514418
4958000000,0,3.32908031802,3.32815165927
4997000000,0,1.86238455402,1.86141416798
5037000000,0,0.63327016038,0.632264810148
5080000000,0,-0.267578643378,-0.268587654676
5121000000,0,-1.02963222939,-1.03064222525
5162000000,0,-0.78027773286,-0.781260356872
5197000000,0,-0.510551497217,-0.511507949803
5239000000,0,-0.280705935997,-0.281640087256
5280000000,0,-0.0136063563967,-0.0144989836841
5319000000,0,0.226706132864,0.225852064413
5359000000,0,1.63858522324,1.63777800787
5397000000,0,2.84192593584,2.84115806585
5442000000,0,3.96824919325,3.96751815101
5477000000,0,3.82686595384,3.8261637051
5516000000,0,3.6173230128,3.61664679424
5562000000,0,4.7548312989,4.75416307897
5602000000,0,5.99189438781,5.99123283894
5638000000,0,6.87623792418,6.8755811423
5679000000,0,5.7568832923,5.75615238781
5718000000,0,4.68913766818,4.68833968152
5761000000,0,2.92234518851,2.9214494448
5795000000,0,1.58855317199,1.58758453334
5831000000,0,0.0314851779973,0.0304314347404
5873000000,0,-1.57018160133,-1.57134885561
5918000000,0,-2.93864375948,-2.93990988552
5959000000,0,-1.88555100034,-1.886868566
6000000000,0,-0.912734409202,-0.914092859762
6035000000,0,-0.180657410874,-0.182046628469
6077000000,0,1.35865586849,1.35725321552
6115000000,0,2.7945131496,2.7931030828
6159000000,0,3.39311083761,3.39171296785
6200000000,0,3.75253713688,3.75115280575
6237000000,0,4.05073655306,4.0493634469
6277000000,0,4.06826986611,4.06694972633
6313000000,0,4.05976341395,4.05848859485
6361000000,0,2.87247610025,2.83442668054
6408000000,0,1.50030075567,1.4677681715
6439000000,0,1.02412283825,0.996422772988
6479000000,0,0.838105045171,0.814421038929
6528000000,0,0.650819664944,0.631179082076
6560000000,0,0.0596785700078,0.0422892287304
6599000000,0,-0.621764116715,-0.636631162912
6638000000,0,0.392623047654,0.379918490931
6679000000,0,1.33444808344,1.32358691534
6716000000,0,2.06241554092,2.05297918756
6749000000,0,2.95224146371,2.94423864333
6798000000,0,4.15788820699,4.15097385376
6838000000,0,5.15815771001,5.15214640882
6878000000,0,3.97063540871,3.96534063848
6921000000,0,2.9104611328,2.90577569852
6966000000,0,3.78640208368,3.78217318769
7000000000,0,4.66317921706,4.65935669403
7051000000,0,5.39060054131,5.38711517422
7079000000,0,4.58174098099,4.5785430958
7137000000,0,3.86113364622,3.85816847664
7157000000,0,3.197933846,3.1951747982
7199000000,0,2.5784356903,2.57586512217
7237000000,0,2.07633906517,2.07392125765
7278000000,0,0.442542873945,0.440230589847
7320000000,0,-1.00194241725,-1.00417170562
7359000000,0,-1.47237089513,-1.30925619418
7396000000,0,-1.53737658057,-1.39863821577
7439000000,0,-1.592770619,-1.47480439678
7475000000,0,-0.156172249196,-0.0554416522774
7519000000,0,1.44488816303,1.53018862351
7556000000,0,2.72518289369,2.79746430949
7598000000,0,3.79147150511,3.85272309185
7641000000,0,4.59388958553,4.64684085491
7680000000,0,3.97931090223,4.02404753123
7720000000,0,3.35170539089,3.38980937927
7758000000,0,2.56187881001,2.59421277285
7797000000,0,1.90489174967,1.93255001053
7839000000,0,1.31627120573,1.33974031331
7870000000,0,-0.524002658976,-0.60080072751
7919000000,0,-2.02224789958,-2.08851111953
7958000000,0,-1.06893566689,-1.12546803345
8001000000,0,0.7096072494,0.661543934029
8039000000,0,1.82804728262,1.78700987136
8079000000,0,2.5308254383,2.4953583014
8116000000,0,3.19723418122,3.1670490527
8158000000,0,4.0208766452,3.99494857127
8198000000,0,4.747386913,4.72509915593
8236000000,0,5.39829584396,5.37926958678
8276000000,0,4.621596494,4.60548924338
8321000000,0,3.97260522183,3.95863489756
8365000000,0,1.8360093332,1.82320209708
8399000000,0,0.699407804163,0.687172552968
8437000000,0,-1.07793860917,-1.08927942357
8478000000,0,-0.998476465716,-1.01075283633
8547000000,0,-0.0648722209573,-0.0793525066936
8575000000,0,0.412962233372,0.396502845241
8599000000,0,0.719930709114,0.702065794098
8643000000,0,1.36477986983,1.34406702653
8681000000,0,1.91422762694,1.89109743088
8720000000,0,2.37146106462,2.34632013442
8767000000,0,2.88229264659,2.85532221623
8801000000,0,3.33273105607,3.30417188602
8840000000,0,3.89490417018,3.86534491832
8897000000,0,5.17457905646,5.14444730732
8920000000,0,5.66951098492,5.63915956577
8957000000,0,6.14109743841,6.11846164129
9000000000,0,6.5185143688,6.49659249417
9033000000,0,6.82269147599,6.80134303514
9078000000,0,4.55478722796,4.53611618468
9122000000,0,2.20571587042,2.18973162513
9156000000,0,1.9345000498,1.92300097124
9199000000,0,1.98942834243,1.9817595413
9237000000,0,2.03630360351,2.03191191884
9276000000,0,2.10094156772,2.10022156544
9311000000,0,2.26492388625,2.26979785122
9356000000,0,0.463045383132,0.475247461419
9392000000,0,-1.25314447272,-1.23425140211
9439000000,0,-2.64410000686,-2.61978367057
9474000000,0,-1.34395381793,-1.31173121411
9518000000,0,0.160728846154,0.200729301448
9559000000,0,1.61484366925,1.66302116115
9598000000,0,2.96335242293,3.01912692524
9635000000,0,4.0821547452,4.14423213213
9678000000,0,5.11056452677,5.18156752714
9724000000,0,5.98869548878,6.06738844688
9751000000,0,6.76415887601,6.85064871718
9800000000,0,7.60081317018,7.69574416957
9847000000,0,8.25843067191,8.35999649885
9893000000,0,7.25979038882,7.36956741479
9920000000,0,6.2258972312,6.3439001266
9958000000,0,6.11046191027,6.2369042097
9999000000,0,6.06543774639,6.19904861456
10040000000,0,6.02509739699,6.16513086189
10079000000,0,3.51620123626,3.66459595806
10126000000,0,1.42140520968,1.57666349051
10159000000,0,-0.544714416492,-0.381583622038
10199000000,0,-2.1850169713,-2.01496275649
10241000000,0,-3.58279097635,-3.40683703197
10279000000,0,-1.1402055847,-0.956316784767
10319000000,0,1.09351767987,1.28403129822
10359000000,0,0.509220337022,0.707149069249
10402000000,0,-0.301173962686,-0.0963154140547
10443000000,0,-0.910062667939,-0.699997403476
10487000000,0,0.629294314671,0.846747745612
10530000000,0,2.11701319172,2.34123280039
10558000000,0,4.65898815559,4.89168122925
10599000000,0,6.8370856052,7.07696798444
10640000000,0,8.7885359892,9.0348600309
10664000000,0,8.00763914979,8.26468113496
10719000000,0,7.37209989335,7.63729314138
10760000000,0,5.8482051612,6.1233737457
10798000000,0,4.38255056813,4.66672372285
10838000000,0,3.14015988793,3.43482849703
10878000000,0,2.13665726363,2.4399321629
10918000000,0,1.23739329621,1.54839434535
10958000000,0,-0.239514539201,0.0796597769902
10993000000,0,-1.46030430583,-1.13440825894
11035000000,0,-2.69548563458,-2.36280763257
11082000000,0,-1.45644343157,-1.11759810288
11119000000,0,-0.349168053209,-0.00505501560042
11159000000,0,1.95989551178,2.3083221592
11199000000,0,4.01636969549,4.36857127719
11239000000,0,5.76902949115,6.12444417592
11281000000,0,5.73766179304,6.09537235235
11318000000,0,5.61401838106,5.97341031915
11357000000,0,3.81305103623,4.1334176225
11396000000,0,2.2827353088,2.60927361843
11444000000,0,0.819935577609,1.15237867175
11476000000,0,0.757359362323,1.09310332662
11520000000,0,1.15469075799,1.49341016029
11553000000,0,0.882541866316,1.22242986215
11601000000,0,0.52575875904,0.866921833614
11638000000,0,0.246661004405,0.588821838068
11675000000,0,0.691730416794,1.03357733768
11718000000,0,1.19980720371,1.54118953519
11757000000,0,2.25030827447,2.59024810909
11800000000,0,3.19076757728,3.52940090067
11840000000,0,3.97366166359,4.31120735347
11878000000,0,4.39370648474,4.73055260173
11922000000,0,4.69720930628,5.03350509565
11959000000,0,4.47055835375,4.80734296126
11996000000,0,4.25219490781,4.58944510361
12053000000,0,4.04655978256,4.38424350944
12080000000,0,2.88866124928,3.22743216113
12139000000,0,1.92535960889,2.26501011346
12157000000,0,0.387875395721,0.728337865733
12190000000,0,-1.18658602456,-0.845381838366
12239000000,0,-2.36821509993,-2.02642226498
12278000000,0,0.197148515172,0.538212596823
12322000000,0,2.46864539541,2.8090812805
12354000000,0,1.79454708123,2.13301252666
12408000000,0,0.947850144571,1.28434379136
12438000000,0,0.311420471795,0.64645421059
12491000000,0,1.01130526369,1.34222449879
12516000000,0,1.7247864547,2.05179289549
12560000000,0,1.98936528979,2.31023955954
12601000000,0,2.17487432193,2.49075290443
12639000000,0,2.34474607533,2.65602799084
12676000000,0,3.20694078114,3.51171990018
12713000000,0,4.30228504663,4.59925708472
12761000000,0,5.40081040612,5.69012874307
12796000000,0,6.35930503041,6.64195632655
12837000000,0,7.38870078372,7.66418960317
12879000000,0,5.26153203236,5.52751348934
12916000000,0,3.28188569472,3.53924030095
12955000000,0,3.6953056834,3.94261601462
13007000000,0,4.17790745076,4.41684702813
13038000000,0,4.63254211059,4.86359721032
13079000000,0,2.60602234399,2.82631448878
13111000000,0,0.711935962076,0.922377663419
13145000000,0,-0.319678357582,-0.116067995979
13200000000,0,0.426362696073,0.620410674163
13236000000,0,1.06209694682,1.2479964062
13276000000,0,1.8939255355,2.06893708573
13320000000,0,2.57649375954,2.74256780442
13360000000,0,3.83485284753,3.98961647913
13403000000,0,4.89407915937,5.03962675128
13444000000,0,5.87926250532,6.01623819648
13479000000,0,5.35618574788,5.48402452548
13511000000,0,4.8045589681,4.92330487778
13560000000,0,4.42921852837,4.5380798138
13600000000,0,4.15903602857,4.25925476954
13640000000,0,3.91696926681,4.00944465508
13681000000,0,3.25335773263,3.3372088076
13723000000,0,2.40533449745,2.48018493015
13759000000,0,2.25190543493,2.31681639894
13797000000,0,2.16684827916,2.22354369594
13839000000,0,2.0940767555,2.14374331735
13877000000,0,1.33976300346,1.37958995443
13918000000,0,0.606464667521,0.63700636287
13958000000,0,1.3855278016,1.40604533997
13998000000,0,3.2521979986,3.26097536112
14039000000,0,3.0000501894,2.99813833278
14075000000,0,2.66367067855,2.6495253572
14119000000,0,2.43492547781,2.41248722342
14157000000,0,2.15545393798,2.1206331781
14201000000,0,1.90890567283,1.86311171925
14239000000,0,3.58235996214,3.52500033274
14284000000,0,5.03065626285,4.96357327749
14320000000,0,6.46502333629,6.38827932471
14363000000,0,6.1384005745,6.05153639882
14401000000,0,5.77040275412,5.67521779031
14441000000,0,5.44841001307,5.34587443183
14487000000,0,4.62833687389,4.51922438786
14520000000,0,3.12513935006,3.00932591073
14558000000,0,3.10303088856,2.98160175384
14603000000,0,3.21793703608,3.09129250736
14636000000,0,3.30013359544,3.16979139187
14680000000,0,1.37270781964,1.23827638843
14720000000,0,-0.297570929502,-0.434844813682
14759000000,0,-0.815018350948,-0.95456358894
14799000000,0,-0.431524552905,-0.57277903676
14842000000,0,-0.104783065938,-0.24748352444
14878000000,0,-0.00499861111911,-0.148369416029
14920000000,0,0.0675282952678,-0.0763529920603
14959000000,0,1.53953815183,1.39578713127
14999000000,0,2.97043240142,2.82685855617
15042000000,0,2.81589976787,2.67301980434
15082000000,0,2.64013409673,2.49790463951
15118000000,0,2.50135223115,2.35963632638
15159000000,0,2.85526328639,2.71448485254
15197000000,0,3.23962026873,3.09975270594
15234000000,0,3.55850357836,3.41939170507
15279000000,0,3.19570951163,3.05760469631
15316000000,0,2.71386464474,2.57665344685
15359000000,0,2.10893538935,1.97296551628
15400000000,0,1.58720003019,1.45232990668
15438000000,0,1.15434123242,1.02038365008
15479000000,0,1.05253146943,0.919641425478
15519000000,0,0.978088944009,0.846047089891
15556000000,0,2.05343222812,1.92220096597
15596000000,0,3.15235073041,3.02192586817
15639000000,0,3.99810081394,3.86829675997
15683000000,0,4.20921222843,4.08007901758
15723000000,0,4.38427332388,4.25574135404
15761000000,0,3.58862403186,3.46058326263
15800000000,0,2.70413114278,2.57658588536
15840000000,0,1.9892504551,1.86210561227
15879000000,0,0.748382962366,0.621614579272
15921000000,0,-0.494286970558,-0.620700818312
15983000000,0,0.555578712826,0.429611412039
16009000000,0,0.919208054632,0.793382461305
16044000000,0,1.50368416398,1.3780862818
16086000000,0,0.956724961697,0.831346257227
16121000000,0,0.465805102925,0.340604936986
16159000000,0,1.29633954925,1.17129832534
16198000000,0,1.99973730643,1.87482529326
16239000000,0,2.64785114711,2.5230582018
16278000000,0,3.55135749023,3.42667020955
16320000000,0,4.31726051027,4.19266110883
16360000000,0,3.11473703902,2.99026445537
16399000000,0,1.82303961196,1.69869131618
16447000000,0,0.683537165837,0.559298519589
16479000000,0,1.10053337118,0.976381572502
16519000000,0,1.71703860121,1.59296792558
16558000000,0,2.21452694467,2.09053890645
16599000000,0,2.59375030795,2.46983077732
16650000000,0,2.91690319843,2.79304204129
16680000000,0,1.34366752985,1.2198368869
16723000000,0,-0.313294623023,-0.437100720096
16759000000,0,0.58155076316,0.457726576358
16802000000,0,1.61131618446,1.48747195067
16837000000,0,2.5339230985,2.41006090285
16878000000,0,2.2795498862,2.15562489404
16920000000,0,1.95422641622,1.83023803199
16955000000,0,3.99695946163,3.9305735996
16999000000,0,5.91007857244,5.83507363635
17039000000,0,7.54033123643,7.45798162536
17078000000,0,6.09045760906,6.00234832791
17115000000,0,4.48711397061,4.39330276916
17159000000,0,3.11122208016,3.01298207537
17197000000,0,1.93033301184,1.82832375639
17239000000,0,0.64663281544,0.541495178479
17279000000,0,-0.567148015649,-0.67508650962
17321000000,0,-1.57416604739,-1.684428283
17359000000,0,-1.81804936379,-1.93032548959
17398000000,0,-1.99693620622,-2.11080123623
17444000000,0,-2.14635097439,-2.26154313416
17479000000,0,-1.12330479492,-1.23966074979
17517000000,0,-0.12947450988,-0.24678863569
17558000000,0,1.88850511961,1.77045079722
17592000000,0,3.71671329051,3.59801364876
17640000000,0,5.31045236549,5.19119016686
17675000000,0,6.67694073545,6.55728978739
17723000000,0,7.98439490567,7.86441161592
17761000000,0,7.15729257935,7.037111992
17792000000,0,6.23668930133,6.11633250615
17839000000,0,5.45533469661,5.33482835306
17881000000,0,3.1725578217,3.0519755072
17906000000,0,1.24168794171,1.12104611348
17952000000,0,-0.191624430762,-0.312322000582
18000000000,0,-1.4247901361,-1.54554885682
18039000000,0,-2.44091612025,-2.56172522886
18087000000,0,-2.32553797971,-2.4463757133
18126000000,0,-0.542673258094,-0.663514797786
18160000000,0,0.34416790358,0.195803473595
18196000000,0,1.02062497653,0.876048473525
18248000000,0,1.71920570167,1.57854101135
18278000000,0,3.20273282409,3.06499636182
18321000000,0,4.53379796376,4.39849868259
18361000000,0,3.59371555981,3.46053807502
18397000000,0,2.76249172169,2.63108025549
18436000000,0,2.08516465329,1.95519223445
18477000000,0,2.19213236225,2.06351477437
18515000000,0,2.79767350322,2.67025058384
18557000000,0,2.95403523556,2.82754275855
18595000000,0,3.07387789671,2.94814134511
18638000000,0,3.18430145112,3.05926141393
18670000000,0,3.06284554728,2.93825029205
18718000000,0,2.8282054388,2.70425483062
18745000000,0,2.73560351953,2.61214477105
