%time,field0,field1,field2,field3,field4,field5,field6,field7
105000000,0.00232368074895,0.0163625852738,0.00818129263691,0.00793016568097,2.23652872593e-27,5.55204786948,-3.73473676615e-20,0.00183995879616
111000000,0.0133498377205,0.0940051072821,0.0470025536411,0.0455597977416,-3.5641241441e-15,31.8972122603,-2.14565317459e-19,0.0105707943539
121000000,0.0173407649467,0.1221078865,0.0610539432499,0.0591798762049,2.77572053897e-15,41.4328677127,-2.78709510457e-19,0.0137309279729
182000000,0.0173407649253,0.122107886566,0.0610539432515,0.0591798761125,5.83434009783e-11,41.4328677118,-2.78709510449e-19,0.013730927974
213000000,0.0168019311271,0.123875654833,0.0610316168741,0.0609160479367,0.001370911378,41.4144304155,-2.78533948611e-19,0.0137453278783
240000000,0.021504275341,0.108385078724,0.0612299234934,0.0453773826071,-0.0110528508388,41.6211475443,-2.80069367427e-19,0.0136307221204
293000000,-0.000228137268411,0.00256437042396,0.000532121656861,0.00465649214193,0.00102602517414,0.384848046576,-2.58896167135e-21,0.000148768607461
307000000,-0.0138862928594,-0.133438591043,-0.0609425155089,-0.0684357941295,-0.00923457084904,-41.2729714798,2.77570046712e-19,-0.0138154310511
368000000,-0.0137689552087,-0.133835291418,-0.0609318508886,-0.0691888436834,-0.00954350293631,-41.2673857391,2.77533620813e-19,-0.0138178980624
408000000,-0.0139404062914,-0.133277112188,-0.0609351583258,-0.0688722349628,-0.00908657832707,-41.2749748633,2.77590891505e-19,-0.0138133378273
439000000,-0.0141420031975,-0.1326177014,-0.060940740804,-0.0683916642406,-0.00854881100007,-41.2841232454,2.77657658116e-19,-0.01380808942
486000000,-0.0144003190793,-0.131770103611,-0.0609493405774,-0.0676830139332,-0.00785949026235,-41.2959888449,2.77742759482e-19,-0.0138012407331
520000000,-0.0146872023482,-0.130827535089,-0.0609595739242,-0.066852114801,-0.007094158899,-41.3091868104,2.77837075062e-19,-0.0137927289986
571000000,-0.0149547903087,-0.129948035686,-0.0609693097889,-0.0660648417969,-0.00638057215347,-41.3214772143,2.77924996655e-19,-0.01378282946
634000000,-0.0151793995773,-0.129209821398,-0.0609774763854,-0.0654043407054,-0.00578180386024,-41.3317649925,2.779988069e-19,-0.0137710560734
677000000,-0.0153213121017,-0.128743956541,-0.0609823543152,-0.0650053205822,-0.00540368560843,-41.338233517,2.78045513337e-19,-0.0137556046436
700000000,-0.0154193586487,-0.128422477316,-0.0609855549144,-0.0647409294404,-0.00514280072305,-41.3426747493,2.78077803824e-19,-0.0137378119934
720000000,-0.0155958217539,-0.127842164554,-0.0609921782125,-0.0642089023126,-0.00467259467267,-41.3507609292,2.78135715122e-19,-0.0137152966795
779000000,-0.0157278496027,-0.127408097378,-0.0609970198676,-0.063817881465,-0.00432006616029,-41.356873204,2.78179086499e-19,-0.0136884567695
810000000,-0.0158541953756,-0.126992606712,-0.0610017013646,-0.0634404754117,-0.00398266742036,-41.3627226976,2.78220587076e-19,-0.0136564826093
859000000,-0.0159644314692,-0.126630093576,-0.0610057736289,-0.063111887415,-0.00368814890859,-41.3678360245,2.782568055e-19,-0.0136206312122
881000000,-0.0160148128777,-0.126464826516,-0.0610073889845,-0.0629775752732,-0.00355301129392,-41.3702270455,2.78273411706e-19,-0.0135823788009
929000000,-0.0140668147623,-0.111854808319,-0.0538476453677,-0.0557765700105,-0.00329095474089,-36.5133634799,2.45602145946e-19,-0.0119291195226
961000000,-0.00970151157977,-0.080486351452,-0.0382657166803,-0.0404941875082,-0.00310016923389,-25.9405714459,1.74480333165e-19,-0.0083805677773
1013000000,-0.00331454101348,-0.0350020435926,-0.0156063013877,-0.0183884574093,-0.00294450459936,-10.5646006892,7.10484543334e-20,-0.0032394078191
1041000000,0.00338786896893,0.0127498963078,0.00817928453015,0.00482567283259,-0.00278005830398,5.57554656636,-3.75237762766e-20,0.00215458949705
1088000000,0.0106355221822,0.064263535133,0.0338583717245,0.0298514900636,-0.0026403621572,23.0008013344,-1.54740731621e-19,0.00797247640943
1121000000,0.0181040326755,0.117275147501,0.0602957530653,0.0555951744988,-0.00251921636689,40.940748846,-2.75419985815e-19,0.0139575471338
1167000000,0.0182932945262,0.118979653274,0.0610872267215,0.0564665201904,-0.0025420878981,41.476925779,-2.79022620736e-19,0.0141705277555
1212000000,0.0182606178905,0.119087278329,0.061086113097,0.0565588887844,-0.00245205069299,41.4751456721,-2.79011831212e-19,0.0142005238308
1249000000,0.0182304043956,0.119186809026,0.0610850857131,0.0566442113325,-0.00236862003525,41.4734820929,-2.79001852496e-19,0.0142213574534
1286000000,0.0182068102446,0.119264546913,0.0610843208445,0.0567086439983,-0.00230277961341,41.4721149446,-2.7899404563e-19,0.0142336616182
1327000000,0.0168598898617,0.110020775155,0.0564232853892,0.0522553530178,-0.00224431132257,38.3081991119,-2.57712100633e-19,0.013187164928
1372000000,0.0153905635025,0.0998573462508,0.0513118402425,0.0473475495958,-0.00220315706644,34.8387527494,-2.34374779806e-19,0.0120280221553
1402000000,0.013946833429,0.0898235334929,0.0462734941436,0.0424939677083,-0.0021770581489,31.4190317071,-2.11371747541e-19,0.0108730491895
1440000000,0.0125009668289,0.0801595216568,0.041357110867,0.0378836231654,-0.00205303523683,28.081496755,-1.88920368647e-19,0.0097329486787
1482000000,0.0117152467426,0.074550952713,0.0385654245726,0.0351415321449,-0.00208274837136,26.1868483569,-1.76176053565e-19,0.00905426108366
1522000000,0.0113750085557,0.072230840297,0.0373932064716,0.0340193677678,-0.00207475287929,25.3911003086,-1.70822712535e-19,0.00872684449335
1565000000,0.0118683154721,0.0757722913079,0.0391530774805,0.0357377153892,-0.00206867158993,26.5852322585,-1.78854529195e-19,0.00904470982481
1609000000,0.0129962651059,0.0838200561108,0.043160000788,0.0396470384801,-0.00205250601461,29.3042800141,-1.97143722387e-19,0.00985520916751
1649000000,0.0145397928244,0.0948067018605,0.0486343294128,0.0449833585998,-0.00203246307724,33.0192076303,-2.22131518479e-19,0.0109864970436
1682000000,0.0170042002031,0.112287430079,0.0573541624935,0.0534690579118,-0.00200808133228,38.936699667,-2.61934971092e-19,0.0128374656539
1746000000,0.0180366238357,0.119821423909,0.0610796185035,0.0571140784435,-0.00184681705023,41.4641743431,-2.78937685881e-19,0.0135578839468
1777000000,0.017984751034,0.119991857945,0.0610775163901,0.0572796053884,-0.00171269480835,41.4622376506,-2.78920686236e-19,0.0134379116201
1818000000,0.0179902170781,0.119973139902,0.0610778152663,0.0572554325316,-0.00173184232642,41.462945401,-2.78922499439e-19,0.0133147492882
1845000000,0.0179729043641,0.120029348836,0.0610771453994,0.0573067380708,-0.00169188903183,41.4627638691,-2.78916880124e-19,0.0131941068219
1881000000,0.0179687037147,0.120042280167,0.0610770218445,0.0573147881595,-0.00168724449012,41.4632154563,-2.78915562323e-19,0.0130785883403
1943000000,0.0179607092154,0.120067668761,0.0610767407065,0.0573351022292,-0.00167284569025,41.4635253227,-2.78913010025e-19,0.0129727753607
1970000000,0.0179499747862,0.120104203942,0.0610764112595,0.0573666799426,-0.00163322311467,41.4619462825,-2.78909361665e-19,0.0128810628596
2002000000,0.0178514051667,0.12042901821,0.061072426958,0.0576833889419,-0.00137056337556,41.4574999869,-2.78876974813e-19,0.012809493251
2055000000,0.0178092357477,0.120567452294,0.061070825668,0.0578112523534,-0.00126088596459,41.4558704516,-2.78863115601e-19,0.0127596049374
2098000000,0.0177956341086,0.120611762737,0.0610703827181,0.0578469226656,-0.00122686977729,41.4554606314,-2.78858668412e-19,0.0127345163616
2135000000,0.0178086187957,0.120568632074,0.0610710129754,0.0577974981249,-0.00126204956268,41.4560600925,-2.78862977051e-19,0.0127316311789
2181000000,0.0177807349816,0.120658786582,0.0610708895358,0.0578227649101,-0.00118673573528,41.4547676991,-2.78853513581e-19,0.0127506872815
2205000000,0.0177588257125,0.120728946964,0.0610699246177,0.0578917897481,-0.00114568197208,41.4554698012,-2.7884653026e-19,0.0127871585817
2250000000,0.0178157319596,0.120541977232,0.0610723622122,0.057702357324,-0.00129069892149,41.4573760589,-2.78865144014e-19,0.0128345651482
2285000000,0.0177751100761,0.120676098215,0.0610706789791,0.0578361666232,-0.00118109081966,41.455418266,-2.7885177996e-19,0.0128915476901
2320000000,0.0177470932879,0.120768309329,0.0610695201767,0.0579276223089,-0.00110797091127,41.4543265991,-2.78842568201e-19,0.0129579413211
2381000000,0.0177412571271,0.12078734538,0.0610692931457,0.0579454163892,-0.00109401289594,41.4542353124,-2.78840645398e-19,0.0130336900002
2413000000,0.0177597573212,0.120726174795,0.0610700853006,0.0578825776092,-0.00114407580998,41.4551290716,-2.78846744684e-19,0.0131189633755
2446000000,0.0177533262616,0.120747357395,0.0610698277785,0.057902974495,-0.00112683899254,41.4548191289,-2.78844643957e-19,0.0132132074728
2484000000,0.0177488095039,0.120762385247,0.0610696535949,0.0579172849484,-0.00111333736506,41.4544568809,-2.78843162662e-19,0.0133174613649
2525000000,0.0177420393464,0.12078492538,0.0610693921201,0.057938984733,-0.00109323145883,41.4539468492,-2.78840916825e-19,0.0134292237487
2581000000,0.0177296415816,0.120826078955,0.0610688988174,0.0579792276053,-0.00105764116943,41.4531344196,-2.7883681849e-19,0.0135463985726
2623000000,0.0177024965124,0.1207583955,0.0610148430561,0.0579656511332,-0.00100133684014,41.4158911014,-2.78588992527e-19,0.0136546404938
2651000000,0.0175475444688,0.119577983404,0.0604392016771,0.0573774698049,-0.00100165948809,41.0249629083,-2.75962912652e-19,0.0136453668656
2683000000,0.017516147511,0.119531854835,0.0603874611897,0.0573827801278,-0.000936596982566,40.9891208355,-2.7572476477e-19,0.0137526591399
2733000000,0.0176720449891,0.120734564225,0.0609715397074,0.0579818285909,-0.000891733179378,41.3847645037,-2.78389884925e-19,0.0139979501211
2756000000,0.0176915752154,0.120953876646,0.0610674801739,0.0581008751594,-0.000934770692481,41.4492530277,-2.78824142007e-19,0.0141255895335
2807000000,0.0176723843048,0.120861399633,0.0610146574216,0.0580614248215,-0.00092727957686,41.414274065,-2.78582820101e-19,0.0142058285999
2852000000,0.017739073682,0.1207962833,0.061069475675,0.0579405488046,-0.00106864551831,41.4521093547,-2.78839815931e-19,0.0142935168796
2884000000,0.0174973645083,0.121595512311,0.0610594840393,0.0587424552379,-0.000411420477326,41.4403603806,-2.78759709261e-19,0.0143489858282
2920000000,0.0175995835713,0.121257512898,0.061063890773,0.0583952613859,-0.000690129668733,41.445704635,-2.78793155779e-19,0.0143572753435
2979000000,0.0176127822175,0.121213541042,0.0610645948851,0.0583422052165,-0.00072764474209,41.4466270775,-2.78797352981e-19,0.0143303501636
3008000000,0.017815387325,0.120543686566,0.0610731173351,0.057662245835,-0.00127666565784,41.4563749565,-2.7886433738e-19,0.0142707156602
3055000000,0.01774750088,0.120767458917,0.0610703429188,0.0578818934898,-0.00109504880696,41.4531854311,-2.78842106745e-19,0.0142153338844
3090000000,0.0177551445229,0.120741450696,0.0610706660211,0.0578531708746,-0.00112060375611,41.4539438927,-2.78844798059e-19,0.0141605930579
3133000000,0.0177546415389,0.120742915312,0.0610706464743,0.0578532787002,-0.001119663684,41.4538655397,-2.78844763693e-19,0.0141099054989
3172000000,0.0176140461905,0.119926888832,0.0606329635089,0.0574882584838,-0.00147347003512,41.1564747054,-2.76830507387e-19,0.0139659341609
3212000000,0.0173357560231,0.118499882892,0.0598314607074,0.0568862004958,-0.00166873488763,40.6119791287,-2.73153125607e-19,0.0137453931092
3241000000,0.0169864968912,0.116371123403,0.0587123334625,0.0559103402698,-0.00185555884132,39.852372532,-2.6803061823e-19,0.0134592311755
3280000000,0.0165924610482,0.113738459595,0.0573722223351,0.0546587491473,-0.00204269015713,38.9430428761,-2.61903467967e-19,0.0131281838187
3345000000,0.0161521613392,0.110686623411,0.0558379123202,0.0531882409361,-0.00221088927925,37.9020129477,-2.5489252024e-19,0.0127585719657
3375000000,0.0157174511475,0.107678436629,0.054324943108,0.0517392157539,-0.00234686369489,36.8757753537,-2.47980206832e-19,0.0123977621418
3403000000,0.0153212063785,0.104759453605,0.0528861636104,0.05030338044,-0.00249232128771,35.8995488865,-2.41409929956e-19,0.012056560817
3451000000,0.0149399151164,0.101982791457,0.0515126196506,0.0489423908046,-0.0026036042837,34.9676474152,-2.35137936784e-19,0.0117317201693
3485000000,0.0147005478822,0.100369882229,0.0506941482454,0.0481725186706,-0.0026538920217,34.4122550478,-2.31398297751e-19,0.0115344821947
3527000000,0.0146193340873,0.0997864588092,0.0504042147506,0.0478876011847,-0.00270834566302,34.2156016041,-2.30073129504e-19,0.0114582958441
3564000000,0.014594329819,0.0996234594697,0.0503205070443,0.0478104549612,-0.00274166307813,34.1588403349,-2.29689566707e-19,0.0114312495441
3600000000,0.0145950545471,0.0996564250824,0.0503323937784,0.0478306889876,-0.00275888787268,34.166910861,-2.29742616866e-19,0.0114286322415
3657000000,0.0146170785138,0.0998485536218,0.0504223840017,0.0479295497044,-0.00276356647876,34.2279511473,-2.30152431909e-19,0.011446460329
3688000000,0.0146358809954,0.100027316924,0.0505041858575,0.0480234512936,-0.00275775273368,34.2834025667,-2.30525020832e-19,0.0114653536453
3714000000,0.0146515571001,0.100185801745,0.0505755773569,0.0481077948329,-0.00274476071035,34.3317699169,-2.30850284688e-19,0.0114847875989
3747000000,0.0146472781871,0.100170444601,0.0505655102403,0.0481023496372,-0.00273460964265,34.3248899175,-2.30804339041e-19,0.0114885817366
3800000000,0.0146201630978,0.10002939871,0.0504867600754,0.0480419086198,-0.0027080484731,34.2710475178,-2.3044444762e-19,0.0114796048308
3843000000,0.0145714268457,0.0997945188197,0.0503516495236,0.0479455325672,-0.00266559032179,34.1791507834,-2.29826685403e-19,0.0114605421379
3880000000,0.0144787133219,0.0991686915462,0.0500343735432,0.047646219547,-0.00264160630553,33.9637768854,-2.28378538167e-19,0.0114023881797
3932000000,0.0143381080661,0.0981830299408,0.0495408828228,0.0471687691519,-0.00262113561554,33.6288481643,-2.26126368268e-19,0.0113056388386
3979000000,0.0141415252039,0.0968004053061,0.0488493185396,0.0464985293075,-0.00259844090292,33.1593609772,-2.22970046471e-19,0.0111640617513
4010000000,0.0138930527504,0.0950868980488,0.0479866701238,0.0456736385506,-0.00256558370763,32.5737141677,-2.19032302234e-19,0.0109825485962
4052000000,0.0136079356103,0.0931208471626,0.0469968646988,0.0447272578339,-0.00253081411469,31.9018025686,-2.14514049761e-19,0.0107703370531
4088000000,0.0133185430566,0.0911073558029,0.0459861791161,0.0437550166501,-0.00249994595109,31.2157569657,-2.09900738654e-19,0.0105502703116
4130000000,0.0130389272988,0.0891489439377,0.0450052844829,0.0428071969567,-0.00247226709794,30.5499469411,-2.05423618261e-19,0.0103332508312
4160000000,0.0127777869961,0.0873153108156,0.0440873735332,0.0419194966444,-0.00255476127403,29.9270344043,-2.01230364586e-19,0.0101265206879
4224000000,0.0125326891987,0.0856043712834,0.0432292651168,0.0410927770346,-0.00261896699103,29.3446854229,-1.97310527725e-19,0.00992913942072
4251000000,0.0123067386924,0.0840237006153,0.0424371475317,0.040325814589,-0.00266607784775,28.8070745528,-1.93692425282e-19,0.00974028246056
4286000000,0.0121084890448,0.0826224912572,0.0417372754192,0.039645760095,-0.00270597851623,28.3321020733,-1.90496215374e-19,0.00956767469828
4333000000,0.0119371315284,0.0814207215663,0.0411355153492,0.0390639755264,-0.00273187715592,27.9237080745,-1.87748160506e-19,0.00941076594417
4372000000,0.0117892786101,0.0803798731552,0.0406152092781,0.0385590446163,-0.0027561708827,27.5712014266,-1.85372456527e-19,0.0092672702756
4408000000,0.0116744425883,0.0794345968513,0.0401649287008,0.0380778759268,-0.00280357534743,27.2659163012,-1.83318385335e-19,0.00913343298347
4449000000,0.011564507677,0.0786498735245,0.039774274097,0.0376954131398,-0.00281073988734,27.00075415,-1.81534977855e-19,0.00900763449879
4491000000,0.0114764828396,0.0780890213788,0.0394842037313,0.0374329762571,-0.00279475332171,26.8037943347,-1.80209997461e-19,0.00890069645559
4533000000,0.0114124534837,0.077697971311,0.0392789391519,0.0372529735258,-0.00277471551903,26.6644623057,-1.7927233474e-19,0.00881156865592
4560000000,0.0113506611442,0.0773058995828,0.0390760084711,0.0370696244499,-0.00275763800787,26.5269847867,-1.78345774963e-19,0.00872398941671
4604000000,0.011291108043,0.0768692350988,0.0388606276728,0.0368547064822,-0.00275100023529,26.3810369955,-1.77363316861e-19,0.00863756200768
4641000000,0.0112262253193,0.0764260480261,0.0386369073937,0.0366417838058,-0.00273300569907,26.2293373248,-1.76342468923e-19,0.00855402533172
4690000000,0.0111147450586,0.0756809164691,0.038257938364,0.0362868605485,-0.00270565150678,25.9722416302,-1.74612643381e-19,0.00844162857403
4725000000,0.0109666492978,0.0746893092222,0.0377538818998,0.0358143584078,-0.00267342763401,25.6302493778,-1.72311713926e-19,0.00830741064332
4768000000,0.0107715308906,0.0733654460128,0.0370838878359,0.0351806357663,-0.00263938051066,25.1756464843,-1.69253366328e-19,0.00814455215922
4807000000,0.010536648554,0.0717461194452,0.0362686884201,0.0344011598835,-0.00260743882705,24.6225161329,-1.65532408508e-19,0.00795894405863
4847000000,0.0102740006164,0.0699353841998,0.0353567074781,0.0335300462916,-0.0025622775794,24.0025476126,-1.61369320597e-19,0.00776199695626
4886000000,0.00999791906283,0.068233716918,0.0344662631366,0.032745275329,-0.00247237653338,23.397815274,-1.57302012334e-19,0.00758173802666
4938000000,0.00975499292022,0.066530031462,0.0336133819161,0.0319211548167,-0.00244451528896,22.8191216597,-1.53409513759e-19,0.00742093376784
4975000000,0.00958503797509,0.0651794497756,0.0329633386698,0.0312416306604,-0.00245783370037,22.3782995599,-1.5044516644e-19,0.00731690280765
5014000000,0.00945456194416,0.0641883849236,0.0324797953996,0.030749614112,-0.00245221257958,22.0505245908,-1.4823985412e-19,0.00725570921202
5040000000,0.0093661905686,0.063463357023,0.0321339637928,0.0303815538823,-0.0024466943527,21.8154223087,-1.4666335049e-19,0.00722646579606
5081000000,0.00928910355308,0.0629940035709,0.0318872285346,0.030166292266,-0.00239855398447,21.6475541815,-1.45536808186e-19,0.00721792428707
5123000000,0.00923975793187,0.0626765478351,0.0317235944121,0.0300172411699,-0.00236339223627,21.5362713047,-1.44790199568e-19,0.00722424427768
5177000000,0.00918855615442,0.0622982032455,0.0315373455328,0.0298306429114,-0.00234158426206,21.4097219055,-1.43940988932e-19,0.0072208573177
5209000000,0.00912923197837,0.0618752905085,0.031326739369,0.0296245070516,-0.00231716035694,21.2665997136,-1.42980389707e-19,0.007205955751
5250000000,0.00906140402868,0.0614226588719,0.0310963277364,0.0294089812992,-0.00228546176048,21.1099647634,-1.41928934436e-19,0.00717941420711
5290000000,0.0089919028699,0.0609082007018,0.0308431881988,0.0291552200953,-0.00226760030755,20.937974213,-1.40774399966e-19,0.00713865004418
5326000000,0.00891436200991,0.0603623346307,0.0305702329771,0.0288904170048,-0.00224447487072,20.7525368543,-1.39529050273e-19,0.00708339968968
5368000000,0.00879865619987,0.0595474715489,0.030162824285,0.0284952243268,-0.00222247372822,20.4758702601,-1.37669914141e-19,0.0069872197522
5401000000,0.00865135094963,0.0585111756416,0.0296445281684,0.0279929004577,-0.00220119695227,20.1239769427,-1.35304542313e-19,0.00685468705513
5450000000,0.00847272800476,0.0572821189801,0.0290253264889,0.0274017472283,-0.00217391724094,19.7036035521,-1.32478178563e-19,0.00668635941206
5478000000,0.00830357883293,0.0560902821585,0.0284295635485,0.0268237433725,-0.00215504170966,19.2992164132,-1.29759171072e-19,0.00651241373384
5530000000,0.00814266418484,0.0549558118965,0.0278630174608,0.0262729618167,-0.00214857472697,18.9158834295,-1.27173854392e-19,0.00633332784734
5569000000,0.00797583943583,0.0535518694664,0.0271986983368,0.0255527228413,-0.0021914984902,18.465533939,-1.24144936426e-19,0.00612071962855
5605000000,0.00775900444162,0.0520034285007,0.0264272535802,0.0248278657481,-0.00217800512041,17.942150197,-1.20626490048e-19,0.00587204775824
5651000000,0.00751074473156,0.0503509414501,0.0255852967276,0.02404067242,-0.00213098812915,17.3701407557,-1.16781958751e-19,0.0056010942475
5681000000,0.00728799380152,0.0489540601034,0.0248591345293,0.0233901158941,-0.00207554478335,16.8778219799,-1.13465415595e-19,0.00535537224498
5730000000,0.00711776349514,0.047703719926,0.0242426811536,0.0227741274521,-0.00207485050811,16.4600345277,-1.10652783177e-19,0.0051387402438
5787000000,0.00699291322971,0.0468031383542,0.023796104408,0.0223331326479,-0.00206403229636,16.1573288853,-1.08615260162e-19,0.0049681114162
5800000000,0.00689973206631,0.0461714333054,0.023476447636,0.0220303241058,-0.00204050875589,15.9406646156,-1.0715653063e-19,0.00483447124132
5842000000,0.00684797752839,0.0458285999801,0.0233011879557,0.0218677391209,-0.00200340777591,15.8205864948,-1.06356656942e-19,0.00474738785329
5880000000,0.00680697069627,0.045875445754,0.0232697595189,0.0219460606456,-0.00189465282501,15.7987275236,-1.06209360842e-19,0.00470965881273
5923000000,0.00682445469474,0.0460855924403,0.0233607051236,0.02206203528,-0.0018509593639,15.8604425412,-1.06624108222e-19,0.00471914893742
5976000000,0.00682453166548,0.0460770040849,0.0233588204671,0.0220249329427,-0.0018319237635,15.8590085915,-1.06614020026e-19,0.00472757056325
6009000000,0.00680851571321,0.0458722572101,0.023272022122,0.0219097322009,-0.00184567930175,15.8015285818,-1.06220178272e-19,0.00473305750464
6046000000,0.00678260350232,0.045519834413,0.0231235533204,0.0217086490934,-0.00186160420618,15.7003626382,-1.05545391649e-19,0.00473399086614
6099000000,0.00668841515946,0.045010309321,0.0228436833298,0.0214851409873,-0.00179754477844,15.5099687836,-1.04266243188e-19,0.004712552185
6117000000,0.00657308021747,0.0442221064663,0.0224457722499,0.0211052201088,-0.00176928656841,15.2398774085,-1.02450079664e-19,0.004670106262
6171000000,0.00644388256474,0.0433477374275,0.0220026624756,0.0206862424805,-0.00173246277408,14.9384808591,-1.00427254857e-19,0.00462474227822
6225000000,0.00630114159976,0.0424465602418,0.0215351062795,0.0202666129543,-0.00168402865512,14.6209629579,-9.82921627517e-20,0.00458060626445
6251000000,0.00616239550175,0.0414776342919,0.0210494018699,0.0197988144295,-0.00166240873471,14.2914179937,-9.60756419018e-20,0.00453866595789
6288000000,0.00602946164459,0.040504807707,0.0205690266485,0.0193218446953,-0.00165186801896,13.9654045242,-9.38840197336e-20,0.0045013508624
6338000000,0.00589579332834,0.0395555816096,0.0200957285989,0.0188609628915,-0.00163425076578,13.6441021132,-9.17242561472e-20,0.00446651546657
6364000000,0.00579021851381,0.0388228200082,0.0197282085668,0.0185066451523,-0.00131750578165,13.3937660077,-9.00569021972e-20,0.00445174834284
6418000000,0.00571428990856,0.0383334575859,0.0194766664554,0.0182760010443,-0.00104121238066,13.2223370529,-8.89168825767e-20,0.00445656799513
6447000000,0.00565301237077,0.037917814511,0.0192667297643,0.0180762365714,-0.000814715018424,13.0793259812,-8.79657865856e-20,0.0044617697128
6528000000,0.00559827720865,0.0375320406443,0.0190742968769,0.0178883732745,-0.000626751922331,12.9482736742,-8.70936480391e-20,0.00446065023111
6532000000,0.0055444639733,0.0371940202747,0.0188988978431,0.0177306285214,-0.000461736595187,12.8287545762,-8.62975210804e-20,0.00444847989101
6571000000,0.00551237138893,0.0369282594219,0.0187727741966,0.0175946400157,-0.000336701354218,12.7427892757,-8.57267985279e-20,0.00443679086053
6610000000,0.00549063305877,0.0367902398362,0.0187015234323,0.0175297025822,-0.000219251042114,12.6940848734,-8.54051079229e-20,0.00442270426298
6645000000,0.00545005810921,0.0364819147303,0.018551830192,0.0173754394679,-0.000145506733024,12.5939001469,-8.47256926059e-20,0.00437486241002
6688000000,0.00541606109876,0.0359439825363,0.0183319345307,0.0170649480287,-0.000144353289056,12.4450870093,-8.37287355736e-20,0.00429276654988
6722000000,0.00534243198585,0.0353800678916,0.0180575644621,0.0167833474969,-8.76178210909e-05,12.2587717006,-8.24791297626e-20,0.00418104219554
6764000000,0.00524239762083,0.0347128522907,0.0177179849526,0.0164652593191,-2.04441827898e-05,12.0280667179,-8.09302726356e-20,0.00403749395912
6792000000,0.00511511774832,0.033878381464,0.0172906025585,0.0160704428457,4.78883126844e-05,11.7374248602,-7.89798291221e-20,0.00386542222262
6848000000,0.00496531166573,0.0329097018963,0.0167925446008,0.0156143668282,0.000103365644483,11.4000498459,-7.67065353177e-20,0.0036760818871
6886000000,0.00486251291083,0.0320667923346,0.0163908183988,0.0151855024897,0.000103592867789,11.1279882024,-7.48756238037e-20,0.00351121062374
6920000000,0.00477737412591,0.0314132100694,0.0160730572517,0.0148593544036,0.00011753357712,10.9126387655,-7.34269662572e-20,0.00337085844763
6969000000,0.00466781327189,0.0306611923341,0.015693745791,0.0144980950382,0.000154884262702,10.6546021431,-7.16959785484e-20,0.00322435065075
7000000000,0.00452618115984,0.0298376265597,0.0152535622428,0.0141277457879,0.000224607626936,10.3555054847,-6.96849698951e-20,0.00307521300554
7049000000,0.00437732311802,0.0288961097069,0.0147654652248,0.0136889986756,0.000271842345858,10.0242573901,-6.7456150807e-20,0.00292912010246
7090000000,0.00425404574228,0.0280609302102,0.0143425607376,0.0132897231444,0.00029890776173,9.73724291779,-6.55258589766e-20,0.00281224081016
7147000000,0.00414670768081,0.0273401465716,0.0139769259259,0.0129458269496,0.0003130616124,9.49029642496,-6.38572531828e-20,0.00272145941142
7160000000,0.00401063148159,0.0268696889226,0.0136617639008,0.012798654313,0.000458846734504,9.27539316936,-6.24118922195e-20,0.00265530616754
7205000000,0.00394319750827,0.0263136525208,0.013396965404,0.0125157685086,0.000454927266975,9.09555085584,-6.12045739474e-20,0.00260436368481
7253000000,0.00386411997876,0.0259096237396,0.0131701040668,0.0123452906026,0.000504088956496,8.94176572385,-6.0167336454e-20,0.00257066191197
7280000000,0.0038346869328,0.0256898374306,0.0130623855501,0.0122365198097,0.000510682281899,8.86896122207,-5.96762222925e-20,0.00257416515947
7337000000,0.00383756886079,0.0256663176302,0.013057871532,0.0122177254357,0.000509832553545,8.86608710337,-5.96566429842e-20,0.00261179880203
7359000000,0.00385323581742,0.0256799191365,0.0130777393445,0.0122134901961,-0.000624744818799,8.88133673489,-5.97107798151e-20,0.00266886215214
7408000000,0.00384888260439,0.0257764324382,0.0131023714229,0.0122864460856,-0.00151104174431,8.89781211339,-5.97892911732e-20,0.0027417416271
7440000000,0.00383353318861,0.0259206294129,0.013131116484,0.0124021080915,-0.00222557910799,8.91774735579,-5.98901866694e-20,0.00283348607294
7490000000,0.00382544896664,0.0257502832493,0.0130628803176,0.0123037782513,-0.00291480337604,8.87254722574,-5.95578500423e-20,0.00291868430024
7519000000,0.0037767353409,0.0253949444767,0.0128860936445,0.0121317277268,-0.00347452477961,8.75401375728,-5.87324213326e-20,0.00299271117856
7572000000,0.00372420272474,0.024805295337,0.0126256582789,0.0118112755823,-0.0039779836922,8.57703831384,-5.75304423807e-20,0.00305153460358
7618000000,0.00364416536116,0.0241032552631,0.0122961071066,0.0114483759682,-0.0043875791429,8.35332324791,-5.60146109345e-20,0.00308760608471
7640000000,0.00354533672994,0.0233155481779,0.0119163556499,0.0110513457392,-0.0047305054038,8.09573769478,-5.42710548035e-20,0.0031041968071
7690000000,0.00344947601822,0.0226507831661,0.0115819239467,0.0107305989291,-0.00500206433153,7.86989564016,-5.27351988666e-20,0.00311953867868
7732000000,0.00339051722262,0.021999178795,0.011294375448,0.0103723391605,-0.0052848842834,7.67539041309,-5.14179408306e-20,0.00312828291548
7773000000,0.00333395065407,0.0215036222958,0.0110620988839,0.01011067538,-0.00548900293763,7.51775799357,-5.03521647713e-20,0.00312661491599
7817000000,0.0032800706711,0.0211341247217,0.0108754448303,0.00992825974776,-0.00563547334613,7.39109001054,-4.94943069408e-20,0.0031136981826
7847000000,0.00323883062795,0.0208426668898,0.0107296254118,0.00978345199274,-0.00575658310705,7.29213341043,-4.88240706638e-20,0.00308871031127
7883000000,0.00323277582952,0.0208019514428,0.0107103397729,0.00975920537362,-0.0052460196626,7.27842762556,-4.87533304234e-20,0.00307324503165
7920000000,0.00324012887085,0.0210022778728,0.0107873420887,0.00987789736346,-0.00476866556928,7.32997400084,-4.91176399658e-20,0.00306605382235
7979000000,0.00325405720742,0.0209983026631,0.0108025595945,0.00985759874926,-0.00440875259046,7.33870296903,-4.92009667913e-20,0.00303062809144
8024000000,0.00328189987076,0.020609096791,0.0107048346653,0.00956982039896,-0.00424922647807,7.2733293324,-4.87745655947e-20,0.00295238422545
8041000000,0.0032391002147,0.0202459568609,0.010534308359,0.009382208704,-0.00400024442573,7.15781603793,-4.80068337382e-20,0.00285763709147
8094000000,0.00318168206218,0.0198056881087,0.0103205908466,0.00916234757289,-0.00377395362439,7.01230462,-4.70398893119e-20,0.00275165362096
8115000000,0.00309067945699,0.0193588071974,0.0100658235012,0.00897737758114,-0.00352191393726,6.83861205,-4.58809635306e-20,0.00263127721566
8172000000,0.00299925415619,0.0187682573752,0.00976224367611,0.00869929386858,-0.00333579924192,6.63221304158,-4.45002540087e-20,0.00249296702814
8209000000,0.00289280629727,0.0181023120501,0.00941602849909,0.00838966787602,-0.00316806893539,6.3971470756,-4.29237268691e-20,0.00234019060593
8258000000,0.00278048436634,0.0173466967833,0.00903295761944,0.00802131045461,-0.00303529309947,6.13712839653,-0.1,-0.0178243829589
8277000000,0.00277900908784,0.0163628206279,0.00871046610441,0.00706601066181,-0.00320473627343,5.91648296383,-0.1,-0.0379957089772
8334000000,0.00195914220528,0.0181980891845,0.00840334590123,0.0085305958258,-0.00117068087475,5.69013321162,-0.1,-0.0581637823484
8365000000,0.00189310785485,0.017903612574,0.00826967682534,0.00705521516453,-0.00110866674755,5.58301771482,-0.1,-0.0784001021093
8407000000,0.00170011098757,0.01827172831,0.00818910333161,0.00691192660726,-0.000584567899176,5.51717339678,-0.1,-0.0985998889556
8473000000,0.00154296604628,0.0188377028571,0.00821696978631,0.00687238107512,-0.000104663117807,5.52821895919,-0.1,-0.118577764629
8520000000,0.00157042583097,0.0187817809615,0.0082441048383,0.00640954726823,-0.000145750782021,5.54797894933,-0.1,-0.138273315001
8569000000,0.00150831634161,0.01887075038,0.00821206204555,0.00617439290283,0.000139192281761,5.51548937172,-0.1,-0.156927199672
8579000000,0.00248699198576,0.015486442841,0.00816904737578,0.00404962354653,-0.00242813345564,5.52480070813,-0.1,-0.175127819198
8605000000,0.00219757387753,0.0162164040973,0.00806788180362,0.00536163481459,-0.0015785634101,5.45885311724,-0.1,-0.1928786036
8654000000,0.00167442219873,0.0175491744034,0.00793998056364,0.00607570201635,-0.000248600007399,5.36170864546,-0.1,-0.209578271342
8685000000,0.00127844990798,0.0184013292551,0.0077799863898,0.0067856252742,0.000842322455311,5.24292424477,-0.1,-0.225300199061
8741000000,0.00119133203054,0.0182039450609,0.00759018219598,0.00757434346021,0.00112087728707,5.12841555296,-0.1,-0.239930761147
8775000000,0.0012869859599,0.017303617731,0.00738777451234,0.0072125027407,0.000899467496771,4.99831187888,-0.1,-0.253461378307
8802000000,0.00159145884034,0.0156931250967,0.00715141648448,0.00734114444489,0.000154920575487,4.86661208594,-0.1,-0.265831885222
8851000000,0.00170848406922,0.0145571690634,0.0068966770915,0.00674700859103,-0.000197359686037,4.70347970318,-0.1,-0.27709317981
8903000000,0.00223697561348,0.0118784559835,0.00657913626795,0.00526270085377,-0.00167678531277,4.51144092526,-0.1,-0.286748253961
8920000000,0.00292045224043,0.00864657828453,0.0062315497895,0.0039531888458,-0.0035286395902,4.30608898109,-0.1,-0.295775408014
8960000000,0.00283859191653,0.00782866360365,0.00584556155658,0.00405127696306,-0.00348032274422,4.05204886194,-0.1,-0.303731591999
9015000000,0.00248302636397,0.00779487248097,0.00545212828346,0.00358545014444,-0.00288825022096,3.77855632534,-0.1,-0.310524544216
9044000000,0.00217780944384,0.0075687130514,0.00504648101743,0.00301669435196,-0.00237506555507,3.49041696815,-0.1,-0.316584150909
9096000000,0.0021631446479,0.0068054053199,0.00476689750585,0.00273636566177,-0.00256326317336,3.30934516947,-0.1,-0.321614349113
9136000000,0.00208379671951,0.0066293667393,0.00462584177918,0.00235196375303,-0.00251164283028,3.21001527874,-0.1,-0.325855781766
9174000000,0.00233470065286,0.00543453972411,0.00450355077873,0.00159256439226,-0.00337612154637,3.14036172971,-0.1,-0.329343082762
9214000000,0.00232973847522,0.00506288334684,0.0043763881186,0.00118368692001,-0.00359436283791,3.05369645117,-0.1,-0.332168138888
9243000000,0.00234908100141,0.00460747552042,0.0042472291253,0.000773557066042,-0.00394008712908,2.96937998299,-0.1,-0.334405969288
9276000000,0.00220856792418,0.00465544831367,0.00411528372854,0.000472914283894,-0.00393361700918,2.87607831605,-0.1,-0.336006337337
9338000000,0.00207289692195,0.00466622007081,0.0039754149433,0.000155286622577,-0.00399107484188,2.77655998894,-0.1,-0.337190428275
9360000000,0.00203271542687,0.00465343411909,0.00393655782981,-0.000244821037481,-0.00430510529392,2.7483034219,-0.1,-0.33793585809
9400000000,0.00200773765292,0.00486478147199,0.00399087154934,-0.000549140807743,-0.00463972286023,2.78114458573,-0.1,-0.338303701988
9445000000,0.00205092815564,0.00507706409128,0.0041182908344,-0.000734084316329,-0.00515722926871,2.86801096902,-0.1,-0.338374938692
9489000000,0.00190938602586,0.00567700305905,0.00417295813081,-0.000789710923936,-0.00531855391445,2.89821797412,-0.1,-0.33820488652
9542000000,0.00183889245812,0.00580276083523,0.00414966994346,-0.00121378789629,-0.00581464392144,2.87843646965,-0.1,-0.337842375774
9568000000,0.00177860564069,0.00567533176333,0.00404786453319,-0.00166776228019,-0.0064455550507,2.80631018441,-0.1,-0.337352562881
9598000000,0.00170177467152,0.00539499421903,0.00387462608183,-0.00216654579743,-0.00716126603227,2.6870821842,-0.1,-0.336759030566
9627000000,0.00150189999745,0.00534548931573,0.00364145024865,-0.0025177677238,-0.00766196248338,2.52389917038,-0.1,-0.336092588922
9688000000,0.0013305973695,0.00504098251494,0.00335975809678,-0.00321081722975,-0.00836750214937,2.32701393456,-0.1,-0.335390414722
9727000000,0.00121020149561,0.00445192201782,0.00303237195447,-0.00386736267981,-0.00929337810058,2.10366028777,-0.1,-0.334682042568
9768000000,0.00103581243783,0.00392582540046,0.00266763723459,-0.00456929442675,-0.0101615500976,1.85048008321,-0.1,-0.333983801224
9800000000,0.000954620699208,0.0029890287099,0.00225969203749,-0.00521699689194,-0.0113747616539,1.57719762599,-0.1,-0.333319376376
9854000000,0.000735231527209,0.00239653231708,0.00182318059945,-0.00597000867098,-0.0123376271297,1.27676471173,-0.1,-0.332695106705
9892000000,0.000558680236871,0.0018291399624,0.00144096945607,-0.00665564050446,-0.0134272197359,1.01415671722,-0.1,-0.332100769345
9934000000,0.000423539254969,0.00129413572518,0.00111384123524,-0.00725426772262,-0.0146481407877,0.791132201756,-0.1,-0.331560785588
9981000000,0.000279216036004,0.000811967080244,0.000795324009189,-0.00786109026718,-0.0159084939388,0.573146907126,-0.1,-0.331087180608
10000000000,0.000156789402913,0.00027433481036,0.000481135124784,-0.00845805873973,-0.017281757488,0.3595629946,-0.1,-0.33068518298
10041000000,3.12022827448e-05,-0.000239742174944,0.000171070220185,-0.00903482600957,-0.0186992610635,0.148715399946,-0.1,-0.330360558591
10084000000,-4.74293211432e-05,-0.000527940207376,-1.08508968241e-05,-0.00946080011282,-0.0202053873302,0.0257429944156,-0.1,-0.330083044677
10140000000,-9.23104776367e-05,-0.000614146335654,-8.67006227989e-05,-0.00977050159475,-0.0217793531662,-0.0244995571412,-0.1,-0.329848437941
10162000000,-0.000138470378613,-0.000407060850447,-6.47472695458e-05,-0.00991601368545,-0.0233358500228,-0.00916632713088,-0.1,-0.329661947292
10206000000,-0.000140590010608,-0.000108110258264,3.94904689636e-05,-0.0100725087604,-0.025010176308,0.0626092045675,-0.1,-0.329523442046
10242000000,-0.000111630087354,0.000291145981672,0.000211727029342,-0.0101568505467,-0.026759263781,0.180959586606,-0.1,-0.329433858609
10285000000,-0.00010928970627,0.000420292915001,0.000261330989272,-0.0103496234974,-0.0285903238281,0.217118597048,-0.1,-0.329434808166
10334000000,-0.000152252150631,0.000372101241543,0.00020070368597,-0.0106634574986,-0.0304387820527,0.177522012996,-0.1,-0.329513001998
10369000000,-0.000173605731318,0.00033952091776,0.000168573404098,-0.0109401221995,-0.0323762767691,0.158372054082,-0.1,-0.32964049771
10402000000,-0.000147597593657,0.000288892113022,0.000167665215954,-0.0106026794178,-0.0344593177637,0.167301605435,1.12061295055e-21,-0.309811175238
10461000000,0.000419924529221,-0.0013607739331,0.000182161496136,-0.00963575625518,-0.0378372265734,0.220296755708,8.73186683377e-22,-0.290014929206
10505000000,0.000904202466852,-0.00295782941526,0.000118655738409,-0.00852618905094,-0.0411184135303,0.220443072724,9.90147119011e-22,-0.270233819996
10540000000,0.00116986985673,-0.00407322273603,-1.51282601956e-05,-0.00747230586958,-0.0439794100401,0.163271345907,1.49532388465e-21,-0.250461407112
10577000000,0.00114482231004,-0.00462736715238,-0.000266340234675,-0.00665506884909,-0.0462838965707,0.0114574412369,2.63370102088e-21,-0.230758929098
10617000000,0.000907175212963,-0.00481030599306,-0.000616427131472,-0.00606649122706,-0.0481844329264,-0.220399282166,4.297393845e-21,-0.211230375112
10649000000,0.000558045576894,-0.00490873099364,-0.00105478280119,-0.00566863201582,-0.0499429792451,-0.516461786607,6.40193976519e-21,-0.192030294332
10688000000,-1.70223821195e-05,-0.00415198388439,-0.00145627991997,-0.00484561687667,-0.051098914393,-0.80115785868,8.40407506213e-21,-0.173198078917
10732000000,-0.000256352691926,-0.00439849508912,-0.00181915035942,-0.00461434936207,-0.0532403109661,-1.04048500316,1.01530663012e-20,-0.155123830286
10767000000,-0.000571012368657,-0.00420654935211,-0.00210000821231,-0.00476219351751,-0.055193824398,-1.23901932074,1.15913697258e-20,-0.137843668891
10796000000,-0.000730600776704,-0.00429391352686,-0.00231373125198,-0.0047011123353,-0.0575217947946,-1.38324621266,1.26698860079e-20,-0.121482635752
10839000000,-0.00115421148885,-0.00333372687285,-0.00247877511456,-0.00369644533038,-0.0591487316115,-1.4988389167,1.35754902674e-20,-0.106156724674
10891000000,-0.00118250578721,-0.00354478010554,-0.00257865974761,-0.00404763232912,-0.0618420028632,-1.56785298896,1.4136707286e-20,-0.0919356313635
10932000000,-0.00111467287296,-0.00392591093857,-0.00264240168385,-0.00402839933065,-0.0647841709908,-1.60155217156,1.44840632341e-20,-0.0788891625972
10974000000,-0.00103019947665,-0.00416227732622,-0.00263542407405,-0.00408540264546,-0.0677255041811,-1.59344012686,1.45210530707e-20,-0.067033271682
11007000000,-0.00100737465505,-0.00402847317856,-0.00257909113097,-0.0036360622526,-0.0705367261881,-1.54422381302,1.43319113702e-20,-0.0562477122873
11041000000,-0.000852219493603,-0.0041689513918,-0.00245935966747,-0.00368752423986,-0.0736498288772,-1.45742259507,1.38489813881e-20,-0.046703435653
11091000000,-0.000742846774705,-0.00432646330587,-0.00240147334906,-0.00353444083953,-0.0767492226769,-1.40573092286,1.36415464492e-20,-0.0383548145524
11130000000,-0.000906276329998,-0.00373021298713,-0.00240300266516,-0.00269376269926,-0.0791307466881,-1.40371053244,1.37556659293e-20,-0.0311252277433
11168000000,-0.000821852921403,-0.00426600191092,-0.00249879155038,-0.00286034258908,-0.0823092421391,-1.45750123428,1.42557568326e-20,-0.0249568922423
11209000000,-0.000809451592526,-0.00482995626827,-0.0026892372245,-0.00293085885814,-0.0853396695237,-1.57880363529,1.51941089695e-20,-0.0197855127566
11252000000,-0.000853474671893,-0.00543936076525,-0.00295839405202,-0.00299803294733,-0.0883061327705,-1.75200170844,1.64983955356e-20,-0.0155380512038
11295000000,-0.000890386428814,-0.00606561340933,-0.00322310811402,-0.00314975233025,-0.091293649012,-1.92260545996,1.77853967543e-20,-0.0121255172358
11334000000,-0.000943639472792,-0.0066156911947,-0.00348057260405,-0.00327203267902,-0.0942111114336,-2.09067986549,1.90449422226e-20,-0.00941130019922
11373000000,-0.00100278840882,-0.00690780340856,-0.00365565592945,-0.0032498197155,-0.0969034291878,-2.20038969779,1.99272071917e-20,-0.0073152829069
11403000000,-0.00102588637312,-0.00711473770963,-0.00376037435866,-0.00325782573135,-0.0996263125573,-2.26538199945,2.04901733897e-20,-0.00577101363392
11464000000,-0.00106455878472,-0.00708193184633,-0.00380104808164,-0.00311656060153,-0.102291068316,-2.28535704013,2.07672132898e-20,-0.00476878300247
11482000000,-0.00109116819302,-0.00708053055161,-0.00383790933115,-0.00303714739808,-0.104977502883,-2.30364757327,2.10272382858e-20,-0.00412822711679
11525000000,-0.00113944350024,-0.0070601413992,-0.00389250557818,-0.00293885759198,-0.107626460554,-2.33318701575,2.1371737725e-20,-0.00388784233761
11563000000,-0.00116553928696,-0.00707730012595,-0.003933817883,-0.00290854677101,-0.11030946464,-2.35403621774,2.16538113629e-20,-0.00390268901427
11602000000,-0.00119457843665,-0.00703858748076,-0.00395940772982,-0.00285389143128,-0.112957561383,-2.36471269755,2.18660102986e-20,-0.0042515622004
11668000000,-0.0012002153886,-0.0070419588188,-0.00397173627932,-0.00286650069426,-0.115647652372,-2.36590428666,2.20151957158e-20,-0.00480465475045
11698000000,-0.00118306436915,-0.00717859053388,-0.00400203652123,-0.00300039698309,-0.118401360179,-2.37839381115,2.22412286335e-20,-0.00552718368312
11731000000,-0.00112887733706,-0.00746412680107,-0.00406735605471,-0.00222342596116,-0.121225143687,-2.40492786567,0.1,0.0135929222557
11768000000,-0.00131013314709,-0.00711626217251,-0.00418199446457,-0.00104926532498,-0.123452032933,-2.47098922939,0.1,0.0326282133079
11814000000,-0.00161121570693,-0.00650700004604,-0.00433482175075,6.10466308373e-05,-0.125407564952,-2.56713824485,0.1,0.0516461971472
11840000000,-0.00194552828421,-0.00589429225893,-0.00451798910302,0.00100541435261,-0.127300279938,-2.68648504169,0.1,0.0706405002141
11878000000,-0.00229406058238,-0.00528694663086,-0.00471704715333,0.0018847305442,-0.129146450709,-2.81894529482,0.1,0.089569634515
11929000000,-0.00261089003605,-0.00481396164103,-0.00492695029431,0.00269246306352,-0.13104703421,-2.95915580853,0.1,0.108343120009
11966000000,-0.00284677400653,-0.00456743181316,-0.00512521478215,0.00342201533801,-0.13311755276,-3.08924092333,0.1,0.126835127154
12012000000,-0.00297792515047,-0.00462357337754,-0.00531213764602,0.00405108371785,-0.135407121365,-3.20934623897,0.1,0.144906289572
12052000000,-0.00304245226653,-0.00486607301065,-0.00548818807975,0.00458256597081,-0.137844584746,-3.31923529725,0.1,0.162360507978
12091000000,-0.00291124175461,-0.00559392380708,-0.00561261435198,0.00491196327191,-0.140727553199,-3.38684494736,0.1,0.17907437254
12135000000,-0.00261792120168,-0.00671887187981,-0.00569463667997,0.00509777955582,-0.143933364577,-3.42374878021,0.1,0.194907560814
12164000000,-0.00241730509243,-0.0073677894646,-0.00571197839336,0.00536828686391,-0.14688759082,-3.41769772228,0.1,0.209878464128
12207000000,-0.00201585917789,-0.0084624172838,-0.00566385691252,0.00557821014523,-0.150225841222,-3.3640588711,0.1,0.223675986592
12250000000,-0.00175397130869,-0.008978286576,-0.00556746356515,0.00590589265372,-0.153211848387,-3.27928706112,0.1,0.236469255484
12282000000,-0.00128653143055,-0.0104535451079,-0.00557536796113,0.00589688948979,-0.156700914983,-3.26103490801,0.1,0.248163544944
12333000000,-0.00113005546157,-0.0112155874543,-0.00567591917315,0.00592293828087,-0.159506002863,-3.31368188023,0.1,0.258647242833
12360000000,-0.000687401032528,-0.0128047696234,-0.00574716675695,0.00574992495738,-0.162927623324,-3.33825330408,0.1,0.268085701668
12417000000,-0.000509689361712,-0.0134537521417,-0.00578273287177,0.00571267394475,-0.165658358051,-3.34885120459,0.1,0.276448971412
12447000000,-0.00036309665498,-0.0139101584625,-0.0057971935072,0.00606327314043,-0.168215555643,-3.34373839472,0.1,0.283783689656
12498000000,-5.04702130561e-05,-0.014996204841,-0.00583346785469,0.00585442769913,-0.17118584197,-3.35078950343,0.1,0.2901732282
12527000000,-0.000121579979074,-0.014945188038,-0.00589782956707,0.00581533028193,-0.173193607474,-3.39228506186,0.1,0.29563566129
12561000000,-6.35915154659e-05,-0.0153310184095,-0.00597200167962,0.00568370306354,-0.175440000121,-3.43750333867,0.1,0.300214999848
12620000000,-0.000198135393674,-0.0151306921525,-0.00605247540953,0.00560941655717,-0.17721023378,-3.49113657372,0.1,0.304077491371
12661000000,-8.78409288698e-05,-0.0157240478146,-0.00613862952371,0.00536857407705,-0.179501634114,-3.54137872485,0.1,0.307292369268
12681000000,-0.000239515931739,-0.0155853609137,-0.0062578074034,0.00520447543639,-0.181138036865,-3.62278919565,0.1,0.309882578744
12733000000,-0.000224916411963,-0.0160958314635,-0.00641907926416,0.00488845920938,-0.183118586814,-3.72789160194,0.1,0.31182698528
12770000000,-0.000373939944511,-0.016211360045,-0.00662201463074,0.00458855596446,-0.184681460232,-3.86615315951,0.1,0.313328812989
12796000000,-0.000485559478075,-0.0165512217338,-0.00686086799309,0.00421177018423,-0.186296308024,-4.02727137613,0.1,0.314459836687
12843000000,-0.000625285335129,-0.0169220841503,-0.00713548200568,0.00361859964395,-0.187815183015,-4.21611819218,0.1,0.315163238485
12888000000,-0.000854302397161,-0.016755047547,-0.00732709240663,0.00332766768776,-0.188975810943,-4.35111149521,0.1,0.315600583226
12942000000,-0.00092089543444,-0.0168761818297,-0.00743986906967,0.00302434861289,-0.190404969164,-4.42733065498,0.1,0.315797545141
12971000000,-0.00101854333263,-0.0169512085001,-0.00756533360754,0.00256235360777,-0.191719049076,-4.513943908,0.1,0.315781229317
13015000000,-0.00115049266351,-0.0169593845913,-0.00771047160072,0.00225170827,-0.192863214448,-4.61519910927,0.1,0.315597877227
13053000000,-0.00125590707392,-0.0171067904947,-0.00787007679258,0.00177786714492,-0.194037384873,-4.72557383189,0.1,0.315267826097
13083000000,-0.00140559874082,-0.0168772840495,-0.00795192356646,0.00153451493945,-0.194956667246,-4.78525126916,0.1,0.314857654819
13125000000,-0.00143899501268,-0.0168098535746,-0.00795872107708,0.00120405911826,-0.196049840206,-4.79071543983,0.1,0.31438410721
13160000000,-0.00149041908292,-0.0165706617814,-0.00792570361142,0.000924034191177,-0.197012691536,-4.77048810003,0.1,0.313882833096
13203000000,-0.00158795351825,-0.016259729037,-0.00792255327342,0.000755972123059,-0.19778374362,-4.7726594212,0.1,0.313351646037
13252000000,-0.00172193450165,-0.0159064491805,-0.00794290989713,0.000552555225293,-0.198443393507,-4.78985751674,0.1,0.312813718428
13290000000,-0.00172299292706,-0.0160636349835,-0.00799500974951,0.00028930878002,-0.199367706749,-4.82244428629,0.1,0.312275502551
13326000000,-0.00171789926353,-0.0163151677451,-0.00807110915447,-7.52044420237e-05,-0.200247140619,-4.87330543695,0.1,0.311744643451
13370000000,-0.00188578278251,-0.0161524466888,-0.00819359765514,-0.000397688395002,-0.200663156401,-4.96227700041,0.1,0.311235918818
13412000000,-0.00202272473349,-0.0162008357021,-0.00835481994003,-0.000776727111442,-0.201116679835,-5.07559832495,0.1,0.310759168041
13446000000,-0.00215324574705,-0.0163738942293,-0.00855151952265,-0.00120519191787,-0.201549971479,-5.21221220696,0.1,0.310325660007
13488000000,-0.00224685534046,-0.0166031874067,-0.00872715079271,-0.00162967408869,-0.201989914079,-5.33369121768,0.1,0.309959281787
13512000000,-0.00234560715283,-0.0167529008287,-0.00888085355402,-0.00202524838518,-0.2023381028,-5.440768051,0.1,0.309661268117
13563000000,-0.00240211152269,-0.0169948420321,-0.00901886885407,-0.00246047160689,-0.202714853656,-5.53616007426,0.1,0.309429391203
13600000000,-0.00249444147462,-0.0170878929301,-0.00914649844968,-0.00280748304379,-0.202926405943,-5.62597041114,0.1,0.309263918819
13640000000,-0.00255869387598,-0.0172415300905,-0.00926421387582,-0.00315390597238,-0.20314284717,-5.70786017478,0.1,0.309163383043
13681000000,-0.00261234338519,-0.0173552626016,-0.00935648611767,-0.00347786158814,-0.203305010278,-5.77264915851,0.1,0.309127090014
13733000000,-0.00266470988843,-0.0173809284134,-0.00941677630298,-0.0037678343099,-0.203388559105,-5.81600066619,0.1,0.309158308183
13760000000,-0.00270700468905,-0.01742542798,-0.00946825046485,-0.00423634869403,-0.203423582495,-5.85507726146,4.98367063119e-20,0.289243178565
13799000000,-0.00199027673996,-0.0198741858888,-0.00951714750399,-0.00507798009808,-0.205275004944,-5.85792345462,4.98592988332e-20,0.269336657588
13843000000,-0.00123940088672,-0.0224194417061,-0.00956268551707,-0.00593262704581,-0.207125401696,-5.86035080322,4.98548620977e-20,0.249423974123
13896000000,-0.000904489225187,-0.023561253081,-0.00958039729317,-0.00649914947532,-0.207885459409,-5.86034942988,4.985137698e-20,0.229539280733
13944000000,-0.000699271906192,-0.0242141417269,-0.00957027077828,-0.00700716624075,-0.208249152518,-5.84789261283,4.97650272555e-20,0.209756488343
13975000000,-0.000837573287476,-0.0238513808722,-0.00958932799294,-0.00724240149923,-0.207728058555,-5.86754095197,4.9907177803e-20,0.190164881135
14002000000,-0.00100962084666,-0.0235788364476,-0.00967424617249,-0.00758039211578,-0.207115822431,-5.93297067724,5.0352803869e-20,0.170939732801
14075000000,-0.00118102402578,-0.0233009126197,-0.00974345955303,-0.0083076760916,-0.206481339205,-5.99185006765,5.07456864331e-20,0.152151703219
14088000000,-0.0013507972017,-0.0229926773896,-0.00980083721534,-0.00896567021148,-0.205796692721,-6.04027518989,5.10770466388e-20,0.134089685056
14130000000,-0.0015869391074,-0.022416897827,-0.00985777842095,-0.00899195540043,-0.204800353392,-6.08962988891,5.13935361155e-20,0.116695716575
14179000000,-0.00186817045014,-0.0216672069151,-0.00990572237215,-0.00887849277583,-0.203652091444,-6.12990137445,5.16743096922e-20,0.100261580621
14215000000,-0.00200259821422,-0.0213664770508,-0.00994043601349,-0.00909149462098,-0.202788250816,-6.16154852197,5.18626431303e-20,0.0848421878395
14239000000,-0.00243457187104,-0.0202678548321,-0.010041761901,-0.00865235220969,-0.201163224049,-6.24117799695,5.24073890623e-20,0.0704251588981
14295000000,-0.00268059542154,-0.0199066651927,-0.0101916768768,-0.00846050086522,-0.199952866589,-6.34944874513,5.31164868855e-20,0.0570655091571
14321000000,-0.00295158507281,-0.0196123084423,-0.0103907334766,-0.00831154177666,-0.198698272539,-6.48792138095,5.4051696054e-20,0.0450360029966
14366000000,-0.00311825191846,-0.0196143285729,-0.0105755574376,-0.00829076082248,-0.197628362281,-6.61536668822,5.48948483412e-20,0.0341965193285
14401000000,-0.00325498395548,-0.0196715252742,-0.0107463121149,-0.00826964639226,-0.196585327521,-6.73183344147,5.56637021768e-20,0.0245462355384
14446000000,-0.00334576472461,-0.0198423985163,-0.0109042633039,-0.00829368066309,-0.19562759714,-6.83662197496,5.63611550389e-20,0.0160877806246
14479000000,-0.00333441229467,-0.0202578596307,-0.0110296772502,-0.00853712226011,-0.194847412804,-6.9214714968,5.68916872775e-20,0.00870652209704
14519000000,-0.00340845495414,-0.0202401102332,-0.0111063873614,-0.00840378987177,-0.193802361199,-6.97113627365,5.72130714179e-20,0.00243286785293
14569000000,-0.00340454227181,-0.0204698964634,-0.011178699915,-0.00849883418632,-0.192893653754,-7.02076004569,5.75023068818e-20,-0.00271650568795
14603000000,-0.00346118954308,-0.020512648934,-0.0112569562618,-0.0084000865107,-0.191829558362,-7.07237708537,5.78259578105e-20,-0.00707164160796
14648000000,-0.00346837662156,-0.0207221698127,-0.0113350272773,-0.0084840524653,-0.190846706784,-7.12726165086,5.81427155373e-20,-0.0106891812638
14688000000,-0.00347159192915,-0.0207539139024,-0.0113474443,-0.00845599104819,-0.189844673891,-7.13386090812,5.81604390142e-20,-0.0133939972486
14729000000,-0.00344113556166,-0.0207273550534,-0.0113015655408,-0.00845493012605,-0.1888527271,-7.10374923463,5.79113826504e-20,-0.0154497684412
14770000000,-0.00341289561132,-0.0206431641455,-0.0112385926297,-0.00841451169495,-0.187839822019,-7.06144930259,5.75849395922e-20,-0.0169080020087
14809000000,-0.00338226905936,-0.0206065699898,-0.0111883579674,-0.00842635116803,-0.186837523763,-7.02807035987,5.73167611391e-20,-0.0178360863932
14855000000,-0.003353235926,-0.0205972586247,-0.0111491621842,-0.00846238958094,-0.185827905251,-7.00311144398,5.70993485596e-20,-0.0183207300217
14883000000,-0.00332990156944,-0.020580847944,-0.0111137325864,-0.00848861187655,-0.184816055286,-6.9796870288,5.6899566179e-20,-0.018416458317
14932000000,-0.00329879029292,-0.0205966148743,-0.0110802375464,-0.00856100881744,-0.183812561722,-6.95929525777,5.67088968326e-20,-0.0181913208568
14979000000,-0.00329118055674,-0.020681081307,-0.0110968527737,-0.0086402325023,-0.182798298154,-6.97171333927,5.67474652633e-20,-0.0177108933087
15019000000,-0.0033437085787,-0.0207059148813,-0.0111627796625,-0.00862376623499,-0.181652943611,-7.01926667811,5.70201106429e-20,-0.0170172736228
15050000000,-0.00333546406531,-0.0209165333831,-0.0112208625168,-0.00879990529275,-0.180679075747,-7.06024765469,5.72475980789e-20,-0.0161646819275
15092000000,-0.00333465596081,-0.0210833608002,-0.0112732886198,-0.00892982544941,-0.179680348724,-7.09805525304,5.74504068144e-20,-0.0151890277175
15131000000,-0.00335401139717,-0.021169302611,-0.0113217203328,-0.00898295174709,-0.178632689311,-7.13311547746,5.76384924407e-20,-0.0141206387833
15174000000,-0.00335376660146,-0.0213542839074,-0.0113806493828,-0.00912754563631,-0.17765727807,-7.17487252722,5.78712594935e-20,-0.0129935745568
15196000000,-0.00335940581201,-0.0215556889308,-0.0114520933637,-0.00927215579249,-0.176681420574,-7.22530465645,5.81616490444e-20,-0.011837791637
15239000000,-0.0034010010291,-0.0216669167077,-0.0115349575817,-0.00931483987604,-0.175618596468,-7.28437694265,5.85099281442e-20,-0.0106762324495
15292000000,-0.00340341717806,-0.0218702823541,-0.0116040644185,-0.00946123255932,-0.174649702021,-7.33479069474,5.87902337167e-20,-0.00951887267197
15338000000,-0.00342275930308,-0.0219734013397,-0.0116582222214,-0.00951317006681,-0.173661669834,-7.37213761418,5.90042655542e-20,-0.00839700541347
15355000000,-0.00340845978948,-0.0221284891538,-0.0116910394548,-0.00964992228697,-0.172750407403,-7.39570108341,5.91178994867e-20,-0.00731569832572
15410000000,-0.0033907489623,-0.0222430822481,-0.0117068286402,-0.00975861821133,-0.171834955013,-7.40854684597,5.91543836961e-20,-0.00628700822725
15446000000,-0.00338034453243,-0.0222921582155,-0.0117090421631,-0.00981226415246,-0.170900633342,-7.41196398045,5.91305731389e-20,-0.00533542858038
15496000000,-0.00337169566451,-0.0223255387052,-0.0117081022051,-0.00985250829045,-0.169966694361,-7.4134398618,5.90929750386e-20,-0.00446266283036
15525000000,-0.00336683862059,-0.0223395683776,-0.011704999807,-0.00987436369847,-0.169031629888,-7.41323132259,5.90462974963e-20,-0.00366547065568
15566000000,-0.00337125351828,-0.0224246858039,-0.0117365326447,-0.00993111586077,-0.168106106792,-7.43653997133,5.91578717942e-20,-0.00294601975367
15616000000,-0.00338767202192,-0.0225732958222,-0.0118032911286,-0.0100146542018,-0.167183164647,-7.4838015714,5.94307630095e-20,-0.00231337059175
15646000000,-0.00341277518648,-0.0227719451625,-0.0118968519437,-0.0101203549901,-0.166266606399,-7.54908369859,5.98263433129e-20,-0.00175069491919
15696000000,-0.00343973369553,-0.0229825479453,-0.011996682224,-0.010231198123,-0.165355178563,-7.61883979857,6.02508588727e-20,-0.00125205289178
15741000000,-0.00347223911344,-0.023189971148,-0.012101759868,-0.0103335851357,-0.164442764826,-7.69193037246,6.07001290086e-20,-0.00081456588131
15761000000,-0.00349471529561,-0.0233543295606,-0.0121809149582,-0.0104190293472,-0.163542047596,-7.74761459803,6.10309547295e-20,-0.000426340050826
15801000000,-0.00351144477223,-0.0234543763274,-0.0122317446859,-0.0104696568126,-0.162644320555,-7.78385458186,6.12330317591e-20,-8.66862161323e-05
15840000000,-0.003519954687,-0.0235141941538,-0.0122596640234,-0.0105030419973,-0.161755922022,-7.8046944748,6.13304716564e-20,0.000207095445369
15889000000,-0.00351909167307,-0.0234898003216,-0.0122484072573,-0.0104929303155,-0.160870756184,-7.79879088764,6.12495496506e-20,0.00046587762841
15987000000,-0.00350579260474,-0.0233917090643,-0.0121980948267,-0.010448949451,-0.159994316401,-7.76645590764,6.09903545244e-20,0.000689857424081
15994000000,-0.00350212904706,-0.0233591654764,-0.0121809806041,-0.0104364039915,-0.159122645985,-7.75675477271,6.08829790838e-20,0.000847734332154
16019000000,-0.00350206854359,-0.0233487606238,-0.0121753609587,-0.0104340741376,-0.158258728707,-7.75450884146,6.08282138428e-20,0.000990818595001
16053000000,-0.0035072966989,-0.0233742851899,-0.0121880094408,-0.0104487226405,-0.157398061508,-7.7648486676,6.0857106285e-20,0.00109340817819
16102000000,-0.00350659596832,-0.0233693093616,-0.012183539259,-0.0104505360896,-0.156546721942,-7.76345358317,6.08078302869e-20,0.00117106455962
16127000000,-0.00350263943214,-0.023330223914,-0.0121638990864,-0.0104337262343,-0.155696757703,-7.75185738323,6.0689679839e-20,0.00122792541117
16167000000,-0.00350617321862,-0.0233423544387,-0.0121700868715,-0.0104416276662,-0.154852547892,-7.75767352309,6.06896092892e-20,0.00125766399849
16202000000,-0.00351510661967,-0.023400262806,-0.012197940525,-0.0104727188322,-0.154014506421,-7.77825106104,6.07885029366e-20,0.00126389702816
16249000000,-0.00353001950268,-0.0234954371968,-0.0122455933123,-0.0105208401597,-0.153170087997,-7.8132983292,6.09783148251e-20,0.00124812735236
16301000000,-0.00352954830418,-0.0237245516335,-0.0123198912803,-0.0106773843336,-0.15240826312,-7.86479867414,6.12856086318e-20,0.00121173148841
16327000000,-0.00355385264193,-0.0239391749127,-0.0124180339401,-0.0107934642632,-0.151600298825,-7.93278055888,6.17048400665e-20,0.00116275868474
16385000000,-0.00357023289526,-0.0240697096246,-0.012479032399,-0.0108618989524,-0.150784465946,-7.97605976419,6.1955194767e-20,0.00111354906541
16402000000,-0.00358622217698,-0.0240846735284,-0.0125007374804,-0.0108568301969,-0.149943212199,-7.99283991076,6.20282917881e-20,0.00106067466461
16449000000,-0.00358593791798,-0.0240513901709,-0.0124874179245,-0.0108395200164,-0.149124954128,-7.9856339329,6.19406475499e-20,0.000998559273372
16482000000,-0.00358986118571,-0.0240417571551,-0.012486844311,-0.010832986101,-0.148311326956,-7.98688138581,6.19114429224e-20,0.00092054931049
16534000000,-0.00359560990944,-0.0240809599711,-0.0125048108403,-0.0108553497897,-0.147511847924,-8.00059750917,6.19664289475e-20,0.000824700951525
16561000000,-0.00360860782828,-0.024140023145,-0.0125378338191,-0.010881874034,-0.146708625507,-8.02453117561,6.2090791887e-20,0.000711313045481
16602000000,-0.00361831381711,-0.0242431061412,-0.01258186994,-0.0109404681371,-0.145927246465,-8.05584814891,6.22644655176e-20,0.000582405036513
16639000000,-0.00363318246432,-0.0243571487578,-0.0126354987321,-0.0110006358148,-0.145144468113,-8.09360262718,6.24824209748e-20,0.000440461433186
16682000000,-0.00363913495319,-0.0243612376796,-0.0126418925562,-0.0109994080255,-0.144353529764,-8.09931011133,6.24856346808e-20,0.000301417549188
16732000000,-0.0036269186284,-0.0242798224209,-0.0125985651445,-0.010963626659,-0.143578137359,-8.07119676675,6.22612115655e-20,0.000166889929475
16776000000,-0.00362334155426,-0.0242489826998,-0.0125821714012,-0.0109511697823,-0.142804684119,-8.06126820093,6.21600718632e-20,2.45924971674e-05
16807000000,-0.00362782092347,-0.0242817953289,-0.0125964736848,-0.0109705259364,-0.142036990443,-8.07212201189,6.21990622151e-20,-0.000122679877763
16838000000,-0.00364028156182,-0.0243685151382,-0.0126380993207,-0.0110157244164,-0.141272649394,-8.10148539385,6.23629350731e-20,-0.00026956404748
16888000000,-0.00365096916686,-0.024438375999,-0.0126720060833,-0.0110521302621,-0.140510947394,-8.12557933757,6.24917560955e-20,-0.00040457767741
16933000000,-0.00365872462723,-0.0244878013952,-0.0126960844757,-0.0110782779225,-0.139741424354,-8.14417161708,6.25761573859e-20,-0.00052161493026
16960000000,-0.00369426028738,-0.0246252652774,-0.0127819460042,-0.0111306749279,-0.139117774647,-8.20397037857,6.29499597263e-20,-0.000630691977167
17028000000,-0.00373887146737,-0.0248967464556,-0.0129231843971,-0.0112591748766,-0.138494096811,-8.30090024327,6.35747160813e-20,-0.000721787733594
17046000000,-0.00378994326088,-0.0252849102748,-0.0131111286506,-0.0114551444726,-0.137869724415,-8.42963558469,6.44108680899e-20,-0.000795473236933
17087000000,-0.00382980017978,-0.0255825502029,-0.0132556753344,-0.011605380438,-0.137228910286,-8.52899660378,6.50485936477e-20,-0.000834654749346
17143000000,-0.00385716584468,-0.0257815421778,-0.0133526521357,-0.0117058532606,-0.136571574207,-8.59619008487,6.54688878134e-20,-0.000839347786282
17170000000,-0.00387656604956,-0.0258886542424,-0.0134091849035,-0.011756331086,-0.135905045469,-8.63500598697,6.57045650159e-20,-0.000818159265003
17209000000,-0.00387495460431,-0.0259617916895,-0.0134305897194,-0.011807096992,-0.135247226371,-8.65124305113,6.57781734749e-20,-0.000779940418295
17244000000,-0.00387553818423,-0.0259182998584,-0.0134151115248,-0.0117819218608,-0.134552990883,-8.64228020029,6.56853309855e-20,-0.000725874778331
17282000000,-0.00386369337782,-0.0258130204049,-0.0133644692108,-0.0117307626279,-0.133862503448,-8.60925134951,6.54313745892e-20,-0.000656651726651
17321000000,-0.00384077497854,-0.0256596005859,-0.0132848605604,-0.01166117842,-0.133176690501,-8.55653375465,6.50446069547e-20,-0.00057280613219
17373000000,-0.00381521683626,-0.0254952352138,-0.0131985377411,-0.0115875567166,-0.132490147812,-8.4993110351,6.46269821252e-20,-0.00047975038253
17417000000,-0.00378874098491,-0.0253198687174,-0.0131074687401,-0.0115078346866,-0.131800939505,-8.43893408021,6.41877101137e-20,-0.000379346906353
17453000000,-0.00376251988875,-0.0251322321808,-0.0130125753696,-0.0114198409235,-0.13110748383,-8.37602250469,6.37311604869e-20,-0.000272020081995
17492000000,-0.00374566500812,-0.0250007330328,-0.0129473662043,-0.0113574665167,-0.130411396708,-8.33329760662,6.34102750799e-20,-0.000166522220754
17536000000,-0.00373737842993,-0.0249249545859,-0.0129107842928,-0.0113213521553,-0.12971459502,-8.31003210817,6.32201803925e-20,-6.43495905859e-05
17570000000,-0.00374542508829,-0.0249642324106,-0.0129317393247,-0.0113409734029,-0.129018862435,-8.32583847243,6.32928032092e-20,2.60318284277e-05
17610000000,-0.00376788814564,-0.025107904208,-0.0130044375091,-0.0114115947415,-0.128325197064,-8.37678002785,6.36016603953e-20,0.000103717958521
17651000000,-0.003802668355,-0.0253423562667,-0.013121879422,-0.011526828749,-0.127634156773,-8.45810267642,6.41147884408e-20,0.00016767086615
17687000000,-0.00384789794397,-0.0256540085345,-0.0132773433833,-0.0116800224032,-0.126946161156,-8.56524064298,6.48015162521e-20,0.000216365399868
17721000000,-0.00390303306333,-0.0260390023676,-0.013468904381,-0.0118692830033,-0.126261381295,-8.69688249871,6.56530603711e-20,0.000247665740392
17772000000,-0.00395101627042,-0.0263766740458,-0.0136363190697,-0.0120360209152,-0.125580101633,-8.81213816277,6.63944254964e-20,0.000272589848838
17807000000,-0.00399158048524,-0.0266620152522,-0.0137771937326,-0.012177711839,-0.124912441158,-8.90825591295,6.70144197575e-20,0.000288349850035
17843000000,-0.00401563980306,-0.026934844897,-0.0138951710145,-0.0123274068218,-0.124267529752,-8.98940118985,6.75283957709e-20,0.000289274731424
17878000000,-0.00402973035259,-0.0270514225852,-0.0139491783065,-0.0123886650849,-0.123600318278,-9.02757831745,6.77518987568e-20,0.000280578141437
17934000000,-0.00403361333472,-0.0270430632446,-0.0139493470429,-0.0123816556672,-0.122923459087,-9.02914698952,6.77306419308e-20,0.000264131827341
17970000000,-0.00402488700004,-0.0269582269588,-0.0139095921442,-0.0123393820321,-0.12224394756,-9.00450726235,6.75273434703e-20,0.000240612157834
18000000000,-0.00401517540069,-0.0267785388106,-0.01383619975,-0.0122396180092,-0.12155925997,-8.95567533689,6.7171613866e-20,0.000212710098752
18042000000,-0.00398358104993,-0.0265890993803,-0.013734515377,-0.0121554493203,-0.120911784968,-8.88776019034,6.66844814412e-20,0.000185619632709
18102000000,-0.00395818851231,-0.0263895795998,-0.0136366631774,-0.0120578999453,-0.120251316875,-8.82270764414,6.62158812023e-20,0.000152924103381
18129000000,-0.0039443266892,-0.0262974792343,-0.0135882464392,-0.0120167338219,-0.119600290709,-8.7912107049,6.59726608444e-20,0.000103547888227
18166000000,-0.003939887841,-0.0262453775014,-0.0135639333961,-0.0119913432312,-0.118873004444,-8.77612376724,6.58375042258e-20,4.43019135122e-05
18214000000,-0.0039393356364,-0.0262354015776,-0.013558302476,-0.0119883995126,-0.118163099171,-8.77364599924,6.57878420885e-20,-2.30965745977e-05
18247000000,-0.00394427341017,-0.0262637129313,-0.0135718866529,-0.0120040884736,-0.117467164538,-8.78413498189,6.58263733808e-20,-9.83550142397e-05
18292000000,-0.00396019211128,-0.026374674406,-0.0136259403558,-0.0120606394938,-0.11678377729,-8.82203439978,6.60499237448e-20,-0.000184200969962
18320000000,-0.00398614114076,-0.02655840062,-0.0137160417357,-0.0121527962631,-0.116110643086,-8.8843599869,6.64383146779e-20,-0.000277989993057
18371000000,-0.00400474138338,-0.0266902656139,-0.0137802453116,-0.0122197887748,-0.115446232134,-8.92908329086,6.67087697169e-20,-0.000363901531971
18423000000,-0.00401700916136,-0.0267760699053,-0.0138216719754,-0.0122642221154,-0.114789166445,-8.9583272628,6.68755279394e-20,-0.000440633928062
18460000000,-0.00402431384843,-0.0268239485936,-0.0138446348942,-0.0122897951401,-0.114138119246,-8.97502437863,6.69582726114e-20,-0.000507436087911
18482000000,-0.00403215471008,-0.0268782923921,-0.0138704011084,-0.012318962606,-0.113494273722,-8.99360557822,6.70539871852e-20,-0.000566459134753
18525000000,-0.00404517842615,-0.0269631240515,-0.0139124069016,-0.0123619670571,-0.11285486846,-9.02319982301,6.72241421829e-20,-0.000617849555586
18563000000,-0.00405935925552,-0.027055945774,-0.0139584480596,-0.0124088299769,-0.11222059812,-9.05553164922,6.74129062317e-20,-0.000657483046429
18609000000,-0.00407456159203,-0.0271542389742,-0.0140075216308,-0.0124580613621,-0.111590538898,-9.08992784215,6.76157054171e-20,-0.000684053387199
18647000000,-0.00409039441451,-0.0272571397494,-0.0140592972122,-0.0125091214115,-0.11095383175,-9.12732480943,6.78313098279e-20,-0.000695259353214
18669000000,-0.00411825084668,-0.0273113383026,-0.0141081512946,-0.0125169932881,-0.110295950097,-9.16198826885,6.80354717174e-20,-0.000692236280389
18726000000,-0.00412383607064,-0.0274205398271,-0.0141497736691,-0.0125851353219,-0.109700237156,-9.19119498716,6.8203381341e-20,-0.000660569732673
18782000000,-0.00413617336952,-0.0274992463438,-0.0141890537458,-0.0126250886469,-0.109085641169,-9.2191478524,6.83620331126e-20,-0.000611427545029
