%time,field
1133000000,-0.000140081658236
1142000000,-0.000140923264348
1152000000,-0.00014150176043
1161000000,-0.000141859192809
1172000000,-0.000141345826556
1181000000,-0.000140651392191
1192000000,-0.000139891687585
1199000000,-0.000139097340214
1210000000,-0.00013829135237
1217000000,-0.000137494697535
1229000000,-0.000135555757143
1235000000,-0.000133235492564
1249000000,-0.000131070766043
1262000000,-0.000129077228407
1272000000,-0.00012461721613
1280000000,-0.000120499234286
1289000000,-0.000116740630506
1301000000,-0.000113351356017
1311000000,-0.000106788000231
1320000000,-0.00010079489541
1330000000,-9.53854124915e-05
1342000000,-9.05572888777e-05
1351000000,-8.19332319268e-05
1365000000,-7.41133934939e-05
1372000000,-6.39784998112e-05
1382000000,-5.2794630242e-05
1392000000,-4.271540153e-05
1401000000,-3.37322001252e-05
1412000000,-2.463763775e-05
1422000000,-1.21244340418e-05
1432000000,-9.21542961407e-07
1442000000,8.99934486351e-06
1452000000,1.76859926245e-05
1462000000,3.18192692818e-05
1472000000,4.44644025241e-05
1482000000,5.56530376542e-05
1492000000,6.54427892863e-05
1502000000,7.82306629843e-05
1512000000,9.23394715654e-05
1522000000,0.000104846018851
1532000000,0.000115810021679
1542000000,0.000129076258972
1552000000,0.000144380952123
1563000000,0.00015794673902
1572000000,0.000170601980315
1582000000,0.000188324849996
1592000000,0.000204108874725
1610000000,0.000218009844878
1611000000,0.000230881595538
1624000000,0.000248525654127
1630000000,0.000264160101845
1639000000,0.000277860163921
1653000000,0.000289729179761
1661000000,0.000306866692008
1672000000,0.000322006164048
1688000000,0.000335231707278
1688000000,0.000346652811329
1704000000,0.000362827221305
1716000000,0.000377070387432
1723000000,0.00038947228622
1744000000,0.000400146547421
1744000000,0.000409220783808
1753000000,0.000416827808342
1760000000,0.000426467385967
1773000000,0.00044155840585
1782000000,0.00045798236579
1791000000,0.000472582665631
1801000000,0.000485418846557
1812000000,0.000496579472542
1823000000,0.000505414798799
1831000000,0.00051275767222
1841000000,0.000518827237912
1851000000,0.000523976250068
1861000000,0.000530024955676
1872000000,0.000535058698802
1882000000,0.000539180407183
1893000000,0.000542493537486
1902000000,0.000545089025779
1911000000,0.000547044443062
1921000000,0.000548464396145
1933000000,0.000549430316922
1941000000,0.000511770881594
1952000000,0.000460324159328
1961000000,0.000412225868689
1971000000,0.000367843823236
1982000000,0.000309535513188
1996000000,0.000251941257406
1996000000,0.000199804183564
2011000000,0.000153135277618
2022000000,0.000111820781828
2040000000,7.5651594523e-05
2040000000,4.43501854827e-05
2050000000,8.05876125109e-06
2060000000,-3.04678379688e-05
2072000000,-6.46279709535e-05
2083000000,-9.41635817629e-05
2091000000,-0.000119392768032
2101000000,-0.000144192714122
2107000000,-0.000165180705985
2121000000,-0.000182691401901
2132000000,-0.000197074260384
2142000000,-0.000206563153533
2155000000,-0.000212853633014
2164000000,-0.000217201582359
2164000000,-0.000219920511416
2181000000,-0.000222282827116
2189000000,-0.000224938239311
2199000000,-0.000226568660728
2210000000,-0.000227357748544
2221000000,-0.000206022427437
2231000000,-0.000164756359377
2244000000,-0.000125813152742
2253000000,-8.95716481662e-05
2261000000,-5.62688802648e-05
2272000000,-3.78826582119e-05
2277000000,-2.31164071671e-05
2277000000,-1.05021231272e-05
2277000000,1.34238853532e-07
2308000000,7.38302196164e-06
2318000000,9.4942181154e-06
2334000000,1.05033785812e-05
2343000000,1.00432506562e-05
2349000000,6.64698940728e-06
2360000000,2.88451033049e-06
2364000000,-1.08202776875e-06
2380000000,-5.12020751984e-06
2393000000,-9.1241481036e-06
2399000000,-1.60267110329e-05
2412000000,-2.25653421398e-05
2420000000,-2.86693471262e-05
2428000000,-3.86703095383e-05
2439000000,-4.83803240776e-05
2439000000,-5.72504603557e-05
2465000000,-6.5259746731e-05
2474000000,-7.241102563e-05
2480000000,-8.16739449767e-05
2480000000,-8.99541431321e-05
2501000000,-9.72771236951e-05
2508000000,-0.000108666546099
2524000000,-0.000120104608152
2531000000,-0.000130317422778
2540000000,-0.000139335696282
2551000000,-0.000147210197536
2560000000,-0.000155188515555
2570000000,-0.000163245990864
2572000000,-0.00017569672983
2587000000,-0.000186816081493
2601000000,-0.000196636680431
2612000000,-0.000205381226377
2620000000,-0.000214413886087
2630000000,-0.000222255066085
2638000000,-0.000228979030871
2650000000,-0.000234674234732
2657000000,-0.000239984510065
2671000000,-0.000246571073278
2678000000,-0.00025223332286
2691000000,-0.000257040227747
2702000000,-0.000261811935175
2712000000,-0.000266559272352
2723000000,-0.000270577508081
2731000000,-0.000271310131997
2742000000,-0.000248603807645
2750000000,-0.000226940670534
2764000000,-0.000206585079525
2768000000,-0.000187715722734
2781000000,-0.000166776338184
2792000000,-0.00013936339286
2803000000,-0.000114355287087
2811000000,-9.03141411984e-05
2821000000,-6.30005332733e-05
2827000000,-3.85143050629e-05
2853000000,-1.6804917899e-05
2864000000,2.00269791362e-05
2872000000,3.83277579313e-05
2881000000,5.41781840241e-05
2889000000,6.77435832264e-05
2900000000,7.92048615233e-05
2911000000,5.01333476644e-05
2918000000,1.74857009102e-05
2936000000,-1.37787922506e-05
2942000000,-2.97978300536e-05
2953000000,-4.45618978412e-05
2965000000,-5.80065719873e-05
2972000000,-7.01098516281e-05
2985000000,-8.08851011549e-05
2993000000,-8.7836733964e-05
3009000000,-9.20646626427e-05
3012000000,-9.54156420252e-05
3019000000,-9.79995060725e-05
3023000000,-9.85020797372e-05
3039000000,-9.52939903291e-05
3040000000,-9.19049371187e-05
3062000000,-8.84497782594e-05
3071000000,-8.18527032858e-05
3080000000,-7.42189539512e-05
3092000000,-6.70332612922e-05
3097000000,-6.03631024929e-05
3109000000,-5.31548179748e-05
3110000000,-4.23237713438e-05
3110000000,-3.24071317958e-05
3136000000,-2.34376651969e-05
3150000000,-1.39420526604e-05
3160000000,-2.10595392837e-06
3173000000,8.53561544739e-06
3180000000,1.07969298324e-05
3191000000,-1.57200470327e-05
3198000000,-4.1120215066e-05
3209000000,-6.50720658745e-05
3221000000,-8.03225992485e-05
3231000000,-8.38980814334e-05
3252000000,-8.66902641418e-05
3257000000,-8.88055307488e-05
3262000000,-9.03398427777e-05
3271000000,-8.34421836504e-05
3274000000,-7.57529360662e-05
3291000000,-6.64196487243e-05
3300000000,-5.32954507933e-05
3311000000,-4.10117789222e-05
3321000000,-2.9668743211e-05
3336000000,-1.93212384525e-05
3336000000,-9.9898464411e-06
3351000000,8.02632690068e-07
3360000000,1.28744396533e-05
3364000000,2.36897645432e-05
3381000000,3.3275841431e-05
3391000000,4.61327364368e-05
3401000000,5.86842411313e-05
3410000000,6.97439895406e-05
3418000000,7.88274340259e-05
3430000000,8.66540963347e-05
3430000000,9.3314902491e-05
3447000000,9.89097422484e-05
3460000000,0.000102950425675
3467000000,0.0001009888641
3483000000,9.86140559068e-05
3486000000,9.59668496354e-05
3501000000,9.10964366068e-05
3507000000,8.42964467532e-05
3517000000,7.77785666842e-05
3532000000,7.163168892e-05
3538000000,6.59104229714e-05
3544000000,6.06520183977e-05
3561000000,6.29240265556e-05
3571000000,8.1294076906e-05
3578000000,0.000104885197662
3592000000,0.000130975053393
3600000000,0.000155113111599
3610000000,0.000177169485036
3619000000,0.000197089596744
3630000000,0.00020108673315
3642000000,0.000200474186782
3651000000,0.000198988103891
3651000000,0.00019682066053
3664000000,0.00019421813874
3679000000,0.00019133082733
3680000000,0.000188279418255
3701000000,0.000184748720201
3714000000,0.000179634583612
3733000000,0.000174734985954
3733000000,0.000170115014704
3733000000,0.000165821800581
3734000000,0.00016188470929
3761000000,0.000158311247089
3761000000,0.000155103634316
3776000000,0.0001487484717
3791000000,0.000142984130544
3797000000,0.000138155643218
3812000000,0.000133872235513
3823000000,0.00012780992905
3831000000,0.000121431401905
3837000000,0.000115732282541
3850000000,0.000108264763777
3861000000,9.60474196802e-05
3871000000,8.49349747662e-05
3888000000,7.49431211414e-05
3891000000,6.60611911501e-05
3899000000,5.82516253616e-05
3911000000,4.59045177195e-05
3923000000,3.25222834358e-05
3923000000,2.05470576896e-05
3933000000,9.94959795905e-06
3951000000,-4.5872165744e-05
3959000000,-0.000108988476565
3959000000,-0.000167032654121
3960000000,-0.00021978545516
3982000000,-0.000267186977764
3993000000,-0.000315953521861
4010000000,-0.000363537509525
4022000000,-0.000405428791701
4026000000,-0.000441941987592
4042000000,-0.000473437281845
4043000000,-0.000500276741254
4060000000,-0.000508913727077
4069000000,-0.00050545495816
4094000000,-0.000500040404558
4094000000,-0.000493205176624
4101000000,-0.000481133456168
4110000000,-0.000462483097032
4117000000,-0.000444231016759
4131000000,-0.000426702438358
4141000000,-0.000412971656402
4151000000,-0.00040434767949
4159000000,-0.000396509170581
4159000000,-0.000389465003537
4159000000,-0.000383203631047
4188000000,-0.00037769679025
4188000000,-0.000372909291227
4188000000,-0.000368794590547
4188000000,-0.00036530124523
4188000000,-0.000362518281877
4188000000,-0.000360240024749
4248000000,-0.00035841065229
4248000000,-0.000356973107297
4248000000,-0.00035035726842
4280000000,-0.00034302034283
4291000000,-0.000336393561743
4291000000,-0.000324383513625
4310000000,-0.000309469009271
4322000000,-0.00029412529835
4327000000,-0.000276243470026
4339000000,-0.000260059432996
4349000000,-0.000243794929634
4359000000,-0.000228866271579
4371000000,-0.000215684322744
4379000000,-0.000200658815634
4394000000,-0.000182277550017
4403000000,-0.000165918444112
4403000000,-0.00015151566658
4421000000,-0.000138977403257
4422000000,-0.00012121202292
4441000000,-9.86801307211e-05
4451000000,-7.85276084924e-05
4460000000,-5.56122737458e-05
4469000000,-2.7791128407e-05
4483000000,-2.88261198562e-06
4489000000,1.91734285109e-05
4500000000,4.71676170135e-05
4509000000,7.76932246346e-05
4515000000,0.000104856913773
4532000000,0.000130297301206
4539000000,0.000166006853421
4549000000,0.000197881250469
4559000000,0.000226021134518
4570000000,0.000250587471559
4578000000,0.000351562865632
4590000000,0.000477967872102
4600000000,0.000593959206249
4610000000,0.000699144309751
4622000000,0.00080040348726
4631000000,0.000900730335429
4640000000,0.00098967010497
4650000000,0.00106764418862
4662000000,0.00112869764183
4670000000,0.001165580995
4679000000,0.00119487616138
4690000000,0.00121753500228
4691000000,0.00123445906192
4711000000,0.001223800324
4717000000,0.00120088778511
4717000000,0.00117668252736
4735000000,0.00115199926684
4752000000,0.0011231648682
4761000000,0.00109246383666
4772000000,0.00106331058956
4780000000,0.00103602304558
4791000000,0.00101523412557
4803000000,0.00100069217264
4815000000,0.000987830606267
4819000000,0.000976581022027
4835000000,0.000966854423694
4842000000,0.00095803446177
4849000000,0.000948538501217
4859000000,0.000940376108664
4870000000,0.000932382289254
4878000000,0.000916254990534
4892000000,0.000901784433845
4901000000,0.000888944813214
4912000000,0.000877682134601
4920000000,0.000860807401427
4930000000,0.000841232487079
4942000000,0.000823699490235
4948000000,0.000808167081586
4961000000,0.000792266309728
4968000000,0.000758214453102
4982000000,0.00070435789766
4991000000,0.000652528819198
5000000000,0.000605503500602
5010000000,0.000563313808649
5020000000,0.000525878285667
5028000000,0.000487629897241
5035000000,0.000448908764518
5051000000,0.000414945219211
5060000000,0.000385495826202
5066000000,0.000339973494082
5070000000,0.000291066994151
5092000000,0.000247608471616
5093000000,0.000209418011297
5111000000,0.000176237030632
5116000000,0.000129671879124
5136000000,7.67791952127e-05
5137000000,2.98078972312e-05
5153000000,-4.13364782106e-05
5160000000,-0.000124697438252
5170000000,-0.00027545830061
5179000000,-0.000585705212549
5192000000,-0.000872232848108
5201000000,-0.00113364345025
5212000000,-0.00137847900055
5221000000,-0.0016061354173
5230000000,-0.00180783751879
5241000000,-0.00198456716158
5251000000,-0.0021376549607
5262000000,-0.00224241906176
5268000000,-0.00231745659997
5280000000,-0.00237647757001
5293000000,-0.00242155811374
5297000000,-0.00241946309285
5297000000,-0.00237496768666
5298000000,-0.00232644086985
5321000000,-0.00227582148147
5337000000,-0.0022246847327
5355000000,-0.00217428193001
5355000000,-0.00211349577591
5371000000,-0.00204800377766
5371000000,-0.0019867719385
5388000000,-0.00193597327938
5400000000,-0.0018922067989
5411000000,-0.00185298605872
5423000000,-0.0018238640194
5430000000,-0.00180235628311
5442000000,-0.00178429078963
5451000000,-0.00176932939859
5461000000,-0.00175713889685
5473000000,-0.00173032950061
5479000000,-0.00170670894358
5488000000,-0.0016861334377
5501000000,-0.00160464375483
5512000000,-0.00146741626149
5519000000,-0.00134079357118
5530000000,-0.00122535848063
5541000000,-0.00111436384986
5552000000,-0.00101219562769
5559000000,-0.000921687210669
5564000000,-0.000842395060009
5577000000,-0.000773701687153
5591000000,-0.00069986542981
5597000000,-0.000614050797825
5608000000,-0.000538899456739
5627000000,-0.000473839683219
5631000000,-0.000418195705679
5641000000,0.000180646604598
5655000000,0.000738159572573
5661000000,0.00144215827761
5668000000,0.00236787111272
5692000000,0.00321583749392
5702000000,0.00398353411874
5710000000,0.00467077234607
5710000000,0.00527920301137
5723000000,0.0056674710165
5731000000,0.00585192276695
5745000000,0.00598819254127
5751000000,0.00608343476037
5761000000,0.00568570037417
5766000000,0.00498878348583
5781000000,0.00424967653582
5791000000,0.0035432756424
5799000000,0.00288463641649
5804000000,0.00227837687634
5820000000,0.00172696599465
5829000000,0.00150662499545
5842000000,0.00159336281567
5851000000,0.00169780970042
5859000000,0.00178019907825
5867000000,0.00185727210478
5877000000,0.00193992237009
5877000000,0.00202511285964
5898000000,0.00211039439195
5909000000,0.00218083507378
5928000000,0.00221916060894
5932000000,0.00225577959807
5933000000,0.00229023051354
5945000000,0.00232219232095
5961000000,0.00218107906675
5972000000,0.00204752473273
5978000000,0.00187534806331
5989000000,0.0016076477124
5997000000,0.00136015674716
5997000000,0.00113413082674
5997000000,0.000930067345765
6030000000,0.000747876926395
6042000000,0.000611243456775
6052000000,0.000509322183967
6061000000,0.00042399120793
6068000000,0.000360880604597
6080000000,0.000315428978697
6091000000,0.000281006441413
6101000000,0.000453461697304
6109000000,0.000643401620636
6127000000,0.000825129014972
6139000000,0.000996316955716
6142000000,0.00115536905131
6161000000,0.00123304810325
6161000000,0.00129383603819
6163000000,0.00134607818418
6179000000,0.00139041363156
6188000000,0.00139568946868
6201000000,0.00139637455157
6211000000,0.00139343026199
6211000000,0.00138502026481
6230000000,0.00135120454639
6242000000,0.00131752738704
6246000000,0.00127777784393
6256000000,0.00121282683686
6271000000,0.00115181783063
6279000000,0.00109528543752
6291000000,0.00104355523325
6295000000,0.000713754097028
6311000000,0.00028756447911
6311000000,-0.000107057141019
6331000000,-0.000467965673653
6340000000,-0.000804331536376
6352000000,-0.00119413402083
6363000000,-0.00154403153956
6371000000,-0.00185464067848
6378000000,-0.0021103255563
6392000000,-0.00233106988763
6402000000,-0.00251933472359
6414000000,-0.00266706953821
6418000000,-0.00274662928118
6430000000,-0.00280520249864
6447000000,-0.00284591936468
6450000000,-0.00287165668327
6460000000,-0.00288501238213
6470000000,-0.00288830767801
6487000000,-0.00277804074616
6487000000,-0.00256494251915
6501000000,-0.00236076458781
6510000000,-0.00216818591529
6521000000,-0.00197993323182
6531000000,-0.00177190039738
6540000000,-0.00158180785438
6544000000,-0.00141010612947
6558000000,-0.00125674072756
6569000000,-0.00123103478693
6578000000,-0.00124261416732
6592000000,-0.00129978263918
6599000000,-0.00141622316631
6609000000,-0.00152999438826
6620000000,-0.0016391106727
6629000000,-0.00174211376068
6641000000,-0.00180631962538
6653000000,-0.00179261207033
6661000000,-0.00172012297337
6670000000,-0.0016362560823
6679000000,-0.00155686770719
6686000000,-0.00148278208972
6701000000,-0.00142040180672
6711000000,-0.00141524868243
6718000000,-0.00141279130835
6718000000,-0.00141251456021
6738000000,-0.0014139533157
6748000000,-0.00138700324351
6758000000,-0.00136282272872
6758000000,-0.00134136506476
6758000000,-0.00132253659343
6787000000,-0.00129998019189
6796000000,-0.00125586810328
6810000000,-0.00120806065507
6817000000,-0.00113459059825
6834000000,-0.00106751042906
6840000000,-0.00100696601631
6852000000,-0.000944247006727
6867000000,-0.000854525387024
6867000000,-0.000773542581476
6876000000,-0.000701255890507
6877000000,-0.000637429833423
6904000000,-0.000581696084922
6911000000,-0.000526088334079
6920000000,-0.000470706773074
6926000000,-0.000389181057792
6939000000,-0.000283852115954
6951000000,-0.000189256400098
6961000000,-0.00010522508259
6975000000,9.285256917e-06
6982000000,0.000128667620269
6994000000,0.000235127673447
7015000000,0.000329014230258
7015000000,0.000410883604529
7022000000,0.00048144354488
7032000000,0.000541520896732
7047000000,0.000776052706147
7047000000,0.00126008669365
7060000000,0.00170321690579
7078000000,0.00207248178873
7080000000,0.0024041824012
7090000000,0.00274453765527
7103000000,0.0030909380228
7109000000,0.00339747239127
7124000000,0.00366572391488
7132000000,0.00389779578958
7141000000,0.00409615207419
7151000000,0.00426349067507
7159000000,0.0044026333574
7172000000,0.00450004613863
7179000000,0.00451313578119
7191000000,0.00451137038506
7206000000,0.00435494471251
7206000000,0.00416335477342
7206000000,0.00397723393112
7206000000,0.00379958961568
7241000000,0.00350947145732
7247000000,0.00309407350858
7256000000,0.00264654798848
7256000000,0.00223534680871
7281000000,0.00186197512769
7293000000,0.00152677680389
7293000000,0.00122916876101
7311000000,0.00100123975916
7331000000,0.000809356435599
7340000000,0.000647158267766
7346000000,0.000511980192952
7352000000,0.000604458901925
7359000000,0.000904718907543
7373000000,0.00118866459792
7387000000,0.00138007302333
7392000000,0.00156117430538
7405000000,0.001730082801
7411000000,0.00188559444944
7421000000,0.00202706294921
7430000000,0.00207039444054
7442000000,0.00210475114686
7443000000,0.00213127405397
7461000000,0.00215103646432
7461000000,0.00216500729562
7479000000,0.00214100724788
7486000000,0.00210701411659
7500000000,0.00153285563553
7512000000,0.000933154667536
7527000000,0.000375253656761
7527000000,-0.00013720023429
7536000000,-0.000703990208123
7551000000,-0.00125950183346
7557000000,-0.00175851189951
7566000000,-0.00220181699136
7581000000,-0.0025912866879
7581000000,-0.00292960046047
7581000000,-0.0032200110289
7611000000,-0.00346463047707
7620000000,-0.00366724345746
7629000000,-0.00382405824244
7643000000,-0.0039491884716
7652000000,-0.00404653865562
7662000000,-0.00411980909784
7662000000,-0.00394260353683
7679000000,-0.0035375620223
7687000000,-0.00314754268738
7698000000,-0.0028993589548
7710000000,-0.00268147024105
7720000000,-0.00248143296599
7736000000,-0.00229993873282
7736000000,-0.00213711741098
7737000000,-0.0019982415346
7737000000,-0.00192573920374
7770000000,-0.00186665753124
7771000000,-0.00181946948491
7783000000,-0.00178416701499
7801000000,-0.00177061263938
7810000000,-0.0017639203587
7821000000,-0.00176278236138
7829000000,-0.00176456970604
7841000000,-0.00176947625566
7850000000,-0.00177702409151
7861000000,-0.00178319052008
7872000000,-0.00178873181461
7879000000,-0.00179540604064
7892000000,-0.0018020321584
7900000000,-0.00180217700816
7912000000,-0.00180294401275
7922000000,-0.00180417944921
7932000000,-0.00180011956618
7941000000,-0.00179119681975
7950000000,-0.00178313628621
7965000000,-0.00177593820952
7965000000,-0.00176957811165
7984000000,-0.00176200283099
7992000000,-0.00173873307978
7998000000,-0.00171729441518
8009000000,-0.00169777884147
8020000000,-0.00168021781131
8030000000,-0.00165418505799
8038000000,-0.00161542961661
8047000000,-0.00158009684913
8061000000,-0.00153079791509
8069000000,-0.00146897933214
8079000000,-0.00141275847806
8088000000,-0.00136221195509
8100000000,-0.00102761847142
8115000000,-0.000527481268124
8119000000,-6.39959552658e-05
8119000000,0.000360239299061
8142000000,0.000744048392924
8150000000,0.00108740476202
8162000000,0.00139118591867
8169000000,0.00175720730562
8182000000,0.0020921330876
8193000000,0.00240905120803
8197000000,0.00270065711257
8210000000,0.00295340602652
8219000000,0.00282657506943
8224000000,0.00254340398039
8241000000,0.00226222507066
8251000000,0.00198890798857
8261000000,0.00178552188249
8271000000,0.00167850848193
8280000000,0.00158012608924
8290000000,0.00149074627495
8301000000,0.0014308692245
8311000000,0.00140858288838
8320000000,0.00139171952846
8320000000,0.00137950573309
8340000000,0.00137122986159
8351000000,0.00138171459773
8360000000,0.00140043822592
8370000000,0.00141987447485
8381000000,0.00143943350782
8389000000,0.00145864839749
8400000000,0.0014771607263
8408000000,0.00150438693446
8421000000,0.00154100470203
8432000000,0.00161869200672
8440000000,0.00169089219673
8440000000,0.00175714816212
8455000000,0.00181349869294
8467000000,0.00183111374166
8481000000,0.00184487803695
8487000000,0.00533640672277
8500000000,0.0100712291134
8511000000,0.0144745388007
8520000000,0.0185179722846
8532000000,0.0221872388258
8543000000,0.025479459435
8556000000,0.0284008256884
8564000000,0.0335715081067
8567000000,0.0407892683381
8579000000,0.0473546316467
8596000000,0.0563854321671
8596000000,0.067624969627
8596000000,0.0778300652436
8620000000,0.0869914347648
8633000000,0.0951250855761
8634000000,0.103259688979
8634000000,0.111845537719
8659000000,0.119393021955
8671000000,0.126199777855
8679000000,0.13422897895
8690000000,0.141254840776
8699000000,0.14697136442
8710000000,0.151004189769
8718000000,0.154299011331
8730000000,0.156938270461
8740000000,0.159001804987
8747000000,0.159346279191
8760000000,0.159038137911
8769000000,0.158469070066
8781000000,0.156498065154
8792000000,0.153958542748
8802000000,0.151445916007
8810000000,0.147992388489
8819000000,0.143207661629
8831000000,0.138728821448
8844000000,0.134591771584
8849000000,0.130509936022
8863000000,0.125622340939
8871000000,0.121194697144
8877000000,0.117228637188
8887000000,0.113715449212
8896000000,0.110638137742
8912000000,0.107973848236
8920000000,0.102363375461
8932000000,0.0973078653882
8943000000,0.0928025561332
8943000000,0.0884681669521
8957000000,0.0814796121534
8972000000,0.0751896907824
8980000000,0.0673732045875
8986000000,0.0598199377744
9000000000,0.0530902350651
9010000000,0.0471598033175
9021000000,0.0414037033656
9032000000,0.0361540309142
9041000000,0.031625081353
9041000000,0.0277661512877
9041000000,0.0245220001037
9069000000,0.0204297065663
9080000000,0.0160063719421
9091000000,0.0121767607784
9102000000,0.00788758303149
9111000000,0.00392267438155
9121000000,0.000507470540703
9132000000,-0.00355852109597
9139000000,-0.00737159532582
9148000000,-0.0106659981325
9159000000,-0.0134780671176
9159000000,-0.0158468715308
9181000000,-0.0178127848015
9192000000,-0.0195350743226
9203000000,-0.0219664404883
9209000000,-0.024044766978
9220000000,-0.0257991027821
9232000000,-0.0273225869544
9237000000,-0.0285843032283
9238000000,-0.0296052608473
9246000000,-0.0313917324618
9264000000,-0.0335691313479
9264000000,-0.0354791522957
9264000000,-0.0371365610105
9294000000,-0.0385579480856
9310000000,-0.0397614946968
9321000000,-0.0406472085791
9331000000,-0.0408971200598
9331000000,-0.0410226954963
9348000000,-0.0410471318073
9354000000,-0.0412044534858
9368000000,-0.0421011588311
9372000000,-0.0428499107694
9372000000,-0.0434717313753
9372000000,-0.0439997919645
9372000000,-0.0444417071201
9372000000,-0.0448053245095
9431000000,-0.0453942610992
9438000000,-0.0460277524871
9454000000,-0.0465801464835
9462000000,-0.0470560890296
9474000000,-0.0473972302784
9478000000,-0.0471197846778
9489000000,-0.0468207504811
9499000000,-0.0465115189644
9512000000,-0.0462015398167
9518000000,-0.0458851877317
9529000000,-0.045553480864
9538000000,-0.045239769371
9552000000,-0.0443920547753
9559000000,-0.0436006249921
9569000000,-0.0428711153895
9574000000,-0.0422070567102
9586000000,-0.0409997149714
9589000000,-0.0398950096697
9611000000,-0.0388956889735
9619000000,-0.0378335214572
9631000000,-0.0367747912881
9640000000,-0.0358326563461
9651000000,-0.0350036955123
9663000000,-0.0335004310696
9664000000,-0.0321455891731
9692000000,-0.0309378872545
9692000000,-0.0298729572546
9701000000,-0.0289441703474
9712000000,-0.0280741257066
9720000000,-0.0271697732257
9730000000,-0.0261022923037
9743000000,-0.0247476386268
9748000000,-0.0235433597831
9765000000,-0.0224843731948
9769000000,-0.0215634345546
9776000000,-0.0206715295674
9793000000,-0.0196772367108
9799000000,-0.0188130060488
9810000000,-0.0177689102711
9821000000,-0.016561196219
9831000000,-0.0154948884594
9842000000,-0.0145637669368
9850000000,-0.0137598908814
9858000000,-0.0130741966958
9871000000,-0.0124167723788
9881000000,-0.0115553360668
9888000000,-0.010806222363
9901000000,-0.0101622888783
9911000000,-0.0093315676463
9921000000,-0.0083296311157
9930000000,-0.00744430100605
9941000000,-0.00661702841495
9951000000,-0.00542820976667
9957000000,-0.00436945757604
9957000000,-0.00343684449794
9976000000,-0.00262444742499
9992000000,-0.00170092444534
9998000000,-0.000567739053768
10012000000,0.000434367667069
10026000000,0.00131081709429
10031000000,0.00214940734664
10039000000,0.0031819235233
10051000000,0.00408868562554
10060000000,0.00491653931801
10070000000,0.00598492001801
10079000000,0.00692594209933
10091000000,0.00774562119711
10098000000,0.0084513960691
10109000000,0.00938638325749
10122000000,0.0102408871679
10132000000,0.0110195519384
10142000000,0.0120130018726
10153000000,0.0128871323162
10160000000,0.0136477651244
10172000000,0.0143019951149
10183000000,0.0148577834169
10189000000,0.0119549296711
10195000000,0.0077648571367
10195000000,0.00382059156636
10197000000,0.000158394470963
10231000000,-0.00541988458686
10238000000,-0.0137594091478
10251000000,-0.0214337753285
10265000000,-0.0310901190259
10271000000,-0.0416224475239
10284000000,-0.05116759698
10295000000,-0.0597210502539
10298000000,-0.0675273631568
10308000000,-0.0763648351542
10319000000,-0.0841792125184
10330000000,-0.0910121530711
10341000000,-0.0969185822204
10352000000,-0.101962562027
10358000000,-0.106328069694
10364000000,-0.110226268791
10380000000,-0.113453827879
10380000000,-0.116080283883
10402000000,-0.1181739562
10408000000,-0.119798964936
10421000000,-0.12101796663
10432000000,-0.120305928296
10440000000,-0.119225855784
10449000000,-0.118021507792
10461000000,-0.116826670479
10469000000,-0.115783080479
10483000000,-0.114729681981
10490000000,-0.113692224102
10495000000,-0.11269078755
10505000000,-0.109914884084
10519000000,-0.106121784135
10522000000,-0.102593994055
10543000000,-0.0991966898583
10551000000,-0.0947300083399
10560000000,-0.0906596519649
10572000000,-0.0866873331121
10581000000,-0.0804533771799
10592000000,-0.0747911914144
10601000000,-0.0697055039877
10608000000,-0.0651875699437
10619000000,-0.0612181274337
10636000000,-0.0563312967076
10647000000,-0.0514178793377
10648000000,-0.0470924219147
10653000000,-0.0433264239564
10674000000,-0.0398207771695
10680000000,-0.0345039003455
10681000000,-0.0297894730791
10698000000,-0.0256558255546
10699000000,-0.0193670746239
10720000000,-0.0134634384344
10730000000,-0.00823843237088
10739000000,-0.00366388947241
10750000000,0.00108698897054
10759000000,0.00637461177841
10769000000,0.0110094776436
10781000000,0.0150256783283
10788000000,0.0184637203193
10795000000,0.0216831022514
10812000000,0.0271563384305
10820000000,0.0320055948042
10830000000,0.0365561300733
10840000000,0.0416954639166
10850000000,0.0462117024307
10856000000,0.0501352085105
10869000000,0.0549628197882
10878000000,0.0598004423769
10880000000,0.0640329495185
10902000000,0.0675492702312
10911000000,0.0704007128023
10919000000,0.0727806247411
10929000000,0.0747351581425
10940000000,0.0763099428493
10951000000,0.0782359467039
10965000000,0.0808334320536
10972000000,0.0830724536785
10981000000,0.0849788613174
10990000000,0.0863397739323
11002000000,0.0873391626237
11010000000,0.0881127207969
11020000000,0.0886905326498
11030000000,0.0891019126969
11040000000,0.0893731863579
11050000000,0.0895279994391
11060000000,0.0901110927824
11064000000,0.0909184178432
11082000000,0.0916086191331
11090000000,0.0927161431021
11101000000,0.0937362328458
11110000000,0.0942254659555
11121000000,0.0946196200201
11130000000,0.0949298674565
11140000000,0.0951666476788
11152000000,0.0948874453809
11162000000,0.094470684626
11166000000,0.094046371009
11180000000,0.0936259729735
11180000000,0.0932180804063
11240000000,0.0927302251783
11240000000,0.0914048717273
11240000000,0.0901651892025
11240000000,0.089020421102
11240000000,0.0879759644859
11252000000,0.0870342519668
11265000000,0.0859884648847
11272000000,0.0847562418631
11286000000,0.0836508825819
11294000000,0.0825788589545
11300000000,0.0808329672421
11307000000,0.0792553637991
11322000000,0.0775304560079
11333000000,0.0759555785956
11333000000,0.0745615801114
11350000000,0.0732664995211
11360000000,0.0714850138462
11371000000,0.069901101559
11382000000,0.0685081752831
11392000000,0.067213793608
11408000000,0.0660861065034
11412000000,0.0651222292076
11422000000,0.0641242350132
11432000000,0.0630070816651
11437000000,0.0620416980668
11452000000,0.0612165956129
11460000000,0.0602576462501
11470000000,0.0594324506666
11484000000,0.0587311007554
11492000000,0.0581429901415
11501000000,0.0576571839072
11511000000,0.057024335267
11517000000,0.0563868927205
11517000000,0.0558426265048
11535000000,0.0553839900697
11551000000,0.0545530763812
11561000000,0.0538191716438
11576000000,0.0530173896028
11582000000,0.0522081903466
11596000000,0.0514977123455
11604000000,0.050880901185
11621000000,0.0503517005685
11627000000,0.049903356097
11631000000,0.0493372516544
11645000000,0.0487245592346
11653000000,0.0481919084326
11661000000,0.0477329105394
11675000000,0.0469013532574
11684000000,0.0461599229658
11689000000,0.0455931333438
11701000000,0.0453027986539
11708000000,0.0450730203549
11718000000,0.0448960829032
11729000000,0.0447647285033
11739000000,0.0446722327252
11746000000,0.044612401491
11760000000,0.0445122843371
11769000000,0.0438481170994
11780000000,0.0432419521533
11791000000,0.0426950735418
11801000000,0.0420317517394
11810000000,0.0410373241999
11821000000,0.0400620190275
11831000000,0.038901747885
11840000000,0.0378542446668
11851000000,0.0369190380985
11852000000,0.0360932697743
11870000000,0.0353540711496
11877000000,0.0346884012469
11877000000,0.0341173371715
11896000000,0.0336335338258
11906000000,0.0331885924583
11919000000,0.0327582938706
11929000000,0.0323983906676
11935000000,0.0321020389598
11952000000,0.031785289849
11955000000,0.0314731236705
11955000000,0.0312130312488
11978000000,0.0309997291479
11989000000,0.0308280522346
12000000000,0.0306429162668
12010000000,0.0304804953831
12022000000,0.030349753653
12032000000,0.0301053973797
12039000000,0.0298346794659
12051000000,0.0295981775507
12061000000,0.0293939168859
12071000000,0.0256736627883
12082000000,0.0207509057811
12093000000,0.016185294217
12100000000,0.0114037728461
12111000000,0.0017973207328
12121000000,-0.00705193239387
12131000000,-0.0151062727423
12138000000,-0.0223538375868
12150000000,-0.0328547997997
12162000000,-0.0427767223885
12173000000,-0.0516560368658
12184000000,-0.0598397051127
12188000000,-0.0698718361998
12204000000,-0.0787820708445
12212000000,-0.0866084825999
12222000000,-0.0941461250723
12236000000,-0.10139822551
12241000000,-0.107665057878
12251000000,-0.113015156546
12262000000,-0.117419657395
12271000000,-0.120914184375
12280000000,-0.123737923072
12292000000,-0.12596957788
12308000000,-0.12768460798
12308000000,-0.128946746237
12321000000,-0.129151036481
12332000000,-0.128915667216
12341000000,-0.128472312704
12351000000,-0.126991392404
12363000000,-0.124880485001
12372000000,-0.122795713383
12379000000,-0.120778302078
12387000000,-0.117237628544
12396000000,-0.113916102815
12409000000,-0.110840650192
12420000000,-0.108027311594
12429000000,-0.104233231329
12438000000,-0.099577871513
12438000000,-0.09534533154
12460000000,-0.0915410362425
12472000000,-0.0869381565055
12479000000,-0.0800374255065
12490000000,-0.0735708343058
12493000000,-0.0659479408868
12512000000,-0.0590831756952
12521000000,-0.0529699521507
12531000000,-0.0475862280535
12542000000,-0.0404748834375
12553000000,-0.0331491537021
12561000000,-0.026656439507
12569000000,-0.0200919180013
12581000000,-0.0137707321694
12591000000,-0.00825329280412
12601000000,-0.00349324749567
12610000000,0.000562643617305
12623000000,0.00505356727224
12630000000,0.0104768680994
12640000000,0.0152059487143
12654000000,0.0192822365417
12662000000,0.0237180621709
12676000000,0.0276411381038
12680000000,0.0309876895873
12686000000,0.0344615346945
12694000000,0.0380573271541
12699000000,0.04113886988
12710000000,0.043746315364
12720000000,0.0459215525089
12742000000,0.0479521613917
12748000000,0.0505764023976
12761000000,0.0528184965135
12769000000,0.0547097679977
12782000000,0.0562829289064
12789000000,0.0575371762616
12801000000,0.0584101070725
12812000000,0.059069223167
12819000000,0.059544579092
12832000000,0.0608101505746
12840000000,0.0621193319277
12850000000,0.0632430897934
12860000000,0.064195691139
12869000000,0.0648927422082
12879000000,0.0652284431592
12890000000,0.0654581791267
12901000000,0.0655986528858
12910000000,0.0669135866356
12924000000,0.0680938860539
12931000000,0.0691418214136
12943000000,0.0700619647085
12948000000,0.0708604649
12972000000,0.0710330455712
12972000000,0.0711308511584
12979000000,0.0712604576799
12991000000,0.0714722262498
13000000000,0.0716311955873
13011000000,0.0717449771321
13018000000,0.07182038739
13030000000,0.071863465107
13049000000,0.0716985011542
13049000000,0.0714790217229
13061000000,0.0712025939734
13075000000,0.0708527265686
13075000000,0.0705193539175
13092000000,0.0702063168914
13103000000,0.069804943907
13119000000,0.0693878908923
13128000000,0.0690058521982
13131000000,0.0686598387887
13142000000,0.0683502598806
13152000000,0.0676706137123
13163000000,0.066882150505
13171000000,0.0661638692093
13180000000,0.0654297070775
13195000000,0.064575766342
13200000000,0.0638077127631
13208000000,0.0631247331404
13219000000,0.062030462375
13231000000,0.0607268537038
13240000000,0.0595498064402
13240000000,0.058498611685
13259000000,0.0574544904128
13271000000,0.0563655414145
13279000000,0.0554053490186
13292000000,0.0545681365086
13301000000,0.0533426629617
13304000000,0.0520439325139
13322000000,0.0508908108795
13332000000,0.0498780847376
13341000000,0.0489984774977
13351000000,0.0478629966376
13361000000,0.0468656630047
13369000000,0.0459994571825
13381000000,0.0452558830405
13389000000,0.044625453989
13397000000,0.0439717250603
13411000000,0.0429255560247
13418000000,0.0413459960328
13418000000,0.0399226592734
13440000000,0.0386542347679
13451000000,0.0375362056944
13463000000,0.0365616240089
13471000000,0.0355886065452
13479000000,0.034445467813
13491000000,0.0334443453158
13502000000,0.0325774961608
13509000000,0.031648984689
13521000000,0.0305768046736
13532000000,0.0296386435399
13543000000,0.0282394941354
13551000000,0.0269937871616
13560000000,0.0258968375869
13574000000,0.0249415917326
13581000000,0.0241561743792
13591000000,0.0236353636087
13600000000,0.0232158866538
13610000000,0.022885598217
13619000000,0.0226329360546
13631000000,0.0223755508555
13640000000,0.0215521653659
13649000000,0.0208192677553
13660000000,0.020174029649
13672000000,0.0194193144421
13681000000,0.0184722483642
13691000000,0.0176282115261
13696000000,0.0165814481195
13697000000,0.0155217497549
13720000000,0.014580306662
13734000000,0.013658439717
13740000000,0.0127122927479
13751000000,0.0118826570759
13757000000,0.0111633892592
13757000000,0.0105471880516
13757000000,0.0100259804682
13757000000,0.00959118834111
13801000000,0.00913326325754
13811000000,0.00865219872131
13820000000,0.00824506113295
13831000000,0.00774505543866
13840000000,0.00715905740539
13850000000,0.00664771709794
13862000000,0.00617968607373
13870000000,0.00567542608178
13879000000,0.00523894203773
13910000000,0.0048656033428
13910000000,0.00455036930726
13911000000,0.00427065422819
13919000000,0.00388770809538
13931000000,0.00353095522544
13940000000,0.00312157943343
13952000000,0.00276495589031
13957000000,0.0024578462018
13967000000,0.00219661543046
13984000000,0.0018568505141
13992000000,0.00148393737421
14003000000,0.00115810221143
14010000000,0.000876560247108
14020000000,0.000636167742746
14030000000,0.000405476664061
14040000000,0.000146902173044
14047000000,-7.50824342643e-05
14062000000,-0.000414752623725
14069000000,-0.000777812039687
14085000000,-0.00109881834876
14092000000,-0.00137956344757
14102000000,-0.00162234038219
14106000000,-0.0018587970734
14122000000,-0.00212703666398
14130000000,-0.00235976251617
14142000000,-0.00270208701963
14147000000,-0.00304008365847
14160000000,-0.00333831930266
14171000000,-0.00363472471818
14172000000,-0.00394610729559
14183000000,-0.00421861517795
14183000000,-0.00445440382172
14183000000,-0.00465598343909
14183000000,-0.0048261449323
14232000000,-0.00496816738235
14236000000,-0.00519268044441
14250000000,-0.00539931885622
14261000000,-0.00564427276568
14269000000,-0.00592390717813
14280000000,-0.0061709984506
14288000000,-0.00638694917672
14289000000,-0.00657359806794
14312000000,-0.0067754647856
14323000000,-0.00696013990143
14331000000,-0.00711857949975
14340000000,-0.00733837051618
14351000000,-0.00755181451945
14357000000,-0.00773821504466
14371000000,-0.00791662773591
14381000000,-0.00810952313411
14391000000,-0.00827720737374
14397000000,-0.00842129699849
14408000000,-0.00854359135092
14422000000,-0.008711709857
14431000000,-0.00890067230347
14436000000,-0.00906650963749
14436000000,-0.00921045872011
14437000000,-0.00933397357082
14471000000,-0.00945934255134
14478000000,-0.00961337943445
14490000000,-0.00974766613588
14501000000,-0.00986340555461
14510000000,-0.00846884962126
14520000000,-0.00375141154424
14532000000,0.000670270168555
14540000000,0.00475981089617
14552000000,0.0125717409445
14559000000,0.0214804883575
14569000000,0.0296428526744
14583000000,0.0397797133318
14591000000,0.050764091455
14602000000,0.060692385521
14611000000,0.069977384353
14620000000,0.0798116103645
14621000000,0.0885325007072
14652000000,0.096180674806
14652000000,0.102812212978
14663000000,0.108612558578
14669000000,0.114570615608
14683000000,0.119659096175
14696000000,0.123884780302
14703000000,0.126832171931
14710000000,0.12916576968
14721000000,0.130963556616
14727000000,0.132298394158
14741000000,0.133238004085
14751000000,0.133844810494
14759000000,0.13394274847
14768000000,0.133773037581
14768000000,0.133443335875
14792000000,0.131928635399
14799000000,0.129700689676
14810000000,0.127533867721
14817000000,0.125463346236
14833000000,0.12293131158
14840000000,0.120432035278
14850000000,0.118132628184
14860000000,0.11604263674
14878000000,0.112219985065
14878000000,0.107457359199
14884000000,0.103106828271
14901000000,0.09807848664
14910000000,0.0924641271259
14934000000,0.0874014576447
14937000000,0.0828873639451
14943000000,0.0767125342977
14951000000,0.07026059901
14965000000,0.0644938780629
14974000000,0.059395945823
14981000000,0.0549393061981
14991000000,0.049199780284
15002000000,0.0439335356366
15009000000,0.0387909906852
15020000000,0.0322082002618
15032000000,0.0263692957442
15042000000,0.0212470413922
15049000000,0.0168042304931
15063000000,0.0129967844699
15072000000,0.00977571364196
15081000000,0.00572819049323
15091000000,-0.000136431697228
15100000000,-0.00630787391966
15115000000,-0.0117786332071
15123000000,-0.0165748084431
15128000000,-0.0207315321898
15140000000,-0.0242908092547
15152000000,-0.0280339141016
15160000000,-0.0319480753592
15171000000,-0.0352109300423
15181000000,-0.0378199888381
15190000000,-0.0399843165194
15208000000,-0.0417493368459
15208000000,-0.0431597041206
15226000000,-0.0448553875937
15232000000,-0.0476026500104
15240000000,-0.0499951926684
15240000000,-0.0520550594586
15262000000,-0.0537512791726
15269000000,-0.0550423047157
15281000000,-0.0560890095411
15291000000,-0.0569192769362
15301000000,-0.0583802974948
15302000000,-0.0604291443848
15314000000,-0.0622337346482
15332000000,-0.0638055427379
15340000000,-0.0650104820339
15350000000,-0.0659592807831
15362000000,-0.0667358705192
15362000000,-0.0673587744655
15381000000,-0.0678467867544
15386000000,-0.0682182229986
15400000000,-0.0685607040926
15400000000,-0.0694374783276
15419000000,-0.0702098734542
15426000000,-0.0709126942942
15440000000,-0.0715126603316
15452000000,-0.0719118654768
15460000000,-0.0721286427774
15471000000,-0.0722825553168
15480000000,-0.0723834768864
15491000000,-0.0724401308815
15501000000,-0.0725193535317
15509000000,-0.0725898371832
15519000000,-0.0726313436705
15532000000,-0.0726494859888
15541000000,-0.0724149201806
15549000000,-0.0716472053705
15563000000,-0.0709167058117
15570000000,-0.0702316135359
15581000000,-0.0695973861698
15588000000,-0.0690171058122
15601000000,-0.0685818068705
15601000000,-0.0682343100194
15620000000,-0.0679328488279
15620000000,-0.0676743345666
15641000000,-0.0671359250125
15647000000,-0.0663409941338
15661000000,-0.0656191456446
15672000000,-0.0646989901512
15682000000,-0.0636026352785
15686000000,-0.0624354406178
15705000000,-0.0612121422626
15711000000,-0.0601139500642
15726000000,-0.0591387790574
15732000000,-0.0582822131175
15741000000,-0.0575381672807
15747000000,-0.0568798020861
15757000000,-0.0561615951744
15768000000,-0.0555431637846
15776000000,-0.0545330316029
15789000000,-0.0535841108415
15802000000,-0.052748049989
15810000000,-0.0520195240219
15819000000,-0.0513920884947
15831000000,-0.0504504483394
15831000000,-0.0495763751641
15832000000,-0.048810525652
15858000000,-0.0478096055264
15858000000,-0.0467833268447
15876000000,-0.0458767837423
15895000000,-0.0450848719844
15895000000,-0.0443549161868
15912000000,-0.0433239813088
15919000000,-0.0424129119677
15938000000,-0.0416166544463
15942000000,-0.0409286550576
15951000000,-0.0403413307766
15963000000,-0.0398464616056
15971000000,-0.0392457693479
15981000000,-0.0383820687554
15991000000,-0.0372401245772
16001000000,-0.0362180609567
16007000000,-0.0353133312855
16022000000,-0.034454322815
16031000000,-0.0334447199465
16039000000,-0.0325548594708
16050000000,-0.0317792357805
16060000000,-0.0311109632382
16072000000,-0.0304720343923
16081000000,-0.0297687970777
16091000000,-0.0291626678006
16098000000,-0.0284836789282
16110000000,-0.0277380144611
16121000000,-0.02708796215
16132000000,-0.0264723461479
16145000000,-0.0258172970487
16151000000,-0.0252501218942
16159000000,-0.0247649074739
16169000000,-0.0243551774687
16182000000,-0.0239380298835
16192000000,-0.0234140770321
16199000000,-0.0229607161874
16199000000,-0.0225731180894
16212000000,-0.0222460367368
16227000000,-0.0218866876325
16249000000,-0.021496918615
16249000000,-0.0211623740079
16261000000,-0.0208360499397
16272000000,-0.0204615795812
16280000000,-0.0201378653543
16290000000,-0.0198614077757
16301000000,-0.0195405260575
16313000000,-0.0191786938872
16318000000,-0.0188636553994
16318000000,-0.0185924797779
16337000000,-0.0183618930639
16352000000,-0.0181620923821
16359000000,-0.017940632027
16367000000,-0.0177530721503
16381000000,-0.0175964571357
16393000000,-0.0173071744668
16398000000,-0.0170350529149
16412000000,-0.0167969184222
16420000000,-0.0165908820687
16430000000,-0.0164147512103
16439000000,-0.0162260345031
16449000000,-0.0160604501676
16461000000,-0.0158874912779
16471000000,-0.0156113038463
16480000000,-0.0153661115885
16494000000,-0.0151508167923
16502000000,-0.0149650614834
16510000000,-0.0148160157888
16522000000,-0.0146908257567
16531000000,-0.0145872733049
16541000000,-0.0144648305796
16547000000,-0.0143244516835
16558000000,-0.0142039538165
16568000000,-0.0141018140014
16578000000,-0.0140164431714
16592000000,-0.0139411142946
16592000000,-0.0138783875371
