%time,field0,field1,field2,field3,field4,field5,field6,field7
1567000000,0.0168633048929,0.116800180638,0.0587169150381,0.0562907109794,-0.000522164532293,39.8473132962,-2.68063971591e-19,0.0132004787892
1604000000,0.0175249692031,0.121504275132,0.0610617708837,0.0585774776219,-0.000460851190538,41.4384841079,-2.78769297381e-19,0.0137166720006
1647000000,0.0175207003096,0.121518293466,0.061061594252,0.0585912384796,-0.000449860685892,41.4383234869,-2.78767907467e-19,0.0137044419887
1686000000,0.0175165129069,0.121532033282,0.0610614200721,0.0586047593258,-0.000439181885158,41.4381759977,-2.78766545267e-19,0.013691383731
1725000000,0.017512421389,0.12154544837,0.0610612484819,0.0586180241916,-0.000428850326519,41.4380420088,-2.78765215581e-19,0.0136778021597
1764000000,0.017504855119,0.121570320443,0.0610609303773,0.0586428553953,-0.000409326040002,41.43776003,-2.78762743181e-19,0.0136641644248
1802000000,0.0175019557338,0.121579792416,0.061060806709,0.0586522713528,-0.000402304320219,41.4376938757,-2.78761805335e-19,0.0136505765239
1839000000,0.0174977216587,0.121593650757,0.061060626136,0.0586661198452,-0.000391869087503,41.4375818433,-2.78760430707e-19,0.0136376092905
1884000000,0.0174942169359,0.121605100732,0.0610604758499,0.0586775641657,-0.000383406567948,41.437505771,-2.78759295611e-19,0.013625655675
1930000000,0.0174907777901,0.121616563122,0.0610603357333,0.0586890218154,-0.000373179041197,41.4372420977,-2.78758160049e-19,0.0136151982563
1966000000,0.0174793975282,0.121654094919,0.0610598485036,0.0587272783738,-0.000343008752696,41.4367423411,-2.78754430167e-19,0.0136069857954
2030000000,0.0174748598602,0.121669032421,0.0610596450845,0.058742988981,-0.000331332638449,41.436577119,-2.78752949469e-19,0.0136012776263
2044000000,0.0174798817362,0.121652402149,0.0610598425989,0.0587268593376,-0.000345352403943,41.4368579109,-2.78754618556e-19,0.0135979132808
2085000000,0.0174765541078,0.121663389148,0.0610596965907,0.0587382310857,-0.000336403022739,41.4366922766,-2.78753536665e-19,0.0135971805452
2132000000,0.0174722603629,0.121677527405,0.0610595125019,0.0587525716913,-0.000325144112351,41.4365109411,-2.78752137471e-19,0.0135986264287
2164000000,0.0174685791649,0.121689668763,0.0610593579651,0.0587647391444,-0.000315291988626,41.4363368835,-2.78750933787e-19,0.0136019599659
2213000000,0.0172826100992,0.120422736277,0.0604189776582,0.0581576143431,-0.000308601228415,41.0018491328,-2.75826996904e-19,0.0134627525954
2240000000,0.0172215946847,0.119963973058,0.0601943493425,0.0579299282509,-0.000318354321723,40.8494074741,-2.74801820561e-19,0.0134178387165
2279000000,0.017262671927,0.120306335635,0.0603568518988,0.0581041195423,-0.000307284994948,40.9595959851,-2.75542807792e-19,0.0134609454937
2331000000,0.0173926209573,0.121263128042,0.0608284337949,0.0585743622136,-0.000299325247847,41.2795774583,-2.776949025e-19,0.0135742571023
2350000000,0.0174558425628,0.121731429261,0.0610588452938,0.0588048558523,-0.000282906716992,41.4359079755,-2.78746774585e-19,0.0136340836935
2411000000,0.017454256359,0.121736508271,0.0610588557197,0.0588050841888,-0.000278745931193,41.4358483993,-2.78746231335e-19,0.013642948409
2461000000,0.0174520877289,0.121743651374,0.0610587637874,0.0588122675853,-0.000273018070676,41.4357523635,-2.7874552455e-19,0.0136524544472
2493000000,0.0174512907837,0.12174628039,0.0610587289845,0.0588149473247,-0.00027085391968,41.4357077354,-2.78745269135e-19,0.0136625749744
2536000000,0.0174482792106,0.121756220258,0.0610586016183,0.0588249753914,-0.000262747312184,41.4355605078,-2.78744284472e-19,0.01367323875
2561000000,0.017446851425,0.121760946004,0.0610585408989,0.0588297665015,-0.000258773770578,41.4354755095,-2.78743819585e-19,0.0136842037457
2601000000,0.0174441146268,0.121769995606,0.0610584259309,0.0588388919265,-0.000251274025326,41.435329701,-2.78742921829e-19,0.0136952994594
2644000000,0.0174421301428,0.121776573401,0.061058342985,0.0588455286937,-0.000245700307445,41.4352104619,-2.78742269611e-19,0.0137062446513
2687000000,0.0174402329672,0.12178286718,0.0610582639327,0.0588518752405,-0.000240325803338,41.4350920084,-2.78741645472e-19,0.0137167387993
2719000000,0.0174385595147,0.121788315398,0.0610581907921,0.0588573723739,-0.000236462228659,41.4350736717,-2.78741104926e-19,0.0137265630085
2769000000,0.0174396207715,0.121784802227,0.0610582336516,0.0588538715437,-0.000239358316203,41.4351232892,-2.78741461005e-19,0.0137352090525
2803000000,0.0174388244856,0.121787435289,0.0610581995815,0.0588565392101,-0.000237153676664,41.4350760418,-2.78741203194e-19,0.0137425203178
2841000000,0.017437067244,0.121793233806,0.0610581252982,0.0588623835737,-0.000232432979877,41.4349910071,-2.78740628815e-19,0.0137483503189
2886000000,0.0174355009086,0.121798592816,0.0610580654365,0.0588677815306,-0.000226616684157,41.4347579745,-2.78740097507e-19,0.013752552811
2931000000,0.0174292509051,0.121819167385,0.0610578025115,0.0588884545664,-0.00021033805462,41.4345172251,-2.78738044357e-19,0.0137553647997
2965000000,0.0174292520438,0.121819154677,0.0610578012604,0.0588884624589,-0.000210382402651,41.4345171631,-2.78738051019e-19,0.0137569460467
3019000000,0.0174292746594,0.121819133912,0.0610577812914,0.0588897385682,-0.000210267355776,41.4344949726,-2.78738068878e-19,0.0137571552531
3051000000,0.0174282810631,0.121822436439,0.0610577399853,0.0588930556008,-0.000207377439058,41.4344235347,-2.78737743853e-19,0.0137559702705
3080000000,0.0173978380505,0.121620797213,0.0609548222798,0.0587974659998,-0.000207558134507,41.3645441601,-2.78267631809e-19,0.0137300260255
3138000000,0.0173273523526,0.121133588498,0.0607097114128,0.0585628749105,-0.000208717170059,41.1981828877,-2.77148459694e-19,0.0136708443231
3170000000,0.0171467841212,0.119857136709,0.0600705950047,0.0579466126805,-0.000875554203425,40.7653424724,-2.74208152622e-19,0.0135214339455
3207000000,0.0168647820405,0.117909325751,0.0590890981768,0.0570114987447,-0.00141438910955,40.0999780974,-2.69708353922e-19,0.013294265787
3240000000,0.0165142629674,0.115421975623,0.0578473876262,0.055805012216,-0.00187336433556,39.257939622,-2.64024665695e-19,0.0130079173105
3280000000,0.0161800772483,0.113055985099,0.0566655197372,0.0546580126466,-0.00224998825494,38.4563807494,-2.58616833699e-19,0.0127345893062
3320000000,0.0158930052933,0.111035566368,0.0556543514032,0.0536804191301,-0.00255706567911,37.7705616587,-2.53990321246e-19,0.0124993521831
3363000000,0.0156867124824,0.10958897162,0.0549294262532,0.0529814777254,-0.00280640252469,37.2789287797,-2.50672375074e-19,0.0123283637039
3401000000,0.0155556087023,0.108669518521,0.0544685679195,0.0525374216996,-0.0030089415231,36.9664328907,-2.48561536741e-19,0.0122167853436
3446000000,0.0154860380181,0.108187112791,0.054225718267,0.0523056315695,-0.00317092271696,36.8018207431,-2.47447206935e-19,0.0121545016417
3482000000,0.015439324021,0.107869448277,0.0540647098918,0.0521541579347,-0.00329835200295,36.692712279,-2.46707591153e-19,0.0121111300214
3535000000,0.0154048905813,0.107635378657,0.0539460718109,0.0520425896924,-0.00340111483785,36.6124263459,-2.46162367383e-19,0.0120780402505
3567000000,0.0153780236433,0.107506173584,0.0538714538868,0.0519903241914,-0.00346556322177,36.5618116103,-2.45818182986e-19,0.0120560514426
3615000000,0.0153684279943,0.107423991842,0.0538325978361,0.0519483974563,-0.00353093119204,36.5355560744,-2.45638894696e-19,0.0120426026694
3643000000,0.0153646522348,0.107420761997,0.0538270947063,0.0519498416692,-0.00356952482194,36.5318847374,-2.45611878723e-19,0.0120378253345
3679000000,0.0153129840647,0.107062398547,0.0536469540602,0.0517772261549,-0.00360038507292,36.4097173252,-2.44788394317e-19,0.0119950369145
3753000000,0.0152124347165,0.106357947995,0.0532941052115,0.0514365049751,-0.00361987654419,36.1703245121,-2.43176928798e-19,0.0119151846509
3782000000,0.0150863006695,0.105463965736,0.0528483751736,0.0510017078718,-0.00350325942259,35.8677235382,-2.41146340181e-19,0.0118163251316
3807000000,0.0149499402339,0.104514939104,0.0523723178299,0.0505431210892,-0.00339243772336,35.5445195192,-2.38976728743e-19,0.0117117118007
3843000000,0.0147990729715,0.103468120353,0.0518466152071,0.0500379516951,-0.00329413305747,35.1876359613,-2.36579960621e-19,0.0115976362689
3890000000,0.0146121117457,0.102169069033,0.0511944534119,0.0494109074806,-0.00320620104834,34.7449482392,-2.33605508455e-19,0.011456889044
3920000000,0.0143957948794,0.100661416346,0.0504382134023,0.0486825515401,-0.00312626301231,34.2314663673,-2.30155602799e-19,0.0112942070816
3959000000,0.0142021586628,0.0993604061888,0.0497776555847,0.0480620824834,-0.0030433569538,33.7830106037,-2.27141638757e-19,0.0111546980796
3998000000,0.0140456390687,0.0982457163534,0.0492225253046,0.047519490018,-0.00298722671221,33.4062506071,-2.24609729138e-19,0.0110403259541
4042000000,0.0139099824777,0.0973003278764,0.0487483677653,0.047062680092,-0.00293094490463,33.0844135261,-2.22446955843e-19,0.0109453440384
4080000000,0.0137063586125,0.0958627312615,0.0480303010857,0.0463651059183,-0.00288268605024,32.5970307284,-2.19170741863e-19,0.0107957312487
4127000000,0.0134405327129,0.0940016889678,0.0470980964214,0.0454647632961,-0.00283435587578,31.9642508968,-2.14916628236e-19,0.0105974641541
4191000000,0.0132238489516,0.0925007529527,0.0463436453638,0.0447412820202,-0.00278638680216,31.4521158519,-2.11473639701e-19,0.0104381047047
4245000000,0.0130769155494,0.0914814841403,0.0458315744437,0.0442496857068,-0.002745138818,31.1045002238,-2.09137098287e-19,0.0103307111737
4280000000,0.012920510677,0.0904009872747,0.0452879858068,0.0437293380003,-0.00270516458918,30.7354881097,-2.06656504048e-19,0.0102142658421
4298000000,0.0127557474238,0.0892568684569,0.0447133581077,0.0431773784892,-0.00266821406756,30.345418141,-2.04034209714e-19,0.0100892758066
4329000000,0.012586325611,0.0880496440271,0.0441120279302,0.0425940378248,-0.00264095099566,29.9373264571,-2.01290704026e-19,0.00995608621241
4370000000,0.0124737143885,0.0872442166252,0.0437114157134,0.0422014642409,-0.00261503568854,29.665415115,-1.99463062196e-19,0.00986516246572
4404000000,0.0124253621807,0.0868970621044,0.0435389927381,0.042031958497,-0.00258937037939,29.548355296,-1.98676973254e-19,0.00982202913558
4446000000,0.0123165508494,0.0861171537773,0.0431513370018,0.0416515626202,-0.00256683137449,29.2852449503,-1.96908398317e-19,0.00972752003684
4487000000,0.0121086355836,0.0846445885561,0.0424165037071,0.0409363304509,-0.0025442512037,28.7865350608,-1.93554862754e-19,0.00955151669842
4523000000,0.0118170575242,0.0825859602646,0.0413881404752,0.0399375668935,-0.00252206925704,28.0886379881,-1.88861299569e-19,0.00930620789267
4564000000,0.0115729506475,0.0808659129532,0.0405284854492,0.0391034777618,-0.00250300854301,27.5055732909,-1.8493789366e-19,0.00909573814986
4604000000,0.0113863876849,0.0794873010888,0.0398498719594,0.038424417526,-0.00249823879934,27.0451610765,-1.81841706918e-19,0.00892249694296
4647000000,0.0112345759395,0.0784286391487,0.0393188965151,0.037912920462,-0.00247396791314,26.6847547255,-1.79418414325e-19,0.0087799565661
4679000000,0.0111104757314,0.0775971031615,0.0388962606519,0.0375167945142,-0.00244223335817,26.397860244,-1.77489236836e-19,0.00866027661611
4736000000,0.0110125227034,0.0769448099253,0.0385640872793,0.0372066882502,-0.00241337008418,26.1724883492,-1.75973106056e-19,0.00856095625891
4769000000,0.0108918948081,0.0761017732219,0.0381416435476,0.0367989687405,-0.00239338521521,25.8859548753,-1.74045322033e-19,0.00844281524674
4812000000,0.0107478548632,0.0750787242179,0.0376316553187,0.0363015123068,-0.00237717860438,25.5399868986,-1.71718085062e-19,0.00830765127353
4863000000,0.0105814011046,0.0739067476479,0.0370457413643,0.0357333622411,-0.00235883933995,25.1424649699,-1.69044118126e-19,0.00815892816673
4892000000,0.0104520914209,0.0730183577669,0.0365980177878,0.0353063058113,-0.00233509945975,24.8386945154,-1.67000679391e-19,0.00804572570962
4953000000,0.0103679323641,0.0724216231957,0.0363004207052,0.0350162494367,-0.00231837255381,24.6368421084,-1.65642918465e-19,0.00797112314805
4963000000,0.0102437195951,0.0715241767836,0.0358555195508,0.0345774893621,-0.00230672586035,24.3350552919,-1.63612985455e-19,0.0078691457906
5010000000,0.0100681367438,0.0703230254134,0.035249266371,0.0340011592626,-0.00228020067724,23.9236747452,-1.60845665412e-19,0.00773807075938
5051000000,0.00985946426985,0.0688734270154,0.0345213000013,0.0333019108504,-0.00225753305016,23.4296815649,-1.57522920022e-19,0.00758639459528
5098000000,0.00964575358641,0.0673993520353,0.0337792911303,0.0325926408064,-0.00223220870312,22.9261313645,-1.54135911267e-19,0.00743845626516
5125000000,0.00943656325438,0.0658874340928,0.0330297549538,0.031853450794,-0.00222501039112,22.4175530534,-1.50715494405e-19,0.00729574975381
5160000000,0.00924713567274,0.0646061207776,0.0323802831597,0.0312414340464,-0.00218703338229,21.9759628975,-1.47750382142e-19,0.00718297761606
5203000000,0.00907967042797,0.0635650476117,0.0318371774571,0.0307597281585,-0.00213434261308,21.6071705431,-1.45269760823e-19,0.00710281593842
5248000000,0.00895258527063,0.0626375564724,0.0313788267909,0.0303046830802,-0.00212695838051,21.2962215498,-1.43178390512e-19,0.00704739912718
5286000000,0.00883548810371,0.0617409206527,0.0309423519103,0.0298580495965,-0.0021301365896,21.0001325037,-1.41187423286e-19,0.00700048972043
5339000000,0.00872062383005,0.0608775912853,0.0305195688655,0.0294305710258,-0.0021271282948,20.7130670901,-1.3925864669e-19,0.0069568916415
5384000000,0.00865967667421,0.0604992665989,0.0303220026792,0.0292556631481,-0.00209624046986,20.5785551782,-1.3835645259e-19,0.00696150191215
5409000000,0.00866089671324,0.0605319803709,0.0303343566704,0.0292755049291,-0.00207369922109,20.5866301974,-1.38412903516e-19,0.00700802532539
5451000000,0.00871307439776,0.0609091557825,0.0305213097456,0.0294598945976,-0.00205598616822,20.7132737154,-1.39266582174e-19,0.00708718207354
5486000000,0.00870932067233,0.0608730081637,0.0305068471234,0.0294368665111,-0.00122657752272,20.7021166679,-1.39229047623e-19,0.00711132182699
5530000000,0.00865952343319,0.0604440946349,0.0303068452312,0.0292128477944,-0.000547056747245,20.5652351077,-1.38340906649e-19,0.00708124511321
5568000000,0.00857794406284,0.0598725516709,0.0300220197934,0.0289335805062,4.21062965924e-05,20.3709511815,-1.37060704273e-19,0.00701830753906
5604000000,0.00847640724104,0.0591548827648,0.0296653944531,0.0285823938403,0.000514325044405,20.1297845305,-1.35449861139e-19,0.00692381940991
5652000000,0.00825524057028,0.0584402103452,0.0291712300539,0.0283738773198,0.00114022267853,19.7929246753,-1.33196065827e-19,0.00678653603413
5703000000,0.0081142673916,0.057067294548,0.0285477938428,0.0276439836715,0.00138096402218,19.3699151945,-1.30366760103e-19,0.00659353582806
5743000000,0.00795547688326,0.0554874109066,0.0278336585742,0.0268007368312,0.00156151861103,18.8841786847,-1.27122683496e-19,0.00636219961688
5763000000,0.00785645203918,0.0537314415536,0.0271300767483,0.0257723383163,0.00151033717716,18.4092427235,-1.23934565487e-19,0.00612290779819
5810000000,0.00763792913771,0.0524148571031,0.0264362960889,0.0251697205843,0.00175710921944,17.9386688398,-1.20771750778e-19,0.00589688164416
5853000000,0.00750408990418,0.0511954265257,0.0258722064644,0.0245320789175,0.00185320985443,17.555675243,-1.18206157414e-19,0.00570418238503
5893000000,0.00738375494347,0.0504416775654,0.0254803362602,0.0241817909833,0.00201315688472,17.2893126267,-1.16420698413e-19,0.00555285939863
5940000000,0.0072983299075,0.0499994172726,0.0252333278628,0.0239936047836,0.00216729523986,17.1210186111,-1.15294670168e-19,0.0054378182825
5961000000,0.00724380396656,0.0494603605674,0.0249901603105,0.0237050264162,0.00250172488154,16.9557557267,-1.14199771485e-19,0.00532749071917
6016000000,0.0071581943759,0.049004802668,0.0247391323754,0.0235072654838,0.0028464424995,16.7849533301,-1.13062455697e-19,0.00522537490457
6061000000,0.0070719329501,0.0484634414701,0.024458348689,0.0232545804952,0.00311922143419,16.5941228163,-1.1178861446e-19,0.00512693668245
6085000000,0.00698540557731,0.0478375365808,0.0241489743921,0.0229471126715,0.00331904189912,16.3848076621,-1.10384104464e-19,0.00503080219771
6127000000,0.00689934724277,0.0471406708383,0.023815831797,0.0225933599493,0.00347091859207,16.1585266058,-1.08870567753e-19,0.00493623774822
6174000000,0.00678955895221,0.046462168402,0.0234615178568,0.0222794705104,0.00363799039622,15.9178625731,-1.07256829259e-19,0.00484401895387
6211000000,0.00667676795659,0.0457431521214,0.023090089735,0.021942787673,0.00377422006831,15.6657650046,-1.05564379699e-19,0.00475661950793
6242000000,0.00656323084686,0.0449792633592,0.0227026488823,0.0215779023045,0.00387654063055,15.4028995752,-1.03798563229e-19,0.00467602919243
6289000000,0.0064364203674,0.0440982611582,0.0222600497198,0.0211529006591,0.00396522418104,15.1014759988,-1.01780301487e-19,0.00459384800619
6331000000,0.00627878634711,0.0431718668281,0.0217669387345,0.0207342811045,0.00407310184458,14.7664600592,-9.95287446796e-20,0.00451376969472
6366000000,0.00615084762907,0.0422883326894,0.0213225081798,0.0203086650276,0.00412218337199,14.4649455201,-9.75013142082e-20,0.00445741061276
6404000000,0.00604411014031,0.041485831595,0.020929697233,0.0199110405396,0.00414336681241,14.1984449916,-9.571008187e-20,0.00442325635166
6458000000,0.00594764897274,0.0407830914621,0.0205823903205,0.0195661998416,0.004158051306,13.9631545161,-9.41259720331e-20,0.00440643535633
6503000000,0.00585039618857,0.0404108507234,0.020344960251,0.0194376429435,0.00426089785128,13.8010359418,-9.30380542316e-20,0.00441824263448
6552000000,0.00580988573668,0.0401766554456,0.020219371629,0.0193326931767,0.00428751196664,13.7153332893,-9.24641301655e-20,0.00445136880957
6571000000,0.0057769612866,0.0397492343534,0.0200376601696,0.0190929331044,0.00424083638531,13.5922397138,-9.16374447336e-20,0.00446611082593
6622000000,0.00570272778615,0.0392955359605,0.019799534623,0.0188842528212,0.0042569164861,13.4305656219,-9.05494265051e-20,0.00446566121648
6646000000,0.00560873923597,0.0387652324135,0.0195127612495,0.018648994707,0.0042872732262,13.2355476912,-8.92381545731e-20,0.00444983694421
6690000000,0.00552341292121,0.0381021259597,0.0191912650808,0.0183173592,0.00426478589594,13.0171605451,-8.77709876333e-20,0.00441814224808
6731000000,0.00542028889793,0.0374066696146,0.0188384253914,0.0179854325228,0.00426184728526,12.7775150915,-8.615939254e-20,0.004370412848
6770000000,0.00531061936393,0.0366302805802,0.0184507540701,0.0176086749089,0.00422708766915,12.5143025274,-8.43884779843e-20,0.00430455125202
6802000000,0.00519438201109,0.0357958229462,0.0180359811269,0.0172018342971,0.00419042340261,12.2327095937,-8.24940367786e-20,0.00422145223907
6848000000,0.00507165427938,0.0349160695479,0.0175985031562,0.0167731080782,0.00415467505886,11.9357200073,-8.04959940093e-20,0.00412058622648
6890000000,0.00497130861503,0.0341960447008,0.0172399859676,0.0164232112515,0.00389288255784,11.6926645458,-7.8850646774e-20,0.00402434400511
6922000000,0.00489005998384,0.0336251671375,0.0169537579872,0.0161478191131,0.0036720207115,11.4986567293,-7.75363932198e-20,0.003930921862
6961000000,0.00483658109448,0.0332325564903,0.0167595715306,0.0159558180676,0.00347720190109,11.3670943169,-7.66436135395e-20,0.00384542510132
7028000000,0.00480371951197,0.0330005803106,0.0166436895764,0.0158436006452,0.00330027457449,11.289871113,-7.61093258445e-20,0.00376552227838
7052000000,0.00481339262433,0.0328506294793,0.0166039300222,0.0157355508068,0.00310672712317,11.2631326851,-7.5925899331e-20,0.00369515035351
7082000000,0.00479222447796,0.0326366611398,0.0165073324746,0.0156215169931,0.00296563779403,11.1981386857,-7.5481564116e-20,0.00359477252
7147000000,0.00475496530491,0.032287740138,0.0163467676613,0.0154384652832,0.00283777603714,11.0894864505,-7.47460983059e-20,0.00347023272608
7180000000,0.00471257593251,0.0318936833506,0.016165157576,0.0152319997935,0.00272454749733,10.9664777754,-7.3915401536e-20,0.0033361205284
7206000000,0.00467991453611,0.0314459375464,0.0159767638266,0.0149795020942,0.00258809836432,10.8390967917,-7.30559572832e-20,0.00320207231774
7241000000,0.00464388735112,0.0309849054766,0.0157800753189,0.0147223247261,0.00246396217518,10.7060918119,-7.21589618009e-20,0.003074295546
7286000000,0.004576897459,0.0306264627621,0.0155821868646,0.014568368412,0.00243225607627,10.5717703943,-7.12521650668e-20,0.00296078237465
7331000000,0.00451776318659,0.0302424923527,0.0153852385167,0.0143879601933,0.00237424666345,10.4394859392,-7.03513341371e-20,0.00286029976647
7369000000,0.00445948943974,0.0296675706619,0.0151245014456,0.0140824390008,0.0022875914631,10.2626111433,-6.91617003958e-20,0.00275304943524
7413000000,0.00434642244392,0.0289290780729,0.0147457268408,0.0137345887155,0.00226073022897,10.0056413873,-6.74303879961e-20,0.0026361764551
7442000000,0.00420324354443,0.0279878752457,0.0142641833427,0.0132897708147,0.00223843676313,9.67918791852,-6.52300251716e-20,0.00250873998574
7484000000,0.0040569290579,0.0268967856057,0.0137280709088,0.0127515855709,0.00220228397982,9.3142955763,-6.27820902541e-20,0.00238434822827
7528000000,0.0039090740117,0.0260554653536,0.0132745837199,0.0123778559395,0.00222585931979,9.00627686592,-6.07080751599e-20,0.002298994226
7578000000,0.00381834377863,0.0253954580987,0.0129480206337,0.0120547522775,0.00219254162351,8.78492958401,-5.92167232002e-20,0.00225854330035
7612000000,0.00376067890819,0.0249024947075,0.0127156565864,0.0118016060128,0.00214693908231,8.62727079172,-5.81563548025e-20,0.00225249515696
7653000000,0.00373033616108,0.0246580991916,0.012598865381,0.0116776424647,0.00210537294799,8.54926979397,-5.76232557473e-20,0.00229754115585
7678000000,0.0037315238034,0.0244584147006,0.012532735227,0.0115464234347,0.0020387687651,8.50392811293,-5.73232758081e-20,0.00235939432634
7726000000,0.00371908066487,0.0244278195145,0.0125079072274,0.0115413367822,0.00203806117848,8.48665276296,-5.72082889667e-20,0.0024314014602
7775000000,0.00368178386254,0.0242055171265,0.0123900583893,0.0114403909392,0.00203148938501,8.40653806829,-5.66690099617e-20,0.002481382214
7810000000,0.00362128980303,0.0237645508196,0.0121719465754,0.0112242568041,0.00201112628029,8.25848540442,-5.56728683507e-20,0.00250683674891
7847000000,0.0035378178538,0.0231399694973,0.0118655832013,0.0109155285969,0.00198635152328,8.05050935481,-5.42742111413e-20,0.00250912556365
7885000000,0.00349408452688,0.0228045441089,0.0117022574057,0.0107484913953,0.00196494423877,7.9395288506,-5.35284160651e-20,0.00253866456015
7923000000,0.00348482729,0.0227302524165,0.0116664859395,0.0107110663936,0.00194892632533,7.91505180488,-5.33646657828e-20,0.00259055102708
7975000000,0.0034582142243,0.0225481567491,0.0115744537049,0.0106237589316,0.00193697012173,7.85236585417,-5.29438938401e-20,0.00262130693727
8012000000,0.00341565041259,0.0222570684962,0.0114273830635,0.0104840953206,0.00192609713742,7.75232703903,-5.22718206118e-20,0.00262969749919
8048000000,0.00336049337232,0.0218726180627,0.0112344000318,0.0102983867427,0.00191415095919,7.62114904799,-5.13902178945e-20,0.00261597267259
8082000000,0.00329465188512,0.0214103132921,0.0110033851458,0.0100740369133,0.00188898547155,7.46548261427,-5.03354028444e-20,0.00258063063077
8145000000,0.00323675665873,0.0208309336334,0.0107417734481,0.00976482371298,0.00182946105618,7.28823256342,-4.91431147551e-20,0.00252184765442
8169000000,0.00315821239244,0.0204297031553,0.010516185719,0.00959563808876,0.00185662976031,7.13473938329,-4.81105540247e-20,0.00245585523346
8210000000,0.00310548795374,0.0200581947957,0.0103300081572,0.00941602185169,0.00185407641553,7.00724931802,-4.72597845104e-20,0.00238385814022
8248000000,0.00301428940289,0.0195874648209,0.0100667762765,0.00921601628202,0.00187849430706,6.82908494217,-4.60553207882e-20,0.00228603760526
8288000000,0.00293016992161,0.0188787887951,0.00973154807456,0.00885320460144,0.00183214774853,6.60210161359,-4.45262263529e-20,0.00216697364774
8327000000,0.00282573513166,0.0180532535216,0.0093335384245,0.00843815773289,0.00179490154953,6.33224114487,-4.27102008068e-20,0.00203023610512
8391000000,0.00273363625296,0.0173826735006,0.00900185527818,0.00810950012234,0.00177589563041,6.10725541191,-4.11960195258e-20,0.00190575660553
8408000000,0.00266660438628,0.0169509419305,0.008779447597,0.00790648362179,0.00177218350684,5.95645952539,-4.01797936894e-20,0.00180466496365
8453000000,0.0026301197873,0.0167001548266,0.00865304105269,0.00778585338982,0.00176141492731,5.87072224672,-3.96022678853e-20,0.00172486033645
8482000000,0.00261320950331,0.0166390147427,0.00861308498399,0.00775863830419,0.00176334197276,5.84349792233,-0.1,-0.018333984347
8527000000,0.00264275131791,0.0166233666925,0.0086515562866,0.00740026853721,0.00167357610358,5.86578834969,-0.1,-0.0384108605262
8563000000,0.001879283574,0.0192461972004,0.00867115306009,0.00936233690362,0.00374979928166,5.85609834632,-0.1,-0.0584698470974
8597000000,0.00183004967144,0.0194880612655,0.00872997432161,0.00849473776838,0.00379630572656,5.88741313372,-0.1,-0.0785684778119
8634000000,0.00139340540007,0.0210352455213,0.00877362626686,0.00913059550546,0.0049460171587,5.90135578734,-0.1,-0.0986206590776
8686000000,0.00129671597602,0.0213284841484,0.00879223422874,0.00841626045877,0.00513638305539,5.90322655384,-0.1,-0.118541408396
8732000000,0.00126772266864,0.0213102541475,0.00876491851085,0.0080602212362,0.00516333756352,5.88292430663,-0.1,-0.13817015111
8766000000,0.00123417312056,0.021144954263,0.00867871675376,0.00777849176919,0.00515886342893,5.82642828867,-0.1,-0.157323819114
8802000000,0.00120733185851,0.0208246598529,0.0085429352268,0.00754392446747,0.00513191269729,5.7368032198,-0.1,-0.175838599952
8843000000,0.0012323546788,0.0202197553838,0.00836170562243,0.00740815760253,0.00493182725571,5.6246923499,-0.1,-0.193542746762
8905000000,0.00120137555958,0.0196849024251,0.00814354115659,0.00719173110177,0.00489368813866,5.47938409596,-0.1,-0.210354622092
8920000000,0.00172045121531,0.0172819832322,0.0079108123822,0.00584323086018,0.00336212855118,5.34527482639,-0.1,-0.226197007199
8968000000,0.00178290754045,0.0164154944499,0.00765866964318,0.00626951138766,0.00313723955318,5.18771860446,-0.1,-0.240810621458
9000000000,0.0018371350888,0.0155917720576,0.00741861055283,0.00656348213009,0.0028598512053,5.04320521366,-0.1,-0.254289461499
9041000000,0.00176433461989,0.0150378351275,0.00714241921365,0.00648383785465,0.00287512345649,4.85968961262,-0.1,-0.266634116745
9080000000,0.00183993060702,0.0139064990923,0.00682386918638,0.00650830927557,0.00246919802686,4.6603856779,-0.1,-0.277784682424
9121000000,0.00183309881963,0.0129479075036,0.00648010013907,0.00632662139836,0.00224151402525,4.43590018886,-0.1,-0.287858511596
9176000000,0.00191592661513,0.0118646615896,0.00619487182158,0.00605867615459,0.00178728558453,4.25500400632,-0.1,-0.296697341009
9210000000,0.00199761762396,0.0109382136579,0.00596563620129,0.00576983086771,0.0013175780566,4.11294521384,-0.1,-0.304418911566
9246000000,0.00198130498031,0.0104906376659,0.00579826479987,0.00538829281907,0.00114113246166,3.99937943765,-0.1,-0.311122248171
9300000000,0.00216227724806,0.00955937903477,0.00567438503873,0.00519686138853,0.000450561527934,3.93129658258,-0.1,-0.31691549671
9345000000,0.00202510479461,0.00976675704246,0.00559834452953,0.00503069644934,0.00058036887921,3.87360723385,-0.1,-0.321744660948
9371000000,0.0022934625802,0.00867469803948,0.00553027972497,0.00432784022733,-0.000409243570427,3.84109758462,-0.1,-0.32580847034
9398000000,0.00227574788665,0.00851502575395,0.00546118762874,0.0040100531571,-0.000663281743887,3.79218511977,-0.1,-0.329108440483
9450000000,0.00231668420115,0.00817361795326,0.00539238084956,0.00373567410429,-0.0011263430976,3.75010125777,-0.1,-0.331760490934
9493000000,0.00223005039017,0.00819785488504,0.00531558037563,0.00330230407721,-0.00133530658843,3.69301933317,-0.1,-0.333796168021
9526000000,0.00220748560721,0.00799119656305,0.00522619726025,0.0029310401203,-0.00176063215122,3.63249828089,-0.1,-0.335314236441
9569000000,0.00211142246749,0.00791195197198,0.00510348608486,0.00245185617657,-0.00210112130046,3.54587280009,-0.1,-0.336348213172
9609000000,0.00200154738002,0.00779121281974,0.00495123846156,0.00192689352458,-0.00246649033025,3.43706683293,-0.1,-0.337029284712
9645000000,0.00192332102014,0.00749226218243,0.00477076924606,0.00141817273181,-0.00299284464664,3.31334320908,-0.1,-0.337374221573
9680000000,0.00176103584227,0.00733160915812,0.00454745275437,0.00083239976092,-0.00339855970643,3.15499651491,-0.1,-0.337451363491
9723000000,0.00166105219234,0.00687094177235,0.00428631159869,0.000268361124342,-0.00404582112769,2.976456964,-0.1,-0.33732281365
9770000000,0.00150085180718,0.00669315554683,0.00405815884826,-0.000289700424416,-0.00458565476228,2.81567886432,-0.1,-0.337008408467
9800000000,0.00139731113629,0.00641532255589,0.00385562411771,-0.000780899988194,-0.00530651830572,2.67595011968,-0.1,-0.336552269786
9850000000,0.00125994386245,0.00631565203219,0.00367796686597,-0.00125328720311,-0.00598068125448,2.55051923498,-0.1,-0.335993494653
9895000000,0.0011242890032,0.00591299777817,0.00339695536434,-0.00181425915767,-0.00680039406753,2.35723831362,-0.1,-0.335382599106
9928000000,0.000946691296312,0.00538231728407,0.00302705174649,-0.00249644336094,-0.00764334827606,2.10246176995,-0.1,-0.334749296573
9953000000,0.000802595840242,0.00500063427525,0.00274509903582,-0.00309807611222,-0.00857556079307,1.90803656264,-0.1,-0.334082673
10009000000,0.000687741699768,0.00482488560044,0.00256478166563,-0.00355574883641,-0.00957119630643,1.78279961789,-0.1,-0.333400662191
10053000000,0.000616862299996,0.00472512768086,0.00245937151987,-0.00398395963563,-0.0106768600457,1.70937959776,-0.1,-0.332726516109
10086000000,0.000533886777581,0.00470990308173,0.00236872068105,-0.00434400560759,-0.0116743529919,1.64567490813,-0.1,-0.332091179511
10125000000,0.000469551218719,0.00464913553824,0.00228363049635,-0.00474046386958,-0.0128012465231,1.58649910291,-0.1,-0.331502588654
10167000000,0.000435477404663,0.00461536617416,0.00223036173535,-0.00468104720183,-0.0140569038139,1.55351814143,-9.20830505747e-21,-0.31096486082
10217000000,0.000953224977167,0.00296932939515,0.00219818352693,-0.00395782106018,-0.016657918741,1.56924427504,-9.24041155363e-21,-0.290480401397
10245000000,0.00138965348537,0.00134951221452,0.00208140334279,-0.00311672792761,-0.0191973554148,1.52765554618,-8.87703157453e-21,-0.270033521617
10284000000,0.00164123302994,9.75508949742e-05,0.0018971986956,-0.00251995648714,-0.0214355117138,1.43121725508,-8.13643492058e-21,-0.24961489289
10346000000,0.00174606875459,-0.000894528064715,0.00166244843843,-0.00261349988245,-0.0234616210048,1.28602562614,-7.07898142977e-21,-0.229309228107
10392000000,0.00163615999813,-0.0012393037789,0.0014188592169,-0.002735171357,-0.0250357098713,1.12149337607,-5.90515098305e-21,-0.209235683185
10413000000,0.00144130762622,-0.00132733381956,0.00116731162771,-0.00269264105557,-0.026480325876,0.950532661145,-4.67480751744e-21,-0.189567730343
10453000000,0.0010949147605,-0.000997296310526,0.000893106161893,-0.00262706805088,-0.0275906705114,0.75248889664,-3.2896263585e-21,-0.17038036628
10494000000,0.000874861649899,-0.00113632264777,0.000589640993087,-0.00240970920157,-0.0291248141416,0.548417580435,-1.8262732147e-21,-0.151913651297
10533000000,0.000543114897084,-0.000998055900573,0.000270331855924,-0.00254783163087,-0.0304625428464,0.32188636262,-2.32036403368e-22,-0.134314486386
10568000000,0.000362862092115,-0.00133253259817,-4.67486754789e-05,-0.00272244993832,-0.032244252323,0.106312515487,1.30475181711e-21,-0.117625395775
10606000000,0.000168647415608,-0.00159428516694,-0.000352329507396,-0.00297142781015,-0.0340182634782,-0.106576273352,2.80192726046e-21,-0.101989992461
10636000000,3.80317702438e-05,-0.00203033718824,-0.000650969955282,-0.003137146142,-0.0360059246877,-0.308269292588,4.24318185322e-21,-0.0873343049693
10693000000,-2.67411485448e-05,-0.00246381473575,-0.0008741695502,-0.00335952855315,-0.0381452209809,-0.458876905346,5.33518952165e-21,-0.0739774327964
10727000000,-1.86506459467e-05,-0.00286361095017,-0.00100422459427,-0.00360060715611,-0.0404321499324,-0.54670014054,5.99440835645e-21,-0.0618676244333
10788000000,4.91918004918e-05,-0.00312456115728,-0.00102237254453,-0.00365983305367,-0.0428650445633,-0.551606284412,6.12910834143e-21,-0.05095148302
10815000000,-0.000160863076973,-0.0021709337455,-0.000954504327365,-0.00264338785746,-0.0444292108948,-0.510473014042,5.92521221293e-21,-0.0412300236151
10850000000,2.7776817499e-05,-0.00230277347808,-0.000791907285187,-0.00267804008249,-0.0471344578145,-0.386739190372,5.22192124411e-21,-0.0327046246967
10888000000,0.00021957695572,-0.00248324301273,-0.000644068609916,-0.00277481839525,-0.0498095788988,-0.281147042623,4.58950800888e-21,-0.0253064229497
10929000000,0.00034263047557,-0.00248606408934,-0.000515902725615,-0.00261553254087,-0.052381013877,-0.183756413691,4.05137296165e-21,-0.0190718824929
10955000000,0.000471921795674,-0.00270191490913,-0.000450926524896,-0.00268743765014,-0.0550072317926,-0.133257052389,3.80494658172e-21,-0.0137610633335
10988000000,0.000520674469917,-0.00282132284071,-0.000445761950304,-0.00259695484877,-0.0574978415709,-0.121513712013,3.84011907257e-21,-0.00949218811232
11064000000,0.000439202931312,-0.00269864492684,-0.00050871148539,-0.00226140800655,-0.0596714899946,-0.161309305459,4.20912016713e-21,-0.00632471668644
11089000000,0.000377882541475,-0.00278877247166,-0.000618289773267,-0.0021116995984,-0.0619704354804,-0.229068081919,4.78694652383e-21,-0.00366201713136
11132000000,0.000351035745536,-0.00316800254022,-0.000784388075456,-0.00221634304142,-0.0644174398116,-0.333986686167,5.61643166742e-21,-0.001686151439
11166000000,0.000302010018647,-0.00353511975229,-0.000971624628504,-0.00231799530433,-0.0668061861751,-0.455398093167,6.54695635788e-21,-0.000286108649124
11209000000,0.000325869822913,-0.00419609183217,-0.00117174644147,-0.002722290451,-0.0694324716143,-0.581863355073,7.52429548709e-21,0.00063884123234
11272000000,0.000298238646272,-0.00473262636379,-0.00139035753219,-0.00300889307659,-0.0718840217486,-0.726395828934,8.59601832073e-21,0.00101936302822
11294000000,0.000263071403187,-0.00528100192796,-0.00161968854002,-0.00331109760622,-0.0743561697437,-0.874671474496,9.71596687263e-21,0.00109319693398
11333000000,0.000162998923491,-0.00563865242011,-0.00186025648449,-0.00342273357325,-0.0766279025268,-1.0338195801,1.08977595258e-20,0.000905037375544
11371000000,1.92014068263e-05,-0.00580752172507,-0.00208705863676,-0.00337198901932,-0.078771092553,-1.18309865151,1.20244321096e-20,0.000457208998518
11409000000,-6.13224701294e-05,-0.0060185604574,-0.00225523390435,-0.00343047037382,-0.0810201540435,-1.29261252949,1.28775676969e-20,-0.000198817908541
11437000000,-0.000145851414168,-0.00612595964453,-0.00239259109329,-0.00342173681369,-0.0832326183132,-1.38017835203,1.35914724168e-20,-0.0009610786388
11493000000,-0.000207198434864,-0.00626022206116,-0.00251225835613,-0.003461247237,-0.0854754565389,-1.45577123488,1.42219202721e-20,-0.00183775130164
11533000000,-0.000247533996374,-0.00642535952676,-0.00261897845154,-0.00351454595995,-0.0877449176473,-1.52238517812,1.4787933554e-20,-0.00281349717401
11560000000,-0.00029522842463,-0.00654799934956,-0.00271869852828,-0.00356757301205,-0.0899780093253,-1.58415412575,1.53251902748e-20,-0.00384097405316
11604000000,-0.000330647924515,-0.00669304229721,-0.00281182130538,-0.00365114374418,-0.0922185681925,-1.64159616486,1.58304077045e-20,-0.00490360788966
11645000000,-0.00036531701233,-0.00682527206577,-0.00289983697221,-0.00372678574922,-0.0944361806477,-1.69593919542,1.63117442338e-20,-0.00598004765894
11687000000,-0.000399859490633,-0.00690200928599,-0.00296842356549,-0.00376422571663,-0.096637864572,-1.73532328014,1.67037584211e-20,-0.00704828508205
11753000000,-0.000412935340734,-0.00699243008741,-0.00301750937027,-0.00384041448001,-0.0988393747525,-1.76385712643,1.70046275822e-20,-0.00809084924566
11769000000,-0.000386117105319,-0.00721950133267,-0.0030663549217,-0.00404028007859,-0.101141599119,-1.79037376311,1.72959833735e-20,-0.00910659222447
11810000000,-0.000377752440801,-0.0073928219849,-0.00311851501499,-0.00418120655075,-0.103373333207,-1.81976330836,1.76042427888e-20,-0.0100765449873
11851000000,-0.00042308799137,-0.00739506558559,-0.00317515390265,-0.00414764275226,-0.105439992125,-1.85314528009,1.79406963688e-20,-0.0109798588904
11892000000,-0.000455847942352,-0.00744468315317,-0.00323301594807,-0.00416163599627,-0.107524821975,-1.88688909762,1.8280237671e-20,-0.0118162760796
11929000000,-0.000486607564434,-0.00750483387577,-0.00329222276199,-0.00418131727705,-0.109594847184,-1.92162228867,1.86247913603e-20,-0.0125885839001
11981000000,-0.000505500815987,-0.00749444691523,-0.00331401085293,-0.00416584673282,-0.111649860494,-1.9307358645,1.87974693186e-20,-0.013282358562
12015000000,-0.000503254729673,-0.00744586821715,-0.00329868045052,-0.00414885873521,-0.113711124637,-1.9148424198,1.87984384722e-20,-0.0139026847023
12054000000,-0.000458647257416,-0.0074215473476,-0.00326056032262,-0.00348418121554,-0.115842990294,-1.87593977969,0.1,0.00555029576237
12087000000,-0.00064262518975,-0.00692931558424,-0.00332272803032,-0.00243621227573,-0.117428504795,-1.91052830192,0.1,0.0250662440976
12131000000,-0.00098883869106,-0.00618263815167,-0.00347467307221,-0.00138608407176,-0.118677419147,-2.01022598028,0.1,0.0446781667128
12162000000,-0.00134977013619,-0.00535208304065,-0.00360865316498,-0.000482793048702,-0.119874541641,-2.10114755519,0.1,0.0643861237722
12201000000,-0.00169995500627,-0.00450526543451,-0.00372171814297,0.000313140925133,-0.12107406253,-2.17979220285,0.1,0.0841231586898
12241000000,-0.00198379661861,-0.00382234646459,-0.00381608987247,0.00100232892706,-0.122411923705,-2.24460133296,0.1,0.103752916854
12298000000,-0.00216106870111,-0.00350047116452,-0.00391716014888,0.0015666399926,-0.123987338754,-2.3119240691,0.1,0.123122874567
12332000000,-0.00228047872244,-0.00339475997756,-0.00403591650811,0.0023292700397,-0.125690823076,-2.38748938827,0.1,0.142073874378
12371000000,-0.00229994926824,-0.00354993976733,-0.00412632450629,0.00271769808465,-0.127612454065,-2.44280073332,0.1,0.160491497718
12409000000,-0.00224483698624,-0.00386716588869,-0.00418920393858,0.0030256454904,-0.129681169876,-2.47784614682,0.1,0.178063543133
12452000000,-0.00202943084453,-0.00464506239388,-0.00423098938548,0.00316018571587,-0.132156789798,-2.4891430502,0.1,0.194756275616
12487000000,-0.00154664302915,-0.00634515698192,-0.00429556058863,0.00298178213952,-0.135240969299,-2.51081522934,0.1,0.210430423154
12531000000,-0.00128627323718,-0.00739690960418,-0.00438003345195,0.00294252449117,-0.137817155782,-2.55010364084,0.1,0.225017221124
12561000000,-0.00082354455925,-0.00911853068272,-0.00447598377155,0.00279872092447,-0.140844599851,-2.59274061236,0.1,0.238403627027
12607000000,-0.000636859396045,-0.00998838241139,-0.00458104579018,0.00283712145705,-0.14320250524,-2.64930136911,0.1,0.25056303268
12645000000,-0.000260787547533,-0.0114780504398,-0.00469260835674,0.00274338444945,-0.145978753077,-2.70436819872,0.1,0.261592295315
12680000000,-0.000121641311057,-0.0122948260168,-0.00483088319688,0.00271639199713,-0.148163937279,-2.78710099922,0.1,0.27141527475
12727000000,4.00695271277e-05,-0.0132664526881,-0.00499717745263,0.00263173557314,-0.150399516899,-2.88635285926,0.1,0.280138086781
12784000000,0.000203992091759,-0.0141736181998,-0.0051383652218,0.00251882199415,-0.152558199314,-2.97206919936,0.1,0.287829418604
12819000000,0.000150780649884,-0.0143242497057,-0.00525379133527,0.00250115285194,-0.154174560596,-3.04575464555,0.1,0.294625620458
12844000000,0.000334885335958,-0.015170266693,-0.00534899410209,0.0023222555345,-0.156279178418,-3.10075671012,0.1,0.300422994669
12880000000,0.000262890243176,-0.0152100967624,-0.00544381269903,0.00222188875218,-0.157752598703,-3.1629606704,0.1,0.305314836189
12933000000,0.00046126971908,-0.0161141448826,-0.00554077266388,0.00195041459036,-0.159815991403,-3.21809667836,0.1,0.309454854925
12960000000,0.000403159538553,-0.016131026476,-0.00560675694898,0.00167238214525,-0.161217719069,-3.26321724585,0.1,0.312840508563
13014000000,0.000428937070239,-0.016316830171,-0.00564360401278,0.00150841339524,-0.162725172157,-3.28566467566,0.1,0.315579240446
13046000000,0.000402464698816,-0.0162662926931,-0.00565287046405,0.001303532333,-0.164058047327,-3.29188954878,0.1,0.317708234306
13088000000,0.000367994076962,-0.0161962481247,-0.00566540129207,0.00113563971066,-0.165308746498,-3.30055568133,0.1,0.319295574895
13136000000,0.000328816695483,-0.0161232024586,-0.00568129206138,0.00094110845537,-0.166498968904,-3.31197161901,0.1,0.320460767106
13171000000,0.000195065204899,-0.0159226602139,-0.00575540907685,0.000692892528881,-0.16744995942,-3.36587309444,0.1,0.321229465037
13204000000,9.65767855897e-05,-0.0160062283422,-0.00588940127117,0.000370139360486,-0.168460326428,-3.45937376347,0.1,0.321642349215
13247000000,-9.82077764563e-05,-0.0158201150185,-0.00603466373032,6.0141985794e-05,-0.16919564226,-3.56368930107,0.1,0.321763295049
13285000000,-0.000199180943824,-0.0159518328454,-0.0061867528316,-0.000312020651518,-0.170102434665,-3.66937040011,0.1,0.321662867609
13322000000,-0.000377332737062,-0.0158567765155,-0.00634434056419,-0.000667881648985,-0.170778507892,-3.78163470268,0.1,0.321382240479
13382000000,-0.000503348928848,-0.0159895048437,-0.0065235230794,-0.00107088433496,-0.171529312313,-3.9066035333,0.1,0.32095716259
13405000000,-0.000625943252493,-0.0161997738369,-0.00672056212264,-0.00164971258187,-0.172264385015,-4.04429655702,0.1,0.320426382439
13451000000,-0.000818279197818,-0.0162226970336,-0.00693486092699,-0.00204284353177,-0.17275771253,-4.19611504874,0.1,0.319822493383
13494000000,-0.000967951873707,-0.0163487928642,-0.00713772401395,-0.0024431443562,-0.173292421344,-4.33790025514,0.1,0.319181613704
13527000000,-0.00111699800476,-0.0164332970079,-0.00732561360766,-0.00282495672009,-0.173753854508,-4.47014651922,0.1,0.318527861483
13568000000,-0.00127647930779,-0.0163879294194,-0.0074792098836,-0.00317231207097,-0.174121390631,-4.57843932301,0.1,0.317889493694
13619000000,-0.00128646235717,-0.0167252263313,-0.00760163775618,-0.00356146491674,-0.174754069565,-4.66171366885,0.1,0.31727314212
13656000000,-0.00144788343098,-0.0165051562704,-0.00769745381392,-0.00384180740798,-0.174947973806,-4.73346562717,0.1,0.316693926327
13683000000,-0.00155401867866,-0.0162642870249,-0.00772589880366,-0.00405971298807,-0.175167868374,-4.75780629434,0.1,0.316173225687
13721000000,-0.00162943461757,-0.0159386761381,-0.00769101148527,-0.00423286664482,-0.175363556783,-4.73854730965,0.1,0.315721606514
13786000000,-0.00166431183993,-0.0157312325707,-0.00765188007792,-0.00443172725733,-0.175483019972,-4.71527684811,0.1,0.315325819217
13813000000,-0.00167469688054,-0.0155974863701,-0.00760973326978,-0.0046882498967,-0.175626712214,-4.68948816344,0.1,0.314996586774
13849000000,-0.00172554309862,-0.0153263267631,-0.00756630459967,-0.00486290182749,-0.175624754552,-4.66427625251,0.1,0.314728998936
13888000000,-0.00175268747039,-0.0152238186297,-0.00755505445444,-0.00508165556716,-0.175654555383,-4.6594904732,0.1,0.314518273491
13923000000,-0.00179405927033,-0.0151570314903,-0.00757155770379,-0.00532442233438,-0.175623702148,-4.67389491239,0.1,0.314358540877
13963000000,-0.00183891232134,-0.0152018067236,-0.00763022438138,-0.00561478538348,-0.175563229854,-4.71690101006,0.1,0.31424813689
13997000000,-0.00190540823113,-0.0152917203242,-0.00772782963249,-0.00594194240814,-0.175433017567,-4.78672618658,0.1,0.314185238143
14045000000,-0.0019627387663,-0.015515670588,-0.00786160052732,-0.00631376040171,-0.175303026667,-4.88064999285,0.1,0.31416979192
14080000000,-0.00205311591532,-0.0157610451471,-0.00803866121052,-0.006720061436,-0.17507426284,-5.00481480003,0.1,0.314197509624
14125000000,-0.00213434180852,-0.0161530026002,-0.00825627552781,-0.00717325670269,-0.174845507044,-5.15591050223,0.1,0.314265472837
14160000000,-0.00222545724637,-0.0164704949439,-0.00845886069655,-0.00760636194911,-0.174531021034,-5.29744910651,0.1,0.31438373338
14225000000,-0.00230076925683,-0.01680627734,-0.0086507508701,-0.00802604714479,-0.174205603389,-5.43145755045,0.1,0.3145288833
14245000000,-0.00237345573095,-0.0170938486017,-0.00882191041042,-0.00846562246504,-0.173823959761,-5.55178861335,0.1,0.31473510615
14282000000,-0.00244394187705,-0.0173383455221,-0.00897662797096,-0.00885166624306,-0.173381655155,-5.66091622902,0.1,0.314985045232
14323000000,-0.00249709028856,-0.0175997342874,-0.0091181905014,-0.00923062462496,-0.172923932196,-5.76078022927,0.1,0.315268115277
14362000000,-0.00254528125737,-0.0177555196886,-0.00921756624478,-0.00957338217759,-0.1723981333,-5.83242787185,0.1,0.315592113201
14411000000,-0.00257671474793,-0.0178637161481,-0.00928234025585,-0.0098805438186,-0.171841671376,-5.88052060217,0.1,0.315947175551
14455000000,-0.00260819056477,-0.0178821366447,-0.00931605624231,-0.0101551901613,-0.171221557833,-5.90797286221,0.1,0.316330745776
14494000000,-0.00262313192443,-0.0179891544118,-0.00936582632269,-0.0103066163545,-0.170603697103,-5.94429757638,4.86582857965e-20,0.296729538707
14528000000,-0.00183961269599,-0.0206807501213,-0.00943137387546,-0.0109053622675,-0.171918230582,-5.95567237369,4.86920235909e-20,0.277111791967
14569000000,-0.000990262420366,-0.0234943702728,-0.00946485984638,-0.0115748942161,-0.173319205808,-5.94469179804,4.85643941787e-20,0.257461813342
14604000000,-0.000440398042417,-0.0252634945004,-0.0094680576186,-0.0120026472261,-0.173898157087,-5.92810615748,4.83900131863e-20,0.237783132548
14640000000,-0.000329491886168,-0.0256787715807,-0.00948648857686,-0.0121382246095,-0.1733796191,-5.93760445921,4.84133914617e-20,0.218145904576
14684000000,-0.00035653383785,-0.0257173815872,-0.00952599177349,-0.0122203121174,-0.172490805698,-5.96718415355,4.8572086679e-20,0.198678518076
14738000000,-0.000583073748844,-0.0251753902589,-0.00958267644149,-0.0122227336819,-0.171104061829,-6.01504675772,4.88677431615e-20,0.179537167499
14760000000,-0.000739244286179,-0.0249494153682,-0.00966936816009,-0.0123531294857,-0.16986226729,-6.08163835782,4.92762946127e-20,0.160830905391
14810000000,-0.00106375938053,-0.0242726908874,-0.00978904605836,-0.0122664385446,-0.168189809985,-6.17404232972,4.9872860303e-20,0.14276593524
14869000000,-0.00128852335207,-0.0239788439477,-0.00993390977839,-0.0122058763397,-0.166703429798,-6.28176695741,5.05471802702e-20,0.125462485995
14884000000,-0.00165473248244,-0.0230718834539,-0.0100237103404,-0.0119359014721,-0.164798686714,-6.35576745737,5.10134522663e-20,0.109141143884
14934000000,-0.00192126321703,-0.0223359005552,-0.010066780119,-0.0115550810504,-0.16304555179,-6.394550921,5.12313698828e-20,0.0937940037196
14976000000,-0.00219555902517,-0.0215761943785,-0.0101099312486,-0.0111507665942,-0.16125301071,-6.43107296515,5.14493704031e-20,0.079537299166
15003000000,-0.00236838978239,-0.0211485530353,-0.0101558525157,-0.0108317550286,-0.159664508659,-6.46667692476,5.16485938533e-20,0.0664427996003
15063000000,-0.00252472450404,-0.0207802269967,-0.0102040051692,-0.0105347251562,-0.158082088286,-6.5034635652,5.18531298531e-20,0.0545171497512
15081000000,-0.00248179214678,-0.0212535687287,-0.0103079353226,-0.010904810008,-0.157063129475,-6.57253959242,5.22683263279e-20,0.0436958087687
15132000000,-0.00261760028157,-0.0213131122521,-0.0104817825422,-0.0107526567972,-0.155536321092,-6.69397228024,5.30273168056e-20,0.034144582752
15161000000,-0.00268686645932,-0.0214397085421,-0.0106026401018,-0.0106306749565,-0.154160456658,-6.77308153635,5.35284744396e-20,0.0257040931692
15200000000,-0.00267677748024,-0.0216429048525,-0.0106621062826,-0.0105813814861,-0.152860398055,-6.81523357767,5.37369575211e-20,0.0183298895607
15237000000,-0.00272415810862,-0.0215260692545,-0.0106764156999,-0.0103348458082,-0.151398528141,-6.82425754706,5.37532115456e-20,0.0119374238022
15287000000,-0.00270749298282,-0.0215956452428,-0.0106819281775,-0.0102470176873,-0.150048428427,-6.82932529511,5.37182994214e-20,0.00662910073847
15326000000,-0.00273476027949,-0.0216089784264,-0.0107173836,-0.0101093428504,-0.148608243622,-6.85356359118,5.38269630093e-20,0.00209495801438
15375000000,-0.00271542179549,-0.0217533793938,-0.0107436335128,-0.0101153406959,-0.147258557583,-6.87258646106,5.38871037113e-20,-0.00154244619269
15411000000,-0.00266047652861,-0.0219963706936,-0.0107609432824,-0.0102483648739,-0.146000662366,-6.88454075383,5.39012608247e-20,-0.00450058275803
15440000000,-0.00265646085178,-0.0220489692078,-0.0107725952616,-0.0102210863719,-0.144584590878,-6.89423135486,5.3899516735e-20,-0.00669462450399
15488000000,-0.00265376537316,-0.0221275410148,-0.010794249419,-0.0102309074184,-0.143157268525,-6.91198193956,5.394473365e-20,-0.00829380062993
15530000000,-0.00266219536016,-0.0222012232731,-0.0108259570176,-0.0102417402152,-0.141722777347,-6.93485231191,5.40376217082e-20,-0.0093243848589
15570000000,-0.00265234865055,-0.0222992491656,-0.0108452098239,-0.010312046999,-0.140297146105,-6.95245799588,5.40737224519e-20,-0.00994426897845
15601000000,-0.0026452424319,-0.022349816936,-0.0108507464138,-0.0103531432832,-0.138875574636,-6.95852661987,5.40477852775e-20,-0.0101328106103
15652000000,-0.0026865465677,-0.0222854446888,-0.0108737982253,-0.010282045402,-0.137432546538,-6.97851887471,5.41148643627e-20,-0.00996563921313
15681000000,-0.00268260253037,-0.0224669262755,-0.0109268455796,-0.0104306822436,-0.136129129871,-7.0176206804,5.43099380194e-20,-0.00954935793991
15732000000,-0.00269331912283,-0.0226795444275,-0.0110074293784,-0.0105860444124,-0.134787950567,-7.07648658622,5.46316937093e-20,-0.00891800819222
15761000000,-0.00270449475317,-0.0228387928606,-0.0110702555627,-0.010709935592,-0.133430496105,-7.12276075829,5.48730214331e-20,-0.00810258964804
15807000000,-0.00270545691214,-0.0229629861779,-0.011109374024,-0.0108294235886,-0.132076450339,-7.15322181816,5.50057261841e-20,-0.00713937870555
15845000000,-0.00270278818575,-0.0230376709796,-0.011127676758,-0.0109218759527,-0.130711931484,-7.16971157759,5.50437889982e-20,-0.00607216731853
15886000000,-0.00270282820367,-0.0231073870015,-0.0111474503558,-0.0110080275963,-0.129340658312,-7.18730363995,5.50889010729e-20,-0.00494364903652
15938000000,-0.00270460797532,-0.0231785304339,-0.0111698260286,-0.011091595967,-0.127966227689,-7.20681674291,5.51461157184e-20,-0.00378231927801
15971000000,-0.00273772299183,-0.0231820252878,-0.0112057325661,-0.0110925139348,-0.126518453114,-7.23583365994,5.52697842271e-20,-0.00261202826273
16012000000,-0.00274403257107,-0.0233741799094,-0.0112740354222,-0.0112456831837,-0.125177142545,-7.28588696228,5.55354101691e-20,-0.00146567025634
16054000000,-0.00274290010941,-0.0234703883792,-0.0113017187281,-0.0113426727397,-0.123825616218,-7.30884784892,5.56163335577e-20,-0.000341011167991
16091000000,-0.00273405303729,-0.0234847573247,-0.0112929846705,-0.0113933556304,-0.12247499058,-7.30687849396,5.55314285178e-20,0.000745092681558
16123000000,-0.00271491681306,-0.0234390149278,-0.0112523244507,-0.0114139077496,-0.121132194763,-7.28338431182,5.53005759993e-20,0.00178643570498
16172000000,-0.0027095474145,-0.0233771687332,-0.0112220878426,-0.0114063334145,-0.119769591282,-7.26691854177,5.51188797032e-20,0.00276010597241
16212000000,-0.00270168917505,-0.0233600908146,-0.0112041866819,-0.0114278319372,-0.118429413073,-7.25879754043,5.4992767218e-20,0.0036627538484
16240000000,-0.0026989992413,-0.0233624743067,-0.0111988409896,-0.0114545546229,-0.117093160615,-7.25915863172,5.49244444773e-20,0.00449963497328
16281000000,-0.00270025829949,-0.0233830765083,-0.0112042168933,-0.0114867309192,-0.115763205582,-7.26670953465,5.4905346479e-20,0.00525603146353
16352000000,-0.00270331865807,-0.0234238417404,-0.0112186000035,-0.0115274089364,-0.114441444649,-7.28051403156,5.49274117661e-20,0.00593507384407
16369000000,-0.00271665350087,-0.0235120720679,-0.0112606891671,-0.0115867846709,-0.113125349544,-7.31277419053,5.50765211683e-20,0.00653870847855
16413000000,-0.00273422078854,-0.0236643099187,-0.0113294082103,-0.0116793003942,-0.111823635434,-7.36331330897,5.53468543703e-20,0.00706145274431
16451000000,-0.00276421114189,-0.023840173148,-0.01142019722,-0.011777295201,-0.110516505611,-7.42863753591,5.57194292014e-20,0.00750902835111
16480000000,-0.0027892366694,-0.0240445741635,-0.0115151351976,-0.0118921485274,-0.109232715206,-7.49681290151,5.61098135742e-20,0.00789574097373
16528000000,-0.00281956574057,-0.024241586159,-0.011613603021,-0.0119974829299,-0.107947871815,-7.56725035334,5.65172841998e-20,0.00821827603644
16562000000,-0.00284570163038,-0.0244276852706,-0.0117037027758,-0.0120978744969,-0.106675263936,-7.63206021122,5.68864209435e-20,0.00848369928033
16591000000,-0.00287118201917,-0.0245930433564,-0.0117860469353,-0.0121856816007,-0.105407887176,-7.69151671876,5.72206483658e-20,0.00869990954246
16636000000,-0.00289469524121,-0.0247456576668,-0.011861896523,-0.0122661823576,-0.104148727745,-7.74655751602,5.75253987622e-20,0.00886659190354
16681000000,-0.00291847008719,-0.0248977332214,-0.011937921995,-0.0123453026691,-0.102896677013,-7.80175333684,5.78312382306e-20,0.00899032844792
