%time,field0,field1,field2,field3,field4,field5,field6,field7
493000000,-0.00221558734695,-5.48841288356e-06,-0.0017686643762,-5.62817817095e-06,20.0,20.0,-1.8279231759e-05,0.000134004368084
536000000,-0.00200086649023,-3.46153642027e-08,-0.00163388067457,-1.72221995833e-07,20.0,20.0,-1.79465953971e-05,0.000142015348638
579000000,-0.00157803085863,5.6365123824e-07,-0.00126708600114,5.32991862337e-07,20.0,20.0,-1.74408740101e-05,0.000143912685742
617000000,-0.0012413967082,-5.90155465607e-07,-0.000967965420047,-5.01308571319e-07,20.0,20.0,-1.64775931285e-05,0.000142655751767
643000000,-0.00103599821124,-1.84380156601e-06,-0.000787722829033,-1.66446704085e-06,20.0,20.0,-1.48133174456e-05,0.000140555701
689000000,-0.00092445518566,-2.6752929786e-06,-0.000693909361914,-2.44508361063e-06,20.0,20.0,-1.2290584401e-05,0.000138751807424
717000000,-0.000860459915997,-3.05974203066e-06,-0.000643519498743,-2.81305513601e-06,20.0,20.0,-8.71906483501e-06,0.000137557813362
789000000,-0.000837414207538,-2.60297595304e-06,-0.000631890277169,-2.36345529081e-06,20.0,20.0,-4.05000709137e-06,0.000137062085615
808000000,-0.000824747771127,-1.66383454479e-06,-0.00062947390827,-1.44346046428e-06,20.0,20.0,1.62759525182e-06,0.000136935884238
852000000,-0.000771046009175,-1.69188845681e-06,-0.000585266438162,-1.49465259824e-06,20.0,20.0,8.33594700937e-06,0.00013689269643
887000000,-0.000729523483918,-1.61971507853e-06,-0.00055262100434,-1.44486541744e-06,20.0,20.0,1.59447420128e-05,0.000137566382882
930000000,-0.000685031253633,-1.7419055111e-06,-0.000516431147813,-1.58500164767e-06,20.0,20.0,2.42326208884e-05,0.000138269297909
978000000,-0.000644205094644,-1.84617494611e-06,-0.000483316368326,-1.70234527022e-06,15.2634250812,15.2631486158,3.3032561765e-05,0.000139127772647
1008000000,-0.000607312709258,-1.90686366404e-06,-0.000453536768091,-1.77178004902e-06,6.58269457379,6.58215198391,4.21238300554e-05,0.00014021915971
1039000000,-0.000575674579977,-1.98217431821e-06,-0.000428430051303,-1.85262700197e-06,-4.69558939659,-4.69638631979,5.13194415931e-05,0.000141611270486
1096000000,-0.000560043776307,-1.63945283679e-06,-0.000418787121718,-1.51338462512e-06,-16.4780843222,-16.4791241947,6.03603794066e-05,0.000143416835437
1127000000,-0.000532090231665,-1.6673589661e-06,-0.000396268511675,-1.53867453241e-06,-20.0,-20.0,6.89955713377e-05,0.000145211712983
1183000000,-0.000511273899966,-1.61677478186e-06,-0.000380405417333,-1.48873906681e-06,-20.0,-20.0,7.71412437641e-05,0.00014739729661
1205000000,-0.000494337330323,-1.49745328359e-06,-0.000368039454291,-1.37197694373e-06,-20.0,-20.0,8.42231019246e-05,0.000149653801955
1255000000,-0.00047702162989,-1.47760107329e-06,-0.000354978003441,-1.35654265782e-06,-20.0,-20.0,9.01982934845e-05,0.000151929359265
1292000000,-0.000463742041024,-1.41820431006e-06,-0.000345680481601,-1.3032670329e-06,-20.0,-20.0,9.48853495064e-05,0.000154264187142
1337000000,-0.000452483513427,-1.36368441543e-06,-0.000338154240731,-1.2558306832e-06,-20.0,-20.0,9.73575446489e-05,0.00015651915782
1361000000,-0.000425592251093,-2.03590116174e-06,-0.000314769730854,-1.93686453624e-06,-20.0,-20.0,9.76011012896e-05,0.000161420318525
1410000000,-0.000473247425464,-1.24351189777e-06,-0.000365732438616,-1.1634780599e-06,-18.7915814619,-18.7865888289,9.48041116736e-05,0.000168686233738
1470000000,-0.000469810976914,-1.64864531827e-06,-0.000365263291134,-1.56787643963e-06,-16.6711462672,-16.6622723629,8.75350888208e-05,0.000171463590822
1488000000,-0.000445875914838,-3.06995690397e-06,-0.00034408305489,-2.99742364927e-06,-14.4347497817,-14.4362402765,7.70002296971e-05,0.000165464913296
1531000000,-0.000384711240322,-5.71897578302e-06,-0.000285538033893,-5.64447218768e-06,-12.1408686134,-12.15059366,6.46893890993e-05,0.00015501995273
1569000000,-0.000417828641999,-4.69078986323e-06,-0.000321205531065,-4.63345768073e-06,-10.7379808973,-10.7542274446,5.17496404084e-05,0.000152231881676
1612000000,-0.000442984612716,-3.54505796387e-06,-0.000348830372487,-3.50213040251e-06,-10.074987615,-10.0963760899,3.81518508193e-05,0.000152349701311
1655000000,-0.000446488513179,-2.95476398725e-06,-0.000354960331452,-2.94848407707e-06,-9.9647093328,-9.99016350636,2.40535422885e-05,0.000152430913835
1692000000,-0.000438359757363,-2.89537688802e-06,-0.000349487195813,-2.9088617277e-06,-10.690589307,-10.7192350181,9.63469525932e-06,0.000151548748813
1731000000,-0.000429548455436,-2.98829450743e-06,-0.000343181321877,-3.01179943974e-06,-12.0893847468,-12.1204997875,-4.74555453126e-06,0.000149901959366
1771000000,-0.000423495322956,-3.06881073823e-06,-0.000339427515612,-3.09755807952e-06,-14.0398534765,-14.0719378562,-1.88063498095e-05,0.000148350954567
1816000000,-0.00042744376603,-3.00663148789e-06,-0.000345476932582,-3.03875819332e-06,-16.4066040417,-16.4393672029,-3.2268325805e-05,0.000146947646965
1892000000,-0.000424933932495,-3.04692284514e-06,-0.000344902012782,-3.08238795621e-06,-19.1005328265,-19.1337326756,-4.48492119405e-05,0.000144659145717
1931000000,-0.000404029117036,-3.47032051951e-06,-0.000325776785552,-3.51038820375e-06,-20.0,-20.0,-5.45815751641e-05,0.000141661110615
1948000000,-0.000391075524039,-4.1863776916e-06,-0.000314518791418,-4.23125162695e-06,-20.0,-20.0,-6.31069674532e-05,0.000114070670088
1972000000,-0.000953698072718,3.71555451292e-05,-0.000878787656041,3.70755012129e-05,-20.0,-20.0,-6.813586318e-05,8.47620283116e-05
2008000000,-0.000756129313804,3.6392801075e-05,-0.000682764684974,3.63001904671e-05,-20.0,-20.0,-5.92083001055e-05,5.83256544227e-05
2034000000,-0.000873027096949,4.42526094499e-05,-0.00080111011518,4.41770423589e-05,-20.0,-20.0,-3.95436265891e-05,7.28852317155e-05
2073000000,-0.000882058567506,4.85087360416e-05,-0.000811544210545,4.84352370957e-05,-20.0,-20.0,-8.59911980548e-06,8.30080267684e-05
2135000000,-0.000767945721266,4.48037708426e-05,-0.000698206185989,4.4813943752e-05,-20.0,-20.0,3.18150608252e-05,8.38571522091e-05
2180000000,-0.000726998908025,4.30002595854e-05,-0.000657696956896,4.3054329758e-05,-20.0,-20.0,8.18936468988e-05,8.65725786652e-05
2215000000,-0.000748681726828,4.49835841313e-05,-0.000679875172904,4.50678142539e-05,-19.8167344398,-19.8260305619,0.000140426423653,9.14957239197e-05
2258000000,-0.000717128439402,4.42059348891e-05,-0.000649001483973,4.43237698489e-05,-19.3660295183,-19.3829144728,0.000207126505404,9.71335037882e-05
2310000000,-0.000705591628191,4.46080253769e-05,-0.000638334686477,4.47567724996e-05,-19.0803039139,-19.1033403739,0.000280462606591,0.00010732216138
2324000000,-0.000684492459794,4.4751804033e-05,-0.000618222136915,4.49496522693e-05,-18.9945321432,-19.0225639047,0.000358030864365,0.000119502413105
2361000000,-0.000661373979256,4.4888766528e-05,-0.000596152252163,4.51448755799e-05,-19.2390233819,-19.2710985925,0.000437635967219,0.000133699979304
2398000000,-0.000643362770474,4.47687852159e-05,-0.000579204767569,4.50884057928e-05,-19.7875871974,-19.8228851372,0.000516895819952,0.000150014657553
2454000000,-0.000645490616979,4.60612730899e-05,-0.000582385268065,4.64416417385e-05,-20.0,-20.0,0.000592336854642,0.000168667831474
2484000000,-0.000634050915274,4.65320387732e-05,-0.000571975150825,4.69635136506e-05,-20.0,-20.0,0.000662788955419,0.000188305345032
2528000000,-0.000625381510821,4.71043202346e-05,-0.000564308835548,4.75725482733e-05,-20.0,-20.0,0.000724083763393,0.000208863596769
2570000000,-0.000624507247408,4.68845934661e-05,-0.000564418480313,4.73655464846e-05,-20.0,-20.0,0.000774791051779,0.000169506235281
2610000000,-0.000809547539822,5.62997738631e-05,-0.000750918253024,5.62537737405e-05,-20.0,-20.0,0.000811000028751,0.000173987220954
2656000000,-0.000881977126024,5.93865408026e-05,-0.000824484611962,5.91044396217e-05,-20.0,-20.0,0.000827178054899,0.000182497195708
2688000000,-0.000904646699382,5.76259772403e-05,-0.000848151171996,5.72150735513e-05,-20.0,-20.0,0.000825531490603,0.000189788002137
2720000000,-0.000910562839955,5.5174241514e-05,-0.000854928998532,5.47422687997e-05,-20.0,-20.0,0.000804869737544,0.000189421013654
2775000000,-0.000918172733871,5.4453501008e-05,-0.000863363329045,5.40107358113e-05,-20.0,-20.0,0.000771411726017,0.000247424694526
2809000000,-0.000746412877681,4.95913813058e-05,-0.000689768819213,5.01287413246e-05,-20.0,-20.0,0.00072479946375,0.000218619019767
2843000000,-0.000781157981755,5.61835036787e-05,-0.000722205356564,5.66168826532e-05,-20.0,-20.0,0.00067260891854,0.000212623279963
2890000000,-0.000702877058333,5.30715046175e-05,-0.000642318826095,5.33895242805e-05,-20.0,-20.0,0.000615148041526,0.0002153333574
2926000000,-0.000706788121179,5.53948796227e-05,-0.000645537468822,5.55876605708e-05,-19.9214638361,-19.9219229755,0.000550754637798,0.000221802194171
2982000000,-0.000664566470313,5.32603076862e-05,-0.00060313702428,5.34372162234e-05,-19.7296816258,-19.7305541015,0.000479635047954,0.000219527040182
3011000000,-0.000605323128128,4.73869759334e-05,-0.000544206077946,4.75073788255e-05,-19.4415444934,-19.4427894704,0.000402531857507,0.000214024904621
3052000000,-0.000620346342222,4.71087799015e-05,-0.000559842695277,4.71784678176e-05,-19.0786042962,-19.0801876549,0.000320438815669,0.00020954575811
3090000000,-0.000624969803209,4.63106421411e-05,-0.000565207290298,4.63725596499e-05,-18.831642003,-18.8335333991,0.000234846992737,0.000186237558211
3134000000,-0.000677016691013,4.86842149035e-05,-0.000618083527594,4.87185257293e-05,-18.6869156798,-18.6890874368,0.0001472764725,0.000183755080322
3162000000,-0.000675715888554,4.82396151522e-05,-0.000617561278245,4.83073585809e-05,-18.5777892554,-18.5802145329,5.88160144405e-05,0.000183454600578
3223000000,-0.000654945258933,4.5782640078e-05,-0.000597547416493,4.58828978904e-05,-18.4958841015,-18.498540922,-2.73901514445e-05,0.000180683454624
3254000000,-0.000633464726513,4.39135210237e-05,-0.000576397556787,4.41049560781e-05,-18.4370657302,-18.4399344464,-0.000108118761622,0.000145506469221
3284000000,-0.00068867137915,4.7526346931e-05,-0.000631670012728,4.77963946383e-05,-18.4321330868,-18.4351937947,-0.000180834899839,0.000136152457795
3322000000,-0.000686817793186,4.78457443068e-05,-0.000629961430654,4.81371167193e-05,-18.4707145884,-18.473950695,-0.000244568986883,0.000123838484756
3368000000,-0.000670631829261,4.67184151496e-05,-0.000614074514745,4.70095793189e-05,-18.4767503582,-18.4801446961,-0.000297060922871,0.000108503071677
3401000000,-0.000653870455936,4.56252226092e-05,-0.000597764851659,4.59024795916e-05,-18.4528187975,-18.456356411,-0.000335753799279,9.23419390417e-05
3443000000,-0.000638616700086,4.52947253135e-05,-0.000583079900215,4.55440642052e-05,-18.4038447328,-18.4075125044,-0.000358695512303,0.000153596196744
3486000000,-0.000473649978383,3.01570771012e-05,-0.000419039651514,3.00679399839e-05,-18.3905576,-18.394344285,-0.000363708248001,0.000149265642353
3542000000,-0.000459656292259,2.72543577364e-05,-0.000405750256831,2.70817687581e-05,-18.4069438537,-18.4108412847,-0.000351296535367,0.000143646761855
3581000000,-0.000489716644918,3.12229614276e-05,-0.000436436730839,3.10498950501e-05,-18.3277887608,-18.3317901077,-0.000315779258725,0.000135543756233
3603000000,-0.000444804803879,2.73823423921e-05,-0.000392084347438,2.7266277096e-05,-18.151525268,-18.1556264528,-0.000267283222485,0.000137412825848
3669000000,-0.000454963093334,3.05387379132e-05,-0.000402779220469,3.04862262846e-05,-17.8938500998,-17.8980473342,-0.000211208966358,0.000119502071638
3684000000,-0.000489766802575,3.15334059259e-05,-0.000438097805503,3.15488485852e-05,-17.6545111596,-17.6566218172,-0.000151989845482,0.000148294287951
3731000000,-0.000468479609608,2.66835607724e-05,-0.000417374439041,2.66992446763e-05,-17.4400435552,-17.4404444474,-9.52633010146e-05,0.000163425063601
3779000000,-0.000455955775565,2.24464598174e-05,-0.00040539683352,2.24654423082e-05,-17.2255626073,-17.224563435,-4.25209077098e-05,0.00016909219644
3804000000,-0.00047216734266,2.16525830568e-05,-0.000422137892743,2.16785100167e-05,-17.0102714077,-17.0081319505,5.57217543435e-06,0.000174597493933
3847000000,-0.0004959887628,2.32722759887e-05,-0.000446479364818,2.3302291176e-05,-16.7949297192,-16.791872113,4.77541625849e-05,0.000182273029877
3887000000,-0.000511981481477,2.56148274143e-05,-0.000463073602468,2.563090757e-05,-16.6410551545,-16.6372586978,8.17609475613e-05,0.000191374806904
3922000000,-0.0005190295401,2.71942619602e-05,-0.000470738379184,2.72005108972e-05,-16.5414886437,-16.5371040807,0.000107498459975,0.000160349234419
3968000000,-0.000561837433091,3.89251439912e-05,-0.000514193458567,3.8862785973e-05,-16.4165149886,-16.4116718301,0.000121962891925,0.00016036851293
4006000000,-0.000532822822987,4.1967023525e-05,-0.000486206909076,4.17954740329e-05,-16.2675699783,-16.2623762526,0.000125176089545,0.000168666473123
4046000000,-0.000487093573661,4.09007979039e-05,-0.000441585258039,4.06982361949e-05,-16.1030354155,-16.0975677728,0.000119810248997,0.00020888218128
4086000000,-0.000389937259665,2.87748000519e-05,-0.000345354377363,2.86271190686e-05,-15.9554642515,-15.9498123023,0.000105931077231,0.000187221667131
4133000000,-0.00043083926553,3.06803117121e-05,-0.00038706998621,3.05181060139e-05,-15.8274119422,-15.8216304103,8.87373026642e-05,0.000181602172601
4165000000,-0.000437571647987,3.07157256869e-05,-0.000394430406639,3.05563927393e-05,-15.6405037286,-15.63464914,6.65691845414e-05,0.000181369325762
4208000000,-0.000450266469371,3.33530536813e-05,-0.000407628721541,3.31948223375e-05,-15.3152770689,-15.3093945207,4.01612249937e-05,0.000183285116569
4244000000,-0.000439631765393,3.35161094011e-05,-0.000397416701892,3.33594838429e-05,-14.8935880401,-14.8877096456,9.61665149521e-06,0.000181688394144
4273000000,-0.000432080088265,3.31604728663e-05,-0.000390247556983,3.30020418504e-05,-14.5310970643,-14.5252509927,-2.40305807526e-05,0.000166060574552
4339000000,-0.000447061499876,3.55034981274e-05,-0.000406129853195,3.52525612419e-05,-14.2305868978,-14.2247965475,-6.02826149857e-05,0.000164003501304
4381000000,-0.000433816434699,3.46382809968e-05,-0.000393921885312,3.43587474346e-05,-14.0201686924,-14.0144516308,-9.84126031432e-05,0.000165086836674
4404000000,-0.000450382338458,3.81177186703e-05,-0.000411415027928,3.78353787416e-05,-13.89063699,-13.885006919,-0.000136607090264,0.000165083691614
4449000000,-0.000433152090203,3.45172129316e-05,-0.000394889346357,3.42325870865e-05,-13.7552579821,-13.7497263926,-0.000171940618725,0.000162245170524
4497000000,-0.000432493350332,3.39390431617e-05,-0.000394796169387,3.36600773818e-05,-13.6149246558,-13.6094990926,-0.000203431812908,0.000139322752457
4522000000,-0.000470341092133,3.61852879733e-05,-0.000433041004338,3.59504962552e-05,-13.4704890093,-13.4651756834,-0.000229887856856,0.000137854746728
4576000000,-0.000490616811618,3.8812918814e-05,-0.000453675524453,3.85757325641e-05,-13.3231778731,-13.3179813936,-0.000252017986897,0.000133929153481
4607000000,-0.000472954683467,3.80092351943e-05,-0.0004362086213,3.77960828396e-05,-13.177942093,-13.1728660455,-0.000267668380992,0.000125556720657
4661000000,-0.000463394600932,3.75759337487e-05,-0.000426743717915,3.73693556071e-05,-13.0349869813,-13.0300333136,-0.000276144612989,0.000117945372703
4680000000,-0.000452797951904,3.71914184352e-05,-0.000416267487805,3.69684121579e-05,-12.8686068215,-12.8637767827,-0.000275910726803,0.000110673782285
4738000000,-0.00044044845022,3.66678015874e-05,-0.000404098141831,3.64170159481e-05,-12.6776860941,-12.6729802078,-0.000265589913425,0.000103938150525
4775000000,-0.000425396574889,3.63175497977e-05,-0.000389284329343,3.60350339978e-05,-12.5445373922,-12.5399555038,-0.000245407725705,9.8078522566e-05
4806000000,-0.000409138093636,3.58182140195e-05,-0.000373304160083,3.55060611897e-05,-12.4617612319,-12.4573028273,-0.000215358505769,9.36338186793e-05
4862000000,-0.000403228718376,3.46233612695e-05,-0.000367698522365,3.42877391858e-05,-12.4245343573,-12.4201989427,-0.000173734480021,9.14269018236e-05
4894000000,-0.000385581628391,3.4094552956e-05,-0.00035035574527,3.3741702133e-05,-12.3460164461,-12.341803729,-0.000120935190949,9.03367128964e-05
4927000000,-0.000366922546194,3.31059382843e-05,-0.000331991749362,3.27472470387e-05,-12.2078326862,-12.2037422952,-5.71157111394e-05,9.10420865871e-05
4967000000,-0.000361108859563,3.17081132876e-05,-0.000326455016128,3.13584156206e-05,-12.0310813494,-12.0271135234,1.59214371951e-05,9.46209981151e-05
5020000000,-0.000347464402819,3.08468388639e-05,-0.000313067312319,3.05219627419e-05,-11.8267533422,-11.8229082202,9.65918037181e-05,0.000132182252452
5049000000,-0.000499828339055,6.05867725739e-05,-0.000465605514922,6.03672551287e-05,-11.6198811388,-11.6161603003,0.000182413536168,0.00014673289249
5087000000,-0.000430921257373,5.78288419424e-05,-0.000396057414537,5.79618786582e-05,-11.412224447,-11.4086296384,0.000275016417745,0.000142270282674
5121000000,-0.00046608501846,6.48995498302e-05,-0.000430455710341,6.50738281886e-05,-11.2045274603,-11.2010597444,0.000369172885338,0.000142547748177
5169000000,-0.000478966738276,7.2355432762e-05,-0.00044275029542,7.24669668639e-05,-11.0315428346,-11.0282051304,0.000456929054302,0.000186526724581
5215000000,-0.000409131416661,6.71670044218e-05,-0.000372481047931,6.73986914504e-05,-10.8913279118,-10.8881231041,0.000533872945127,0.000204338076713
5239000000,-0.000383524039184,6.38528728594e-05,-0.000346758421493,6.40804840469e-05,-10.7751562542,-10.7720861851,0.000599681497371,0.000220220278484
5286000000,-0.000382839858398,6.20829981307e-05,-0.000346179136984,6.22892431234e-05,-10.64036208,-10.6374303265,0.000650371189693,0.000166078402722
5329000000,-0.000486158948148,7.81655513232e-05,-0.00045029562685,7.77587898815e-05,-10.490358906,-10.4875673138,0.000681798069749,0.000168136740451
5364000000,-0.000502132398775,8.3268237948e-05,-0.000466748955912,8.26384392788e-05,-10.3339091663,-10.3312582004,0.000689671842582,0.000178291653798
5410000000,-0.000477818120953,8.14915203183e-05,-0.000442787543581,8.07899175344e-05,-10.1727650695,-10.1702545746,0.000675898009702,0.000183877738918
5456000000,-0.000454650969985,7.76483081829e-05,-0.000419878191643,7.69707678857e-05,-10.008090229,-10.0057196404,0.000644101832774,0.000184037721536
5498000000,-0.000444711516603,7.65161417865e-05,-0.000410153759499,7.58952671658e-05,-9.86407099039,-9.86183802087,0.000598780295369,0.000224473408622
5533000000,-0.000639523912762,0.000117101264036,-0.000604899825247,0.000116816965553,-9.73881477976,-9.73671746078,0.000544860888765,0.000208566311376
5574000000,-0.000599179417988,0.000120050644321,-0.000564746501136,0.000119824546378,-9.54279485277,-9.54083065281,0.0004896017155,0.000190974007817
5614000000,-0.000643231229887,0.000131191392333,-0.000609252646472,0.000130739522234,-9.28920277079,-9.28736882893,0.000432716140437,0.000204178114079
5647000000,-0.000619251862085,0.000132537542225,-0.000585494964393,0.000132093241651,-9.09201703172,-9.09030959856,0.000371469538314,0.000209573349565
5683000000,-0.000585673321347,0.000129705209071,-0.000552139303296,0.000129262891048,-8.95273547919,-8.95115093317,0.0003069907293,0.00020730832688
5728000000,-0.000566023103712,0.000126660309702,-0.000532762311054,0.000126202790012,-8.85972833789,-8.85826329111,0.000240250172141,0.000201279130096
5765000000,-0.000560431498046,0.000124784013024,-0.000527456205826,0.000124322084264,-8.73756607685,-8.73792153453,0.000172849011706,0.000190987005049
5803000000,-0.000550347981946,0.000122160893898,-0.000517629927607,0.000121715810581,-8.58713047448,-8.58902737066,0.000107363945724,0.000187670012598
5842000000,-0.000550650206248,0.000119765504306,-0.00051817561936,0.000119327717298,-8.41228572707,-8.41547829831,4.61128809133e-05,0.000185425057934
5883000000,-0.000550861247476,0.00011873576299,-0.000518624555867,0.000118295870781,-8.27157374173,-8.2786905172,-9.04364975818e-06,0.000150699399635
5936000000,-0.000564830438616,0.000121009256587,-0.000532816996769,0.000120567317754,-8.16646175576,-8.17687895621,-5.52786443031e-05,0.000140304482883
5966000000,-0.000562585943625,0.000121730199569,-0.000530788495817,0.000121283506492,-8.08077619899,-8.09395512011,-9.1553658454e-05,0.000132399110304
6011000000,-0.000553204789493,0.000121251329148,-0.000521620717573,0.000120796054837,-8.01056196396,-8.02605841176,-0.00011599406961,0.000124128998811
6036000000,-0.000542092929532,0.000120254447282,-0.000510722220511,0.000119786354824,-7.94081453313,-7.95859042484,-0.00012915960044,0.00011495772749
6088000000,-0.000532441741325,0.000119407063285,-0.000501285930754,0.000118921602471,-7.87113843026,-7.890791027,-0.000127080825117,0.000167376320165
6128000000,-0.00044735296596,0.000106679380491,-0.000416489406302,0.000106093413301,-7.80173977939,-7.82296063977,-0.000110640998523,0.000167557010749
6168000000,-0.000438618934114,0.000104677077351,-0.000407943583514,0.000104096389548,-7.67550207101,-7.69803237291,-7.47484582228e-05,0.000159480232122
6207000000,-0.000461800551369,0.000109167462658,-0.000431278701212,0.000108626556179,-7.50051521942,-7.52414114325,-2.56953436661e-05,0.000158491283362
6253000000,-0.000477630307533,0.000114439566773,-0.000447260343865,0.000113938858161,-7.28400086536,-7.30853717018,3.17241937887e-05,0.00016198773111
6285000000,-0.000481011404754,0.000116821716132,-0.000450807425225,0.000116345266915,-7.10170852322,-7.12700038872,9.18978833497e-05,0.00016727530574
6339000000,-0.000476686489767,0.000117279400909,-0.000447018659542,0.000116722071467,-6.95731332473,-6.98323020635,0.000149917799155,0.000172381449514
6379000000,-0.000425529724162,0.000105807645788,-0.000396488025475,0.000105214650685,-6.80059427719,-6.82702214473,0.000202714924422,0.000173814966701
6404000000,-0.000378171545883,9.04495726155e-05,-0.000349703720562,8.98234558836e-05,-6.63211933908,-6.65897053303,0.00024847682272,0.000169717566573
6447000000,-0.000409367351354,9.22766939649e-05,-0.000381364269652,9.16139770008e-05,-6.45348507748,-6.4806815796,0.00028391141469,0.000211530036054
6486000000,-0.000372598506369,8.27816658686e-05,-0.000344756038096,8.22842766835e-05,-6.34456786682,-6.37204445865,0.000310769343476,0.000202239419282
6525000000,-0.000405470164973,8.56909770952e-05,-0.00037789594724,8.51619678857e-05,-6.29926538555,-6.32696585151,0.000329634162145,0.000205546065952
6560000000,-0.000439213857142,8.47581408807e-05,-0.000407438143029,9.06350366827e-05,-6.23687699259,-6.26475592983,0.0203392956744,0.000215326852242
6607000000,-6.77512550324e-05,-0.000372513600446,0.000272578809253,-4.35248631213e-05,-6.1574216251,-6.185447407,0.0403673610447,0.000133118012629
6653000000,-7.85784428936e-05,-0.00112587776873,0.000876744846672,-0.000152363010516,-6.06306944585,-6.09122044786,0.0604249076361,3.77587488745e-05
6685000000,-0.000433535730333,-0.00202220876595,0.00137125929419,-0.000161796895081,-5.98980727101,-6.01809273245,0.0804855444399,4.18866434039e-06
6729000000,-0.000977175720231,-0.00300158094337,0.00179580173759,-0.000134828794995,-5.93590357958,-5.96433781453,0.100492273118,-5.29704434525e-05
6749000000,-0.00154608150432,-0.0037435475392,0.00198950092282,-7.89396765874e-05,-5.87615236705,-5.90478889708,0.120334921947,2.76041954696e-05
6801000000,-0.00201617521951,-0.00438300759397,0.00216183321204,-3.9766398023e-05,-5.81055167526,-5.83943889692,0.139850150013,8.17298839265e-05
6847000000,-0.00221705401421,-0.00459843301325,0.00219934876037,4.6842997375e-06,-5.74030836018,-5.76948527632,0.15890219062,0.00030365372563
6885000000,-0.00236398407851,-0.00486767449384,0.00230440854657,3.86069116625e-06,-5.69476846376,-5.72431112546,0.177288505238,0.000403483602471
6934000000,-0.00220836321569,-0.00451200764868,0.00214224636754,2.24087155627e-05,-5.67247124361,-5.70244272699,0.194972251346,0.000669234407577
6968000000,-0.00223125949728,-0.00444124035705,0.00205188490168,-3.89267214559e-06,-5.63197817759,-5.66244701136,0.211681121386,0.000799574493208
7010000000,-0.00192321012978,-0.00362988845571,0.00162658306459,-9.2561446579e-06,-5.57357962777,-5.60460227527,0.227400706762,0.00097185108465
7040000000,-0.00163953814468,-0.00278622986501,0.00116528594818,-2.89511324539e-05,-5.50071194897,-5.53232360259,0.242012896463,0.00124712619626
7089000000,-0.00141675463073,-0.00211735054226,0.000823611341717,-7.37467162104e-05,-5.40795640627,-5.43975450401,0.255487738118,0.00132992861655
7124000000,-0.000819283959557,-0.000834150987055,0.000299305852742,-0.000119375660977,-5.29759081846,-5.32964563894,0.267809827309,0.00167848969857
7172000000,-0.000720721158854,-0.000486831586414,0.000170985525981,-0.000204324168693,-5.15926777121,-5.19161835859,0.278871214074,0.0017037808295
7211000000,0.000165907485826,0.000997193738074,-0.000202117319235,-0.000268369665012,-4.99742003731,-5.03007707722,0.28880604679,0.00201472855603
7243000000,0.000293804553384,0.00122175063392,-0.000136836740785,-0.000393051933863,-4.81505863073,-4.8480177645,0.297589969194,0.00206053423842
7296000000,0.00228538223742,0.0020015535014,0.00102955283915,-0.000797551111818,-4.64049566691,-4.673721595,0.305125203158,0.0022918690234
7343000000,0.00259988404898,0.00282708974031,0.000720152867256,-0.000991498813671,-4.51239946764,-4.54580861173,0.311812207593,0.00230321325228
7369000000,0.00248534228224,0.00296600409935,0.00066697659985,-0.00119407304813,-4.40955996636,-4.44301603839,0.317520031798,0.00244658585923
7402000000,0.00230961629874,0.00291031645449,0.000761729098284,-0.00140233242011,-4.32658793169,-4.35995725575,0.322319774247,0.00258959151487
7447000000,0.00195321184674,0.00262860201752,0.000820041052006,-0.00151971653513,-4.26122282824,-4.29437094028,0.306323382638,0.00262750791612
7484000000,0.00347085169342,0.00506104483556,0.000237787441569,-0.00150454147152,-4.19779536322,-4.23051497714,0.289543361926,0.00287339454818
7522000000,0.00467191827867,0.00683105998038,-5.31490320671e-05,-0.00149149257663,-4.13550339924,-4.16759015813,0.272089957182,0.0029725820774
7596000000,0.00591128821523,0.00834025369355,-0.000104928756282,-0.00149220741355,-4.09043479366,-4.12161232014,0.254028472465,0.00321977950779
7620000000,0.00733010249939,0.00809467601829,0.00139568063708,-0.00177268169045,-4.06432994405,-4.0943025825,0.235414576249,0.00345150923253
7646000000,0.00676762197176,0.00729395539736,0.00155779353906,-0.00188674471085,-4.0297787082,-4.05826258633,0.216651256945,0.00320819708527
7704000000,0.00611590324194,0.00678982037882,0.00138209726441,-0.00189933711445,-3.98501787138,-4.01170574111,0.197809522198,0.00310678823621
7737000000,0.00472245418952,0.00597031592546,0.000878899385525,-0.00173748784315,-3.93005468146,-3.95463872478,0.179133095584,0.00315925849672
7770000000,0.00226355756838,0.00497955930479,-0.000302216903864,-0.001281457135,-3.88602492199,-3.90817840773,0.160727410737,0.00310713440229
7802000000,0.00188843782512,0.00406682190898,0.0001547297249,-0.00115282656842,-3.85443748789,-3.87382314982,0.142841888139,0.00300763952315
7841000000,0.0017770725258,0.00375752957468,0.000286449366759,-0.000985575674003,-3.83334281967,-3.84965947061,0.125636578913,0.00286276024702
7891000000,0.00155952665024,0.00303284734241,0.000614526397752,-0.000884269015813,-3.80655989332,-3.81945671729,0.109221054341,0.0028675061588
7937000000,0.0013916623675,0.0020964402791,0.00111313637753,-0.000840039276022,-3.77241115794,-3.78157111053,0.0936988377262,0.00261062551999
7966000000,0.00131331391783,0.00161735818821,0.00131128871413,-0.000726145889447,-3.71521536378,-3.72029710466,0.0792501778519,0.00262569091674
8011000000,0.00123996279188,0.0008130928732,0.00173800037854,-0.000696464472221,-3.63694641903,-3.63766255844,0.0658736500798,0.00234859298062
8042000000,0.0012032111631,0.000517600924053,0.00179826594323,-0.000578353889373,-3.53973999476,-3.53583104618,0.0536725135615,0.00233589060543
8093000000,0.00127010312259,0.000114302339886,0.00201879338272,-0.000519197742625,-3.44312601068,-3.43434149149,0.0426659370344,0.0021197215409
8120000000,0.00131119794103,1.47114380907e-05,0.00199171670658,-0.000406191891857,-3.34883056953,-3.3349404226,0.0328775731064,0.00208291474954
8167000000,0.00139794336732,-0.000125743415913,0.00202542168851,-0.000349928459106,-3.25468286387,-3.23548013795,0.0242924188527,0.00196705174681
8199000000,0.00148803356371,-0.000126916338481,0.00198890903027,-0.000257950348189,-3.16077102555,-3.13608651513,0.0168148410775,0.00186408801729
8245000000,0.00159038355339,-9.66439496981e-05,0.00195249103276,-0.000174707276466,-3.06714035128,-3.03682378493,0.0104900569093,0.00187804722529
8281000000,0.00108706917633,0.000109005014802,0.00132058609413,7.14021877592e-05,-2.99919151535,-2.96312625659,0.00510056564648,0.00178402565802
8343000000,0.00128823124585,0.000153435190183,0.00139076737468,0.000129282524393,-2.95544666775,-2.91353506635,0.000625301943585,0.00189674003278
8381000000,0.00145274203106,0.000192013319743,0.00144206329851,0.000173706163957,-2.89178227416,-2.84395749951,-0.00296718114031,0.00179055995299
8408000000,0.00140360801341,0.000236668450698,0.0013088800655,0.000229947175784,-2.80954257068,-2.75575555746,-0.00578735402552,0.00189481555699
8455000000,0.00149465981259,0.000243739801278,0.00132642589169,0.000235962281745,-2.71183215965,-2.65205004818,-0.00794458284082,0.0018698954852
8486000000,0.00137913707807,0.000255255089778,0.00117127886758,0.000259905583558,-2.63077584726,-2.56499014715,-0.00949861250714,0.0019546723812
8529000000,0.00132531698987,0.000261499601669,0.00108497949249,0.000266850572026,-2.56863822708,-2.4968510055,-0.0105076314498,0.00196805995899
8571000000,0.00118633042061,0.000272260228864,0.000937645750157,0.000287358338434,-2.5179648103,-2.44020292867,-0.0110608567464,0.00203215376468
8613000000,0.00107210311466,0.000279367490885,0.000823987543724,0.000299463393687,-2.47755156567,-2.39384750407,-0.0112095385796,0.00209908435953
8657000000,0.000957078718215,0.000281208742975,0.000720404183909,0.000305816817895,-2.44577839669,-2.3561692312,-0.0110194365391,0.0021390919153
8701000000,0.00079020466621,0.000280038236578,0.000577658491523,0.000312813040392,-2.41477820199,-2.31932182882,-0.0105534098374,0.00224737236786
8738000000,0.000686458030221,0.000273934984378,0.000496384668789,0.000305423240654,-2.38432779915,-2.28308366004,-0.00986123780534,0.00230469688391
8767000000,0.000519341935876,0.00026637028548,0.000361765410453,0.000300966175616,-2.32190712264,-2.21495085856,-0.00898979846476,0.00240963666942
8807000000,0.000411465102821,0.000264873270491,0.000284003871887,0.000295748653371,-2.23259758486,-2.12000234816,-0.00798565977176,0.00248536586368
8856000000,0.000477550553851,0.000441832084456,-0.000117189420051,0.000625748835518,-2.12017578837,-2.00201329517,-0.0268843620155,0.00258363955402
8907000000,-0.000507060637648,0.000322322969564,-0.00120013137988,0.00103499771649,-2.07139579866,-1.94774738825,-0.0457309387665,0.00267724035964
8934000000,-0.00221954429947,-0.000252697943042,-0.00259927576957,0.00141371394947,-2.08147555732,-1.95241482548,-0.0645805641583,0.00286862600812
8961000000,-0.00396058646663,-0.00105321307475,-0.00381707344782,0.00178632234918,-2.06760679101,-1.93319554412,-0.0834731344135,0.003040913447
9001000000,-0.00526700273736,-0.00186423196256,-0.00458453032303,0.00216591283128,-2.03131387096,-1.89160941605,-0.102373334128,0.00317361964855
9041000000,-0.00612801345398,-0.00255104585489,-0.00506955013796,0.0024961583616,-1.97622635252,-1.83128317354,-0.121152909415,0.00324272078745
9091000000,-0.00667742426648,-0.00304135564043,-0.0054405262968,0.00280498561087,-1.90664606707,-1.75649485421,-0.139657975034,0.00319333667087
9125000000,-0.00708221355641,-0.00338023843506,-0.00578647707134,0.00311886876344,-1.82481341378,-1.66948581195,-0.157729496295,0.00321214738913
9169000000,-0.00687057291799,-0.00328091247644,-0.00596141778203,0.00337457233015,-1.76755359612,-1.60706296512,-0.175184530298,0.00308814497407
9207000000,-0.00669542067191,-0.00317202763347,-0.00614027847306,0.00363023746882,-1.73134781136,-1.56571641052,-0.191915992553,0.0030860123766
9247000000,-0.00584107438713,-0.0025884557515,-0.00611523925958,0.00380851227671,-1.71378438097,-1.54304258539,-0.207761244569,0.00293493605295
9286000000,-0.00529007193161,-0.00217880705686,-0.00618740916424,0.00396185450083,-1.70809968941,-1.53227930232,-0.222658056735,0.00289949782231
9323000000,-0.00421527448015,-0.0013872962641,-0.00609003559874,0.00406262682744,-1.71261084209,-1.53175279719,-0.236539368476,0.00276364290228
9362000000,-0.00342515564245,-0.000800983159576,-0.00603784098921,0.00413630089954,-1.70417923821,-1.51833753661,-0.249326301511,0.00268108521052
9406000000,-0.00243404324137,-4.31112426292e-05,-0.0059360711195,0.00415194638458,-1.68356089596,-1.49279775107,-0.261028422859,0.00261572471435
9450000000,-0.0014364298658,0.000724912233203,-0.00579391510435,0.00413819230152,-1.65298721777,-1.45737328806,-0.271616522191,0.00243370559444
9489000000,-0.000967965555316,0.00109742523465,-0.00571970290872,0.00413500746769,-1.60987843354,-1.40951822166,-0.281130978639,0.00247776820866
9561000000,0.000393577779908,0.00212622666462,-0.00540537904873,0.00403632890188,-1.55560807741,-1.35061112541,-0.289550087045,0.0022797075939
9569000000,0.000348064458902,0.00230277217721,-0.0055467379868,0.00400055928551,-1.48301955973,-1.27353135254,-0.296835180582,0.00232680535025
9601000000,0.00170440216534,0.00336141432484,-0.00520709422932,0.00382572678497,-1.39820515246,-1.18436248745,-0.303304040269,0.00220463480004
9645000000,0.0014428681061,0.003181078242,-0.00516923383043,0.00372055276888,-1.32209549511,-1.10407761336,-0.308814315261,0.00223876525856
9691000000,0.00204461229443,0.0036947988248,-0.00496181856053,0.00353604751256,-1.25400388387,-1.0319824684,-0.313514570886,0.00216470591896
9740000000,0.00185540964018,0.00357732286594,-0.00487183708682,0.00337167126504,-1.19305456894,-0.96719824161,-0.317430083368,0.00217441934277
9793000000,0.00202194590908,0.00374089417351,-0.00469011078053,0.00317202807848,-1.15154807342,-0.922076005144,-0.320656709638,0.00215758569314
9824000000,0.00197748712899,0.003679742149,-0.0044868646583,0.00294837846252,-1.13124886161,-0.898392113107,-0.323045398801,0.00202474503305
9846000000,0.00159761747658,0.00342744933683,-0.00439411819778,0.00273656820095,-1.10422490046,-0.868193409513,-0.325082034288,0.00213921338529
9888000000,0.00166421235233,0.00353046007904,-0.00420644872307,0.00249305036954,-1.06841418579,-0.82943863658,-0.326607858078,0.00209557263437
9932000000,0.00115363807974,0.00317744665852,-0.00411253427179,0.00227507663862,-1.02524480986,-0.783541337001,-0.327703329427,0.0021555516753
9974000000,0.00114186750717,0.00321620194376,-0.00391015877856,0.00202740224612,-0.995079631478,-0.750914148707,-0.328428447941,0.00212957750905
10027000000,0.000666486339891,0.00287878250763,-0.0037826573954,0.00179464966679,-0.977080197447,-0.73070401181,-0.328825477311,0.00216912041277
10051000000,0.00061056405972,0.002757320602,-0.00347637434899,0.00151887174368,-0.969291423572,-0.720937554078,-0.328954642873,0.00216151455565
10093000000,0.000141453392005,0.00242115305067,-0.00333466299054,0.00128085807543,-0.920161408924,-0.670108891921,-0.32887349753,0.00218504910678
10123000000,-0.000100972453687,0.0022585897133,-0.00314210478188,0.0010309712342,-0.837638171192,-0.58613575564,-0.328630843457,0.00220079417305
10178000000,-0.000378349991646,0.00201360518453,-0.00294626821934,0.000788432837871,-0.762081630404,-0.510310886412,-0.328254276252,0.00221583250519
10201000000,-0.000474119028895,0.00178567684943,-0.00258768278755,0.000491536267687,-0.693253530486,-0.44133470442,-0.327772527629,0.00221429803687
10241000000,-0.000897408443485,0.00145374388361,-0.00239673345415,0.000258048873017,-0.630622156681,-0.37867542021,-0.327223078533,0.00222014731344
10285000000,-0.00106185421905,0.00131270082271,-0.00214506092364,1.2344357794e-05,-0.547313127078,-0.295519115284,-0.326630140074,0.0022339052293
10335000000,-0.00123165277413,0.00115404802136,-0.00188529201248,-0.000234390316901,-0.445960656626,-0.194491554648,-0.326015549154,0.00218986190663
10377000000,-0.00171133023976,0.000760223865546,-0.00170240942013,-0.000469102273953,-0.353794577092,-0.102843598999,-0.325396758484,0.00226351055698
10417000000,-0.00157405968506,0.000860177041997,-0.00141405934319,-0.000735037768524,-0.273366657275,-0.0231323616475,-0.32479455994,0.00223914469997
10456000000,-0.00188879801932,0.000606215570922,-0.00121917254209,-0.000979127023165,-0.2017881715,0.0475529193898,-0.324216792693,0.00222229758326
10485000000,-0.00201644929682,0.000320471180452,-0.000861164681001,-0.00127632871927,-0.160617629083,0.087605702052,-0.323677738055,0.00220078876483
10537000000,-0.00244921812767,-1.43761973536e-07,-0.000717360347891,-0.00151064516037,-0.146049446874,0.100848190675,-0.323195359922,0.00219127476865
10571000000,-0.00256068605018,-7.07688788403e-05,-0.000508561130758,-0.00175783496901,-0.13584445701,0.109506478198,-0.322771271389,0.00217746532765
10612000000,-0.002703099179,-0.000173080941338,-0.000297971157395,-0.00200042839036,-0.128086959324,0.115509875402,-0.322411689215,0.00216102109884
10647000000,-0.00282483440016,-0.000256894660093,-8.31667924875e-05,-0.00223916308393,-0.122343212767,0.119311122871,-0.322114222365,0.00212789895029
10690000000,-0.00299226236623,-0.000381633769849,0.000129920406857,-0.00247041454337,-0.0948539575445,0.14463427067,-0.321882572107,0.0021068415879
10732000000,-0.00306692616914,-0.000442130527178,0.000367601128039,-0.00270575640299,-0.0457168017166,0.191392303671,-0.321718700379,0.00206712628039
10768000000,-0.00321221651751,-0.000566660968923,0.000597091532525,-0.00293824900077,0.0266457182828,0.261160747348,-0.321613320973,0.00203629172872
10808000000,-0.00326608154508,-0.000621863724038,0.000844838105683,-0.0031760390997,0.120497255773,0.352213368104,-0.321571486167,0.00198944362592
10864000000,-0.003372235546,-0.000721822577965,0.00108523799516,-0.00341077443628,0.231860884616,0.460594202198,-0.321587293598,0.0019474213281
10893000000,-0.0033671587027,-0.000787869807736,0.00138572685154,-0.00366396974751,0.349680752529,0.575214176476,-0.321661213399,0.00189554832608
10938000000,-0.00347214884761,-0.000879608261529,0.00161338467996,-0.00390323975137,0.471115573257,0.693260579514,-0.321780842612,0.00183565460766
10976000000,-0.00348145244076,-0.000939850939322,0.00189352692301,-0.00415530981232,0.53980880253,0.759461711417,-0.321958952637,0.00178225313462
11003000000,-0.00361815361303,-0.00104838505595,0.00210789086615,-0.00439101700569,0.577236018803,0.794086495649,-0.322171551885,0.00170828301918
11062000000,-0.00370783536436,-0.00112162273923,0.00233624559038,-0.00462588502982,0.578923262405,0.792631022229,-0.322432884598,0.00164759275054
11081000000,-0.00372586244844,-0.00114367293781,0.00258249680494,-0.00486572879845,0.58288132021,0.793134861039,-0.322730384181,0.00157032362945
11127000000,-0.00378318192049,-0.0012003305355,0.00282671437581,-0.00510214804479,0.593756880456,0.800273535595,-0.323060792546,0.00149675524144
11170000000,-0.00378902505964,-0.00121657545234,0.00308095317297,-0.00534196981256,0.616799662065,0.819285864864,-0.323422531426,0.00141391893391
11207000000,-0.00382544185414,-0.00125805132615,0.00333032181526,-0.00558101640209,0.650380262206,0.848582647603,-0.323808408157,0.00133151238061
11252000000,-0.00383742902779,-0.00127947058124,0.0035837928922,-0.00582190356302,0.693021067298,0.886711591581,-0.32421537419,0.00124278660813
11287000000,-0.00386349929198,-0.00131223655589,0.00383573575761,-0.0060618687088,0.736236628562,0.925174226263,-0.324638759043,0.00120249932161
11332000000,-0.00360829701025,-0.00111790365356,0.00413278135332,-0.00632155194569,0.779559593649,0.963531630112,-0.325073598514,0.00108815874719
11364000000,-0.00373690414884,-0.00122635240955,0.00436032137712,-0.00655888144758,0.821583009841,1.00037783865,-0.325516935123,0.000989643314778
11404000000,-0.00381093594219,-0.00128690975847,0.0045975508618,-0.00679542283837,0.862240309401,1.03565196728,-0.325971928341,0.000895002655549
11439000000,-0.00386745921823,-0.00134467500296,0.00484655043279,-0.00703580982701,0.924257724044,1.09208551939,-0.326438100836,0.00079654735978
11507000000,-0.00388376046874,-0.00142580427015,0.0051411644408,-0.00729472913557,1.00475185383,1.1668167112,-0.326915845555,0.000688845328882
11524000000,-0.00400707552546,-0.00153671965284,0.00537205274722,-0.00753895497837,1.10037366773,1.25651790869,-0.32740492894,0.000582143502822
11567000000,-0.00404469530565,-0.00157377984419,0.00561610303051,-0.00778535812698,1.19309553755,1.34314165174,-0.327905346529,0.000463966635759
11626000000,-0.00412787852124,-0.00164840779097,0.00585616232959,-0.00802718829308,1.28221937598,1.42599665512,-0.328416704233,0.000341374915506
11655000000,-0.0041539813398,-0.00174715145522,0.00615810359121,-0.00828897690063,1.35449159381,1.4918227937,-0.328935723816,0.000209896806654
11688000000,-0.00431296770721,-0.00187669620283,0.00637620932695,-0.00853126821887,1.41159435415,1.54233348334,-0.329460057779,8.32390404411e-05
11721000000,-0.00434157243066,-0.00190043204428,0.0066191539808,-0.00877807153588,1.4550727451,1.57908404236,-0.329988907904,-5.65816642649e-05
11762000000,-0.00442201339588,-0.00197202546612,0.00686205344144,-0.00901979616928,1.47528447588,1.59267804974,-0.330518901068,-0.000199586946792
11820000000,-0.00450377698761,-0.00204783047696,0.00710906707469,-0.00926061318652,1.47559466905,1.58618352542,-0.331046473572,-0.000346161362585
11853000000,-0.00452331018933,-0.00212326134156,0.00740124080424,-0.00951912628609,1.45874299721,1.56235939461,-0.331567319113,-0.000501229177457
11894000000,-0.00462097774993,-0.00221489488403,0.00764586570057,-0.00976234785057,1.42743634071,1.52390432069,-0.332079629407,-0.000655447184516
11920000000,-0.00461894330943,-0.00222568566791,0.00790724349433,-0.0100109092077,1.38291200482,1.47206553191,-0.332577739693,-0.000819732352854
11965000000,-0.00465634228543,-0.00226765772317,0.00816132683895,-0.010257388016,1.34335846292,1.42504262452,-0.333059352936,-0.000922439746151
12005000000,-0.00433048939738,-0.00201057261282,0.00847103885188,-0.0105249934235,1.32626793652,1.4003306728,-0.333518888755,-0.001075912443
12040000000,-0.00429346340946,-0.00193834358048,0.00870029444734,-0.0107618279175,1.3276507268,1.3939595079,-0.333951535346,-0.00123344585664
12090000000,-0.00425125182547,-0.00190285646047,0.00896090949973,-0.0110079131948,1.38557203849,1.44396667964,-0.334355343089,-0.0013951278205
12122000000,-0.00218562107541,0.000171882809411,-0.00217132836004,0.00013197585514,1.48736970068,1.53771757247,-4.04982349009e-05,-0.00155197649803
12155000000,0.00106589739844,-0.000985160899565,0.00108022968924,-0.00102509040006,1.59984367434,1.64178759425,-3.98421407315e-05,-0.00204318028095
12207000000,0.00140705339012,-0.000869495994201,0.00142142810952,-0.000909464282008,1.71832809277,1.75149126316,-5.34354303575e-05,-0.002494837496
12250000000,0.000441416115403,-0.000569879966283,0.000455784905915,-0.00060988334473,1.8452011015,1.86916825957,-6.28179424306e-05,-0.00279513678474
12297000000,0.000175145021616,-0.000379036874432,0.000189726371036,-0.000419175197383,1.95355661721,1.96756436356,-6.51587416457e-05,-0.00260660181442
12330000000,0.000134188254334,-0.000235575235596,0.000145858846417,-0.000274379802682,2.04502718969,2.04840618519,-6.52935376443e-05,-0.00259938738959
12369000000,-0.000510482572796,0.000227134223045,-0.00049705437962,0.000188141093129,2.11397216568,2.10605214231,-7.23219827289e-05,-0.00234822255805
12415000000,-0.000867072348393,0.000346252256779,-0.000850224527875,0.000306079308243,2.16578571058,2.14604809594,-5.48047483702e-05,-0.00215822349765
12441000000,-0.00173298921239,0.000347521751739,-0.00171202939057,0.000305104859074,2.20262043486,2.17062573599,-4.01507035967e-05,-0.00196470534761
12496000000,-0.00267806565596,0.000490689915,-0.0026526675423,0.000444998776981,2.20875734525,2.16410395887,-3.30540933828e-05,-0.00183950887666
12526000000,-0.00374121140995,0.000581205407979,-0.0037124338116,0.000531764395081,2.18607168355,2.12841176852,-2.94333695766e-05,-0.00176921893448
12568000000,-0.00468093928715,0.000756005108213,-0.00464991298907,0.000702594028793,2.16438834632,2.0934614853,-2.29647839655e-05,-0.0014835708664
12610000000,-0.00505593082207,0.000829583635918,-0.00502447382068,0.000772544489794,2.14478520195,2.06037956051,-2.60802023198e-05,-0.00158771426517
12652000000,-0.00546667877071,0.000928208273537,-0.0054363664337,0.000868156213236,2.14826111705,2.05023354315,-3.11037553484e-05,-0.00143402514051
12697000000,-0.00545562846861,0.00095954037215,-0.00542764540222,0.000897260519664,2.17550327123,2.06375834044,-2.92217586656e-05,-0.00171700225437
12727000000,-0.00550884694618,0.00104775277525,-0.00548376219599,0.000983997665739,2.2238067034,2.09827474436,-3.32819769221e-05,-0.0017727410118
12771000000,-0.00529094562806,0.00104999505144,-0.00526879119193,0.000985395895445,2.27936842074,2.14004333761,-3.61483487413e-05,-0.00202962012564
12810000000,-0.00510984737931,0.00104546348522,-0.00503908180891,0.000968505300896,2.34012358928,2.18701895466,-0.000595836750824,-0.00221934329987
12844000000,-0.00481151867511,0.000996137575858,-0.00465791805432,0.000889886531337,2.40522346364,2.23836534955,-0.00161008316313,-0.00247220914284
12882000000,-0.00455648340306,0.000924831968454,-0.00430031877201,0.000772808669058,2.47019054591,2.28964381499,-0.00295014475092,-0.00266771661208
12920000000,-0.00434473317947,0.000822939195325,-0.00398270866741,0.000608198377326,2.53439126792,2.34022961177,-0.00447005682416,-0.00288362713079
12970000000,-0.00421903874778,0.00072596991956,-0.00375234001351,0.000437804737603,2.5766710374,2.36899405319,-0.0060779295092,-0.00311958914372
13004000000,-0.00412739439451,0.000661615571699,-0.00355855491221,0.000294860908353,2.59990783229,2.37881499586,-0.0077152525353,-0.00333290195926
13040000000,-0.00404488834515,0.000599054210176,-0.00337975440343,0.000149685684727,2.60704805676,2.37263801963,-0.00932734832307,-0.00354925334258
13099000000,-0.00401662460394,0.000541240102327,-0.00325975739861,1.06945750536e-05,2.5970308508,2.34942080841,-0.0108800866304,-0.00377218830335
13123000000,-0.0042183897631,0.00059899686608,-0.00337396954825,-7.69911912516e-06,2.57245468161,2.31175856677,-0.0123590281913,-0.00394930338884
13166000000,-0.00413015550605,0.000565358265095,-0.00321955322301,-0.000127284201598,2.54014963353,2.26649177838,-0.0137407183585,-0.00416185951444
13213000000,-0.00414809569459,0.000543677302582,-0.00315801536941,-0.000207646092905,2.50130402322,2.21480485509,-0.0150149538761,-0.00435771389525
13250000000,-0.00412740704464,0.000530090195042,-0.00307230595584,-0.000282630839128,2.45738054297,2.15815349076,-0.0161916782762,-0.00455305866801
13287000000,-0.00409735590161,0.000516699741541,-0.00298328691907,-0.000350376982591,2.42615509629,2.11431844833,-0.0172561040323,-0.00474145755031
13337000000,-0.00405644703095,0.000504016462427,-0.00289183747399,-0.00041399630098,2.42598440411,2.10166098248,-0.0182137526983,-0.00493019453122
13376000000,-0.00401950901262,0.00049530652245,-0.00280994135869,-0.000468183209669,2.44483253822,2.10813967498,-0.0190678936752,-0.00512397275238
13409000000,-0.0040377039344,0.000508616050303,-0.00278776795607,-0.000492528460556,2.48343527153,2.13449326826,-0.0198100713476,-0.0052991969872
13444000000,-0.00398734972638,0.000506192232772,-0.00271040661148,-0.00053435386993,2.53818011096,2.17710238985,-0.0204471165655,-0.00549508752675
13475000000,-0.00397867436555,0.000502624020041,-0.00266943367968,-0.000560346278027,2.59252986553,2.21943378172,-0.0209843925857,-0.00566572378112
13524000000,-0.00394971470225,0.000500309719463,-0.00262126264402,-0.000588189914308,2.6461563864,2.26115514938,-0.0214302632246,-0.0058522247135
13585000000,-0.0039402417732,0.000496987101563,-0.00259167109932,-0.000605784620269,2.69894826978,2.30215748635,-0.0217838426487,-0.00602240361317
13602000000,-0.00391089717155,0.000497388772522,-0.00255187127717,-0.000621150233501,2.75100048616,2.34252874476,-0.0220618657192,-0.00620082741821
13650000000,-0.00389354685253,0.000496039660726,-0.00252435860808,-0.000630264564326,2.8023712169,2.38232274364,-0.0222641519923,-0.00637234631202
13692000000,-0.00387216611601,0.000495813852347,-0.00249813209455,-0.000636710394403,2.84249439615,2.41097747526,-0.0224024013825,-0.00654437446651
13730000000,-0.00385583504256,0.000495300423092,-0.00247874719584,-0.000639079919156,2.87256870178,2.42968673162,-0.0224836056161,-0.00671668512255
13773000000,-0.00383129773192,0.000489486462966,-0.00245298750979,-0.000643063168372,2.90847229288,2.45433129026,-0.0225132375556,-0.00688263988779
13820000000,-0.00381817951028,0.00048907746087,-0.00244199808966,-0.000640538539271,2.94988320863,2.48458266484,-0.0225006476357,-0.00705476160349
13848000000,-0.00381104508173,0.000488022064021,-0.00243748445316,-0.000635220337703,2.99630379233,2.51994042614,-0.0224513129675,-0.00721666006863
13886000000,-0.00379633330088,0.000488588875466,-0.00242948661508,-0.000629157712205,3.03494272049,2.54732858392,-0.0223705075296,-0.00738448272307
13931000000,-0.00378298800868,0.000489557918111,-0.00242358086512,-0.000620698274477,3.06640125427,2.56767626032,-0.0222639870259,-0.00754614546542
13972000000,-0.00376743582265,0.000491227268891,-0.00241723212006,-0.000611205002852,3.09056457677,2.58086454951,-0.0221371279246,-0.00771018534917
14005000000,-0.00374219179135,0.000485439489613,-0.00240059493398,-0.000606763567616,3.10851609129,2.58796666892,-0.0219925822623,-0.0079181661451
14058000000,-0.00378220140468,0.000483018903626,-0.00243429949481,-0.000582406781288,3.12120442231,2.58992257437,-0.0218375670018,-0.0080566772764
14080000000,-0.00373853569374,0.000487456573984,-0.00240806640247,-0.000575137760909,3.12764507452,2.58574781749,-0.0216760968378,-0.00821476516966
14122000000,-0.00370571324032,0.000486723939943,-0.00238881321529,-0.000568291720696,3.12866860953,2.57626566976,-0.0215070515163,-0.00837833332296
14165000000,-0.00368489580506,0.000488008460023,-0.00238112617924,-0.0005582023275,3.13002416209,2.56722612099,-0.0213302325992,-0.00853944678386
14212000000,-0.0036670124598,0.000491298117526,-0.00237692255457,-0.000546126504588,3.13169849724,2.55860244249,-0.0211475822275,-0.00869686062289
14249000000,-0.00364742597602,0.00049538182237,-0.00237149258717,-0.0005331543318,3.13375191647,2.55045945704,-0.0209583852738,-0.00885092392056
14291000000,-0.00362347282129,0.000499679561656,-0.00236221989501,-0.0005201815949,3.15144410593,2.55805357325,-0.0207657767429,-0.009002645995
14339000000,-0.00361085980682,0.000509060867832,-0.00236418899684,-0.000501871401412,3.18425272381,2.58085883602,-0.0205714825612,-0.0091507937139
14361000000,-0.00357975978603,0.0005128329788,-0.0023482560616,-0.000489904657073,3.20798626324,2.59468354333,-0.0203775934984,-0.00929891038901
14417000000,-0.00355954670095,0.000514862306184,-0.00233742401035,-0.000477712472194,3.22281284261,2.59968997551,-0.0201861663067,-0.00944270360575
14450000000,-0.00353405254241,0.000516881838439,-0.00232537464851,-0.00046671624,3.22889016501,2.59603480047,-0.0200015094301,-0.00958531362547
14486000000,-0.00351107810959,0.000518206865737,-0.00231478089028,-0.000456362614846,3.24841885993,2.60592128292,-0.0198269069201,-0.00972634658798
14527000000,-0.00349114346743,0.000519226764093,-0.00230602597737,-0.000446467568369,3.28009351446,2.62803849911,-0.0196656436357,-0.00986587836819
14568000000,-0.00347079607877,0.000517989867661,-0.00229559507602,-0.000439075402557,3.30819470555,2.64700932177,-0.0195182015964,-0.0100594171386
14600000000,-0.00351491492805,0.000516295658458,-0.00233025086469,-0.000414544482935,3.3325649498,2.66228081301,-0.0193942123963,-0.0102090630783
14646000000,-0.00351045757938,0.000515765260404,-0.00232768891426,-0.000403429293807,3.35367761384,2.6743296237,-0.0192965138263,-0.0103549007427
14698000000,-0.00349010727906,0.000511165578692,-0.00231123440359,-0.000401119410084,3.37600125509,2.68763181978,-0.0192238071995,-0.0105000582475
14735000000,-0.00346457713956,0.000508149971401,-0.00229167571155,-0.000401706977714,3.40286174671,2.7055194623,-0.019173115799,-0.0106527115942
14784000000,-0.00344677383153,0.000508767276737,-0.0022788494267,-0.000399181862763,3.42426960234,2.71801167085,-0.0191372895029,-0.0107653567341
14811000000,-0.00338093518611,0.000518700200844,-0.002229812949,-0.000400690924168,3.44092616513,2.72580940923,-0.0191118272928,-0.0109392525424
14849000000,-0.00337475753172,0.000523235976189,-0.00222292937556,-0.000389937145071,3.45323355513,2.7293144457,-0.0190904820171,-0.0110944057507
14880000000,-0.00336197270506,0.000528587256643,-0.00221124263111,-0.000380763452979,3.46437608779,2.73171818903,-0.0190740644954,-0.0112403849699
14918000000,-0.00333790584787,0.000530150171284,-0.00218925602406,-0.000376910626198,3.47475677619,2.73342303208,-0.0190625100771,-0.0113862957916
14964000000,-0.00331175252899,0.000528628316004,-0.00216507053635,-0.000376520285897,3.48956048074,2.73961899013,-0.0190556667162,-0.011534244109
15013000000,-0.0032892252516,0.00052620229358,-0.002144123164,-0.000377057606382,3.50820910848,2.74972574696,-0.0190527796877,-0.0116836318597
15050000000,-0.00326856813192,0.000522856827224,-0.00212477797017,-0.000378583889627,3.53009175819,2.76313029003,-0.0190530725524,-0.0118338879995
15082000000,-0.00325459636927,0.000521559191361,-0.00211174105572,-0.000377932726149,3.5556696412,2.78030036693,-0.019055715439,-0.0119837572904
15127000000,-0.00324063374388,0.000521138571442,-0.0020990053193,-0.000376832317012,3.58413739193,2.80042685772,-0.0190593504017,-0.012133974226
15168000000,-0.00322719292192,0.000521131033312,-0.00208669055438,-0.000375184652468,3.60903555101,2.81705488425,-0.0190624673412,-0.0122840251064
15209000000,-0.00321311815471,0.000521372132333,-0.00207397446731,-0.000373331304181,3.63018783072,2.83000595475,-0.0190634478237,-0.0124339742139
15262000000,-0.00319814786013,0.000521743490664,-0.002060743183,-0.000371369053014,3.6482373221,2.8399198299,-0.0190606170735,-0.0125838792018
15280000000,-0.00318393829487,0.000523066722151,-0.00204876210802,-0.000368450859218,3.67428818961,2.85790536416,-0.0190525756353,-0.0127335016028
15326000000,-0.00316667950972,0.000523496157115,-0.00203438204841,-0.000366389484585,3.70810445245,2.88372426969,-0.0190371789272,-0.0128830748927
15366000000,-0.00314958414637,0.000523961457896,-0.00202065060985,-0.000363933394591,3.72885495397,2.89654894446,-0.0190128735376,-0.0130318321845
15408000000,-0.00313160307558,0.000524489038806,-0.00200699689277,-0.000361364704917,3.73759452203,2.89743083899,-0.0189779521904,-0.0131799032454
15455000000,-0.00311362163713,0.000524906717962,-0.00199418953029,-0.000358635242915,3.73617306774,2.88821660373,-0.0189311947596,-0.0133269774669
15496000000,-0.0030943144613,0.000526272552398,-0.00198097407466,-0.000354647109921,3.74063745085,2.88495784177,-0.0188714980798,-0.0134728389517
15532000000,-0.00307327526373,0.000527879818412,-0.00196704938993,-0.000350156741799,3.75121990319,2.88788295341,-0.0187986117105,-0.0136173019885
15569000000,-0.00305169551773,0.000529483773895,-0.00195343095796,-0.00034510811996,3.76126354076,2.89033877414,-0.0187113547077,-0.0137598049182
15614000000,-0.00302903820369,0.00053128385369,-0.00193971735562,-0.000339490673529,3.77029737187,2.89185017723,-0.0186102818077,-0.0139003214537
15643000000,-0.00300566611923,0.000533235031692,-0.00192611819702,-0.000333224390368,3.77844747036,2.89254040761,-0.0184956239012,-0.0140386390142
15684000000,-0.00298179777712,0.000535214913435,-0.00191281340729,-0.000326451766127,3.78724899908,2.89394630212,-0.0183678899497,-0.0141745989796
15734000000,-0.00295911040395,0.000536533008824,-0.00190133272522,-0.000319861720783,3.79745649173,2.89682196397,-0.0182285759373,-0.0143079098335
15763000000,-0.00293756194323,0.000538077073884,-0.00189138626982,-0.000312498994525,3.81732271747,2.90942263734,-0.0180795441537,-0.014438423342
15800000000,-0.0029176125468,0.000539252262462,-0.00188339272091,-0.000305158821822,3.84594979582,2.93084743325,-0.0179232140707,-0.014566199231
15843000000,-0.00289837055532,0.000541089040008,-0.00187607836737,-0.000296724701829,3.88176325806,2.95951815537,-0.0177627136806,-0.0146913199207
15881000000,-0.00287898026165,0.000543212574849,-0.00186849287984,-0.00028778196809,3.90648533114,2.97715969933,-0.0176011033208,-0.0148140467837
15923000000,-0.00285978309075,0.000545500569409,-0.00186059064858,-0.000278426824343,3.91786666955,2.98152070467,-0.0174421886313,-0.0149344641464
15990000000,-0.00284199000782,0.000547060092297,-0.00185337092568,-0.000269682280297,3.93812759205,2.99482309593,-0.0172894523161,-0.0150526970107
16005000000,-0.00282878861877,0.00054979384345,-0.00184970648545,-0.000259785649129,3.96702518481,3.01682210258,-0.0171476879759,-0.0151688178708
16043000000,-0.00281368786469,0.000550342247981,-0.0018430683622,-0.000252470154944,4.00317419352,3.04612933336,-0.0170204388564,-0.0153337919754
16080000000,-0.00284302552396,0.000553197492916,-0.0018655871676,-0.000229146532162,4.02862310855,3.0647957545,-0.0169141276488,-0.0154635487715
16120000000,-0.00283919263705,0.000552901753735,-0.00186227135298,-0.000219206290007,4.04246633749,3.07191401982,-0.0168338336922,-0.0155847246417
16176000000,-0.0028200073573,0.000549086200068,-0.00184564623743,-0.000217380462121,4.06697712007,3.08976122172,-0.016777877883,-0.0157130641627
16207000000,-0.00280448847756,0.000544838218236,-0.00183233129418,-0.000217935779906,4.10120293566,3.11738125656,-0.0167450226393,-0.0158404568489
16245000000,-0.00279034117238,0.00054362672726,-0.00182099081548,-0.000217886252683,4.1436187895,3.1532461883,-0.0167298941629,-0.0159731209679
16279000000,-0.00278138746561,0.000545342637507,-0.00181354933665,-0.000215107991294,4.17333848736,3.17647472512,-0.0167295803413,-0.0160669519293
16319000000,-0.00272897572001,0.000552932489603,-0.00177239381404,-0.000217526420345,4.19144935991,3.18815034621,-0.0167388589072,-0.0162138932526
16359000000,-0.0027235526405,0.000556389507898,-0.00176458190558,-0.000210368852005,4.20306092224,3.19338577136,-0.0167524164661,-0.0163457571432
16399000000,-0.00271425116235,0.000560041616615,-0.0017541403802,-0.000204808852185,4.2090991121,3.19310421618,-0.0167714242267,-0.0164703455189
16455000000,-0.00269288823544,0.000558338366563,-0.00173229891463,-0.000205822295925,4.21041845409,3.18815721762,-0.0167961742918,-0.0165956714893
16489000000,-0.00267010129662,0.000553182588168,-0.00170854354954,-0.00021033292767,4.20799962142,3.17952966279,-0.0168268068732,-0.0167228420187
