%time,field
51000000,6.95056634526e-17
54000000,-3.03185844306e-16
89000000,-1.93522030038e-16
135000000,-3.22766010683e-16
163000000,-0.00401147471535
217000000,-0.0115307276597
258000000,-0.0094657727445
289000000,-0.00588893740208
334000000,-5.91112865548e-05
374000000,0.00155351529257
412000000,-0.00130603198792
448000000,-0.00112697655875
493000000,-0.000705191279282
539000000,-0.000389890596012
579000000,-0.000208804383228
626000000,-0.000103562395485
648000000,-3.33537874465e-05
694000000,2.06504524279e-05
751000000,7.6216930198e-05
790000000,0.000159189768787
813000000,0.000213209817402
861000000,0.000201240777218
890000000,0.000242456456768
941000000,0.000269044034439
988000000,0.000285778243095
1016000000,0.000290485748711
1073000000,0.000284405862561
1107000000,0.000266236508077
1128000000,0.000243673264585
1192000000,0.000217558382113
1216000000,0.000144900093386
1256000000,0.000107629323222
1295000000,4.12091202988e-05
1344000000,-5.85493692021e-05
1381000000,-0.000210621727872
1410000000,-0.000250963801601
1476000000,-0.000371292984579
1495000000,0.000294480107176
1537000000,8.54441790224e-05
1572000000,-3.04413013374e-05
1620000000,-7.91241826762e-05
1664000000,-8.97180925334e-05
1699000000,-8.12101223387e-05
1742000000,-6.34439977208e-05
1779000000,5.06019777747e-05
1819000000,0.000106290271543
1924000000,0.000204459684706
1940000000,0.000444294657965
1957000000,0.000606816991036
1974000000,0.000650324596848
2010000000,0.000738565554283
2072000000,0.00091412758936
2100000000,0.00123377091843
2145000000,0.00129601495551
2194000000,0.00150877498391
2224000000,0.00173891947113
2268000000,0.00172942806709
2285000000,0.00182102749833
2344000000,0.00186031518992
2365000000,0.00184044724873
2435000000,0.0017390530548
2468000000,0.0014926601575
2486000000,0.00138398109669
2536000000,0.00106989407138
2580000000,-0.00263174541207
2620000000,-0.00396241164429
2665000000,-0.00410781823443
2695000000,-0.00387119194771
2733000000,-0.00338474899539
2790000000,-0.00141559015423
2825000000,-0.00237180210025
2857000000,-0.00257040801231
2900000000,-0.00264070272822
2932000000,-0.00238048955115
2991000000,-0.00222554051773
3016000000,-0.0018777635069
3060000000,-0.00166016546096
3101000000,0.00279029526786
3140000000,0.00449033873663
3162000000,0.00470100144693
3217000000,0.00439734675639
3262000000,0.000668105678559
3291000000,0.00188650330192
3329000000,0.00235712472489
3378000000,0.00249728477058
3411000000,0.00253190721003
3448000000,0.0015909201637
3491000000,0.000841368738576
3549000000,0.000358418360938
3590000000,-0.00030307543542
3606000000,-0.00114073141265
3663000000,0.00195542795548
3684000000,0.00119597803583
3738000000,0.000725448932883
3780000000,0.000422564664339
3812000000,0.000141522825526
3851000000,-0.000184985725301
3897000000,-0.00064334038506
3922000000,-0.00463364995597
3974000000,-0.00562091315407
4045000000,-0.00536955019019
4050000000,-0.00239451004455
4097000000,-0.00359995065031
4152000000,-0.00384734069369
4168000000,-0.00397889183475
4211000000,-0.00370793615559
4254000000,-0.00348551563692
4292000000,0.00117961475338
4355000000,0.00288798244954
4391000000,0.00479255602518
4405000000,0.00522497119438
4453000000,0.00386530338988
4510000000,-0.000307509548227
4556000000,-0.000201631161779
4583000000,0.00179026225321
4610000000,0.00174159407467
4665000000,0.00173546105009
4694000000,0.00182675433044
4738000000,0.00194227469848
4781000000,0.00204723849904
4807000000,0.00211855246062
4866000000,0.00213570903519
4896000000,0.00207163492094
4937000000,0.00192865098836
4972000000,0.00171475177799
5032000000,-0.00215707769984
5058000000,-0.00588174930472
5095000000,-0.00449919345289
5124000000,-0.00344471965287
5173000000,-0.000257083792968
5212000000,-0.00151475824386
5256000000,-0.00176214484559
5295000000,-0.00223189863639
5335000000,-0.00198276183872
5365000000,-0.00152565092811
5411000000,-0.00104626770889
5465000000,-0.000571774081116
5511000000,-0.0019184374992
5540000000,-0.00237342207283
5585000000,-0.00123479050361
5624000000,-0.00111340902905
5659000000,-0.000876119162984
5695000000,-0.000533429376899
5731000000,-0.000110252665177
5768000000,0.00499045524333
5805000000,0.00624387268818
5839000000,0.005759185081
5894000000,0.00287752984339
5948000000,0.00396480116147
5978000000,0.00437991964396
6019000000,0.0044914774512
6045000000,0.00452494849977
6096000000,0.00283381433569
6134000000,0.00158369571733
6175000000,0.000436611544787
6207000000,-0.000387779429727
6258000000,-0.00112786532901
6290000000,-0.00152204440544
6360000000,-0.00193405203046
6389000000,-0.00218288394068
6410000000,-0.00235038070686
6451000000,0.000574190240087
6491000000,-0.000339554037336
6530000000,-0.00067562569414
6563000000,-0.000890833949793
6619000000,-0.00267432725238
6665000000,-0.00296545536569
6699000000,-0.00135831707975
6734000000,-0.00204568966339
6779000000,-0.00193949804082
6801000000,-0.00152549473547
6853000000,-0.00104147244801
6892000000,-0.000571627310141
6941000000,-0.000178138503952
6977000000,0.00021345041778
7020000000,0.00049712572233
7050000000,0.000756674049563
7098000000,0.000653954019382
7128000000,0.000680617336754
7177000000,0.00064866794643
7215000000,0.000644817481686
7285000000,0.000579396158577
7301000000,0.000481363148647
7348000000,0.00040533595552
7383000000,0.000312791648289
7404000000,0.000203381102936
7449000000,0.000110390978901
7493000000,-2.03257884011e-05
7530000000,-0.000123550221235
7610000000,-0.000243183591447
7626000000,-0.000428254252685
7654000000,-0.00048155554136
7734000000,-0.00055261321482
7749000000,-0.00064133557845
7787000000,-0.00073369848322
7806000000,-0.000719431512497
7850000000,-0.00072408887295
7894000000,-0.000752492561667
7953000000,-0.000743051711374
7973000000,-0.000778935362165
8032000000,-0.000757602410153
8053000000,-0.00078542962111
8102000000,-0.000764310853998
8125000000,-0.000783112450027
8182000000,-0.000781761137368
8215000000,-0.000779390670934
8246000000,-0.000801850814042
8284000000,-0.000788698116687
8351000000,-0.000813905767555
8381000000,-0.000791754654466
8409000000,-0.000819843800118
8463000000,-0.000801706925296
8492000000,-0.000819732417597
8530000000,-0.000807111749439
8582000000,-0.000810245348372
8626000000,-0.000811541557854
8672000000,-0.000790644914257
8704000000,-0.000797303524992
8748000000,-0.00077546028818
8765000000,-0.000786512766095
8810000000,-0.000759455843821
8867000000,-0.000765361749467
8908000000,-0.000898093762729
8942000000,-0.000775331498415
8964000000,-0.000728510131138
9012000000,-0.000724343456897
9050000000,-0.000738101672852
9097000000,-0.000715565854411
9124000000,-0.000726975389019
9178000000,-0.000682967571081
9209000000,-0.000686311007311
9244000000,-0.000637453880546
9299000000,-0.000632717989723
9332000000,-0.000596881794939
9371000000,-0.000578741585373
9409000000,-0.00057118393557
9465000000,-0.000520154168057
9495000000,-0.000527810292361
9564000000,-0.000472851759786
9572000000,-0.00046439529151
9605000000,-0.000430926055899
9649000000,-0.00044370664562
9691000000,-0.00041130382838
9739000000,-0.000405923260951
9810000000,-0.000386581117415
9828000000,-0.000339311326208
9849000000,-0.000340643734134
9895000000,-0.000297697207502
9940000000,-0.000292957430639
9971000000,-0.00024521350018
10041000000,-0.000230909788502
10056000000,-0.000175553959238
10100000000,-0.000154071046226
10130000000,-0.000110407156443
10192000000,0.000573667076766
10205000000,0.00125001884697
10245000000,0.000949336913248
10287000000,0.00076195105827
10341000000,0.000385263438565
10378000000,0.000524080929839
10421000000,0.000556932128962
10470000000,0.000507489114536
10495000000,0.000431950083944
10545000000,0.000394049132335
10579000000,0.000366935262966
10616000000,0.000343034508627
10649000000,0.000333433230258
10692000000,0.00033411814541
10739000000,0.000332629387904
10776000000,0.000363601341607
10810000000,0.000379471237195
10876000000,0.000425807858115
10906000000,0.000475084514459
10952000000,0.00051603346729
10980000000,0.000576025407807
11011000000,0.000603971342711
11065000000,0.000649806409268
11086000000,0.000681489486287
11130000000,0.00073395156261
11180000000,0.000758184985399
11220000000,0.000813620754786
11256000000,0.0008423843296
11291000000,0.000814976795841
11339000000,0.000861847750013
11366000000,0.000901126846478
11420000000,0.000937464090359
11479000000,0.000977563929017
11509000000,0.00104178818768
11536000000,0.0010589163971
11570000000,0.00110296315969
11641000000,0.00114899103933
11665000000,0.0012265506694
11697000000,0.00124008922008
11724000000,0.00128766865483
11770000000,0.00150433499123
11830000000,0.001513192306
11859000000,0.00156288563033
11897000000,0.00160874053177
11932000000,0.001661862701
11973000000,0.00179018267868
12012000000,0.00181800053212
12041000000,0.00178761336869
12091000000,0.00172208861529
12127000000,0.00166243887796
12191000000,0.00165679121889
12218000000,0.00167059764749
12263000000,0.00165792899019
12313000000,0.00162140335614
12343000000,0.00156151247873
12377000000,0.0015348005002
12430000000,0.00150688603943
12452000000,0.00149053274314
12499000000,0.00146049002429
12534000000,0.00149108671417
12574000000,0.00143370925601
12618000000,0.00148560609608
12659000000,0.00148168304366
12705000000,0.00153110612346
12727000000,0.00158827218984
12775000000,0.00164035741948
12816000000,0.00170569695952
12848000000,0.00174600229259
12885000000,0.00169923051872
12922000000,0.00170507978715
12978000000,0.00171962676116
13006000000,0.00172979521698
13041000000,0.00174509905772
13115000000,0.00177488740771
13126000000,0.00178460230185
13169000000,0.00178814497905
13219000000,0.00176938721656
13250000000,0.00177239114578
13289000000,0.00175674356494
13342000000,0.00174313625859
13378000000,0.00172888996165
13415000000,0.00169326896531
13450000000,0.00168418564606
13486000000,0.00165084424591
13524000000,0.00164831355825
13587000000,0.00161966005027
13603000000,0.00161893876445
13656000000,0.0016020928867
13700000000,0.0016009616257
13730000000,0.00160093710813
13775000000,0.00159960980588
13827000000,0.00160709454506
13850000000,0.00159763035013
13888000000,0.00161351305532
13939000000,0.00160276825212
13994000000,0.00162360319957
14016000000,0.00164245874529
14063000000,0.00162354659092
14091000000,0.00162248962602
14126000000,0.00162403908339
14167000000,0.00162425308369
14211000000,0.00162562407448
14259000000,0.00162863164685
14305000000,0.00163238285576
14350000000,0.00163956335345
14373000000,0.00164331813905
14422000000,0.00165016892211
14462000000,0.00165917783431
14489000000,0.00167019002374
14555000000,0.00167936091206
14573000000,0.00142025416845
14612000000,0.00132297278568
14663000000,0.00128962035065
14698000000,0.00130757178198
14742000000,0.00132209720231
14787000000,0.00165810469194
14820000000,0.00159147647841
14856000000,0.00157868329212
14889000000,0.0015489216688
14923000000,0.00158817323195
14963000000,0.00161572978661
15028000000,0.00164257670483
15052000000,0.00168418304714
15085000000,0.00164105332178
15133000000,0.00168023662212
15169000000,0.00170545941386
15210000000,0.00172765295358
15274000000,0.00175761392166
15288000000,0.00154985399078
15336000000,0.00158911307876
15371000000,0.00159689621391
15401000000,0.00158027903896
15467000000,0.00155347049122
15501000000,0.00151530298378
15540000000,0.00147327877394
15583000000,0.00142108012609
15624000000,0.00136453637564
15643000000,0.00130157068669
15691000000,0.00123537764978
15735000000,0.0011700815307
15766000000,0.001103419355
15814000000,0.00104430217344
15848000000,0.000990037596687
15887000000,0.000948514527805
15931000000,0.000922557451617
15998000000,0.000487686505695
16012000000,0.000334559633455
16049000000,0.000751560190351
16120000000,0.00103861183739
16129000000,0.00128858211151
16184000000,0.00144179759575
16211000000,0.00162975289978
16254000000,0.00171886235959
16308000000,0.0010118474839
16342000000,0.00123743954693
16380000000,0.00138710141287
16430000000,0.00147836204848
16474000000,0.00162749283518
16490000000,0.00176308182363
