%time,field
461000000,0.00448661445823
476000000,0.00379067407682
479000000,0.00351213926953
495000000,0.00313932643169
502000000,0.00329008796244
511000000,0.00291059340131
521000000,0.00254639784775
527000000,0.00220246645439
541000000,0.00141243973463
552000000,0.00114377979679
564000000,0.000906692415958
569000000,0.000699646289961
580000000,0.000521038871311
591000000,6.32287031208e-05
602000000,-4.59675014934e-05
610000000,-0.000130771148695
623000000,-0.00019426075982
631000000,-0.0004928476644
639000000,-0.00050792751464
649000000,-0.00050818261538
656000000,-0.000758948479579
667000000,-0.000721222635712
679000000,-0.000674983092456
691000000,-0.000623354242798
700000000,-0.000889850521359
708000000,-0.00081438802463
714000000,-0.000736545110372
714000000,-0.00065849749495
736000000,-0.000582098517905
749000000,-0.000508830851955
757000000,-0.000889724479394
770000000,-0.000799412435336
779000000,-0.000710287521648
792000000,-0.000623964089161
799000000,-0.00129030163708
810000000,-0.00116554394684
821000000,-0.00169066694442
830000000,-0.00152929888314
839000000,-0.00136788174737
847000000,-0.00120995060129
861000000,-0.00105840394605
867000000,-0.000986429247239
879000000,-0.000848474539387
891000000,-0.000720763411335
900000000,-0.00121999352998
911000000,-0.00107750409942
923000000,-0.00094096819684
923000000,-0.000812433995886
945000000,-0.000692983318011
947000000,-0.00111397663121
959000000,-0.000983405625226
972000000,-0.000858552727622
981000000,-0.000740995037469
991000000,-0.00112465537713
1002000000,-0.000996978869337
1003000000,-0.000874068142556
1020000000,-0.00115248728477
1028000000,-0.00102017877046
1035000000,-0.000893157466472
1051000000,-0.000773160873759
1055000000,-0.00066136171212
1060000000,-0.00055842906741
1076000000,-0.00076492205068
1089000000,-0.000662178391923
1099000000,-0.000566500761707
1110000000,-0.000885006936801
1120000000,-0.000781229784112
1132000000,-0.000682095053111
1137000000,-0.000516083508617
1153000000,-0.000433799221125
1162000000,-0.00035942676997
1168000000,-0.000292968206403
1177000000,-0.000234206117217
1191000000,-0.000182834362401
1201000000,-0.000230647978901
1212000000,-0.00018675065
1221000000,-7.22707911842e-05
1229000000,-4.31027009392e-05
1235000000,-1.93955753806e-05
1255000000,-5.75033983448e-07
1261000000,1.40236451083e-05
1271000000,2.49600939288e-05
1279000000,0.000281776759828
1291000000,0.000271616973247
1301000000,0.000541021129361
1313000000,0.000507579560032
1326000000,0.000469471745152
1337000000,0.000428586107065
1344000000,0.000386273661075
1351000000,0.00034381744421
1360000000,0.000948318614083
1369000000,0.000865249921848
1369000000,0.000780058154085
1391000000,0.00657930711328
1402000000,0.0061675778895
1410000000,0.00570387725774
1422000000,0.00473835151669
1428000000,0.00426059559055
1433000000,0.00378821372884
1433000000,0.00333130833314
1452000000,0.0028966207841
1471000000,0.00248884144766
1480000000,0.00304550784102
1483000000,0.00264471731592
1501000000,-0.006767427125
1510000000,-0.00655906455345
1519000000,-0.0062481211694
1531000000,-0.00586321159552
1542000000,-0.00215895137977
1552000000,-0.00188730717257
1561000000,-0.00163112988795
1572000000,-0.00139282785834
1579000000,-0.00117396828662
1590000000,0.000821473179111
1596000000,0.000901690604113
1596000000,0.000944793622847
1621000000,0.000957545866147
1625000000,0.00202517704221
1634000000,0.00192444674638
1651000000,0.00180196100156
1661000000,0.00166508908512
1668000000,0.00224834391405
1681000000,0.00205251679811
1690000000,0.00185222366712
1699000000,0.00240574746027
1702000000,0.00216867793762
1719000000,0.00193338743398
1727000000,0.00170473735178
1737000000,0.00148648448032
1752000000,0.0019499500476
1760000000,0.00171606250279
1771000000,0.00149345753362
1782000000,0.00128475214209
1788000000,0.00264538655257
1804000000,0.00238400360335
1811000000,0.00212498717631
1821000000,0.00187349045885
1833000000,0.00189854893839
1839000000,0.00165548468413
1839000000,0.00142711801096
1839000000,0.00121545514326
1839000000,0.00102170737252
1877000000,0.000846402113841
1890000000,0.000689554765697
1899000000,0.000550774168773
1912000000,0.000429449466886
1919000000,0.000492529810281
1929000000,0.000394768473138
1940000000,0.000310211640978
1950000000,0.000533339565894
1962000000,-0.0387928873547
1965000000,-0.0365075370458
1986000000,-0.0492525690825
1992000000,-0.045526247796
2006000000,-0.0415691486904
2010000000,-0.0375189864209
2012000000,-0.0334861973542
2027000000,-0.000851155205963
2034000000,0.00118332268652
2034000000,0.00276101831667
2034000000,0.00394368348469
2068000000,0.00478885566474
2082000000,0.00534908094327
2089000000,0.00235372595598
2100000000,0.00270377461969
2111000000,-0.00355017293917
2111000000,-0.0030206942266
2131000000,-0.00253479501018
2141000000,-0.00209375833128
2148000000,-0.00169803938259
2161000000,-0.00197576009639
2169000000,-0.00162913919549
2181000000,-0.00131840878486
2191000000,-0.00104300700127
2199000000,-0.00374318999362
2205000000,-0.00334981238937
2219000000,-0.00296386969135
2230000000,-0.00653327470263
2239000000,-0.00593990715809
2251000000,-0.00533868197686
2251000000,-0.00474485059379
2271000000,-0.00503199110288
2271000000,-0.0044361620551
2284000000,-0.00386688156112
2285000000,-0.0033314800054
2305000000,-0.0054938529588
2305000000,-0.00486523689051
2329000000,-0.00426098040022
2340000000,-0.00368955736546
2351000000,-0.00540410952473
2361000000,-0.00477582950326
2369000000,-0.00590549261354
2383000000,-0.00523450476564
2392000000,-0.00458914708145
2398000000,-0.00397852559361
2402000000,-0.00340905895214
2415000000,-0.00288481192376
2415000000,-0.00240782456051
2435000000,-0.00197915997142
2451000000,-0.0015982879307
2460000000,-0.0021587011212
2469000000,-0.00176010509569
2482000000,-0.0014478895124
2491000000,-0.000361046849992
2497000000,-0.000166631935641
2507000000,-1.11093486626e-05
2516000000,0.000109612927517
2519000000,0.000200327311042
2536000000,0.000265281702376
2551000000,0.0023302404535
2560000000,0.00223925377693
2570000000,0.00211522610346
2581000000,0.00196834150019
2590000000,0.0433264806343
2600000000,0.0403906901453
2610000000,0.0371707742352
2621000000,0.0517182901623
2631000000,0.0473227083049
2641000000,0.0427994457304
2650000000,0.0382753262522
2661000000,0.0338521279762
2670000000,0.0388888675362
2681000000,0.034346416807
2690000000,0.0299960082905
2701000000,0.0273021298907
2709000000,0.023408317448
2732000000,0.0198144990688
2732000000,0.0165380681989
2741000000,0.0135847490143
2748000000,0.0109518519071
2748000000,0.00960050772508
2766000000,0.00751889395077
2779000000,0.0057092554126
2790000000,-0.0373386304666
2791000000,-0.03627999261
2791000000,-0.0346311403798
2820000000,-0.0325574858966
2825000000,-0.0177318088233
2836000000,-0.0159611912264
2857000000,-0.0142096408613
2857000000,-0.0125122707973
2871000000,-0.0108955789336
2890000000,-0.00211261154384
2890000000,-0.00116378230353
2901000000,-0.000391190740573
2910000000,0.00715299094644
2913000000,0.00719840825794
2931000000,0.00707221742835
2941000000,0.00465877232574
2946000000,0.00443713946548
2961000000,0.00416273250627
2961000000,0.0038524076355
2982000000,0.00352095108707
2987000000,0.00318031984184
2997000000,0.00622160148944
3010000000,0.0056728948221
3021000000,0.0108655196695
3029000000,0.00998865123803
3041000000,0.00907297694454
3051000000,0.00814795287631
3061000000,0.00723639939206
3071000000,0.00752705852094
3076000000,0.00661434982417
3085000000,0.00574701949779
3098000000,0.00493503164627
3111000000,0.017507162348
3115000000,0.0159522262629
3115000000,0.0143701545826
3140000000,0.0128022221332
3151000000,0.010420050574
3160000000,0.00902528182107
3169000000,0.00164674838055
3181000000,0.000798230491684
3194000000,0.000112667579008
3203000000,-0.000429157619874
3212000000,-0.000845509371903
3223000000,-0.00115360024425
3233000000,-0.00833913682311
3241000000,-0.00801310761869
3250000000,-0.00757574256744
3261000000,-0.00706012528124
3271000000,0.00687482157537
3278000000,0.00661145416948
3291000000,0.00625749174165
3301000000,0.00404640294601
3311000000,0.00370786798144
3322000000,0.00335957745515
3331000000,0.000788369058083
3339000000,0.000576304837248
3349000000,0.000398395088176
3362000000,0.000251381968124
3371000000,0.000132040578349
3378000000,-0.00257805199395
3391000000,-0.00250861903791
3400000000,-0.00239607739608
3410000000,-0.00601434995658
3430000000,-0.00564146449518
3433000000,-0.00521920493415
3440000000,-0.00476705753022
3449000000,-0.00430148335471
3461000000,-0.0605730127399
3471000000,-0.0565596487064
3481000000,-0.0521283795662
3491000000,-0.0474672633191
3502000000,-0.0567522970681
3511000000,-0.0512181402808
3511000000,-0.0457088131158
3511000000,-0.0403426678921
3541000000,-0.0352099959018
3550000000,-0.0335091765206
3562000000,-0.0288472139893
3570000000,-0.0245270369994
3579000000,-0.0205727336739
3589000000,-0.0169954201491
3602000000,-0.00707579930175
3612000000,0.00589920369245
3619000000,0.00726077742873
3632000000,0.00817153261794
3639000000,0.00870651606046
3639000000,0.00893311517979
3656000000,0.00891158103471
3668000000,0.0284995933307
3681000000,0.0269711719808
3691000000,0.0226323467102
3702000000,0.0207923219172
3711000000,0.0188764297598
3720000000,0.0169436664462
3729000000,0.0150408251258
3738000000,0.0132041175523
3746000000,0.00809490181287
3760000000,0.00668371007428
3769000000,0.00542153998437
3780000000,0.00430457873036
3790000000,0.00343478412887
3801000000,0.00258198505004
3810000000,0.00185120547559
3821000000,0.00242856084986
3831000000,0.00183617563282
3841000000,0.00132749259951
3850000000,0.000895572648079
3859000000,0.00204857075766
3872000000,0.00165130140711
3877000000,0.00129995665574
3885000000,0.000992623272812
3901000000,0.00299951087143
3911000000,0.00264254626735
3920000000,0.00230054842313
3931000000,0.031963273566
3936000000,0.0297046804379
3940000000,0.0272586149713
3961000000,0.0247196742783
3967000000,0.022164432409
3980000000,0.0283798572372
3991000000,0.0254246620955
4001000000,0.0225253685226
4006000000,0.0197354537128
4007000000,0.0170942775919
4007000000,0.0146295379752
4015000000,0.0123590697254
4050000000,-0.0222583506689
4061000000,-0.0223282532351
4070000000,-0.0218877866811
4079000000,-0.0210515073871
4091000000,-0.0199220118448
4098000000,-0.00804210656072
4112000000,-0.00722204124842
4133000000,-0.00641482908727
4133000000,-0.0056355467243
4133000000,-0.00489597376071
4151000000,-0.00420431539806
4160000000,-0.0010051152312
4172000000,0.00280684855074
4182000000,0.00295465742561
4190000000,0.00300439590893
4197000000,0.00297602179735
4211000000,0.00288672937395
4221000000,0.00232174743726
4231000000,0.00218041423523
4239000000,0.00201986223653
4253000000,0.00184779282747
4261000000,0.00360531959638
4261000000,0.00332000117528
4273000000,0.0030205743335
4287000000,0.00271662368981
4301000000,0.0130022240611
4310000000,0.0120329804834
4318000000,0.0109997145607
4332000000,0.00993919918905
4339000000,0.00888106574077
4348000000,0.00784868737616
4361000000,0.00720364429789
4371000000,0.00624971507757
4378000000,0.00535842482046
4391000000,0.00453651943246
4399000000,-0.00034366785588
4411000000,-0.00843888703967
4422000000,-0.00827847556097
4429000000,-0.00796614625142
4439000000,-0.00754116990276
4452000000,-0.00703686238514
4461000000,-0.00872112182612
4478000000,-0.00799419304298
4478000000,-0.00724178844103
4478000000,-0.00648622040923
4502000000,-0.00574488425254
4511000000,0.00600096740279
4519000000,0.00607333792805
4522000000,0.00599645404848
4522000000,0.00580252958505
4545000000,0.00552072801035
4556000000,0.00517594828302
4556000000,0.00478935957281
4579000000,0.00207676120512
4590000000,-0.00158528531091
4604000000,-0.00163021135665
4612000000,-0.00162791867289
4619000000,-0.00213303428293
4630000000,-0.00202900677924
4631000000,-0.00190057226674
4648000000,-0.00175544316801
4662000000,-0.00160044306172
4672000000,-0.00352477884116
4691000000,-0.00323762989022
4691000000,-0.0029375106575
4701000000,-0.00263393539758
4710000000,-0.00521064897544
4722000000,-0.0047295543367
4731000000,-0.00424308582754
4740000000,-0.00376328798445
4749000000,-0.00697954255247
4761000000,-0.00632780289154
4772000000,-0.00567107212625
4778000000,-0.00502541799107
4790000000,-0.00825392923543
4802000000,-0.00741164087354
4810000000,-0.00658052487488
4819000000,-0.00977154978068
4820000000,-0.00874658247275
4837000000,-0.00774175593048
4837000000,-0.00677545254943
4861000000,-0.00586126917212
4871000000,-0.0100706076301
4879000000,-0.00900232084476
4891000000,-0.00795713978995
4901000000,-0.0125080860258
4911000000,-0.0112425594321
4921000000,-0.00999246974232
4930000000,-0.00878294106857
4941000000,-0.0130613787583
4947000000,-0.0116714493293
4958000000,-0.010313850514
4968000000,-0.00901233224845
4975000000,-0.0128646820125
4989000000,-0.0113967152366
5002000000,-0.0099844109837
5009000000,-0.00864744418099
5020000000,-0.00739984656599
5031000000,-0.00625069259574
5041000000,-0.0329438882279
5050000000,-0.0302631734623
5060000000,-0.0473344338251
5075000000,-0.0433833438035
5075000000,-0.0392976742943
5091000000,-0.0351989327147
5101000000,-0.00762435212292
5112000000,-0.00505008038107
5120000000,-0.00290700226841
5132000000,0.0169136747643
5141000000,0.0172340648402
5152000000,0.0170996741249
5161000000,0.0166094894508
5171000000,0.0158496836324
5182000000,0.000818509341978
5191000000,0.000500291209393
5196000000,0.000234876672702
5196000000,1.8465207728e-05
5215000000,-0.000154205533825
5229000000,0.0014912300741
5241000000,0.00128683523715
5251000000,0.00109437519639
5260000000,0.00354527430034
5271000000,0.00322324812194
5281000000,0.00289455430382
5293000000,0.00256830225725
5301000000,0.0579898166591
5310000000,0.054117420941
5323000000,0.049851660562
5331000000,0.0453716192457
5341000000,0.0593424760642
5351000000,0.0537294914842
5362000000,0.0481016076037
5371000000,0.0485211236409
5379000000,0.0428727360224
5388000000,0.0374598922153
5401000000,0.0323541501877
5411000000,0.0276048500563
5419000000,0.021473972823
5431000000,0.0176329017083
5439000000,0.0142106848881
5451000000,0.0111945430801
5459000000,0.00856592554131
5471000000,0.00175369057334
5480000000,0.000106955260113
5492000000,-0.00119380271636
5501000000,-0.00219271373748
5512000000,-0.00293108079112
5521000000,-0.0398921071627
5532000000,-0.0378421606803
5541000000,-0.0353802200307
5551000000,-0.0418847320634
5561000000,-0.0383987718333
5571000000,-0.0347928923235
5580000000,-0.0311732234435
5591000000,0.00107384134841
5604000000,0.00261416715826
5613000000,0.00376890434265
5622000000,0.0045940303973
5631000000,0.00427187310564
5641000000,0.00464193404057
5651000000,0.00482935318121
5661000000,0.0049329028024
5672000000,0.00485085823456
5680000000,0.00467737002772
5685000000,0.00443580429525
5700000000,0.0055104689653
5707000000,0.00510725886699
5721000000,0.00467516992348
5728000000,0.00423045225927
5740000000,0.00561534051165
5752000000,0.00507039929546
5759000000,0.00452789057364
5770000000,0.00399952960009
5783000000,-0.00181386130223
5791000000,-0.00194299141868
5802000000,-0.00200067044054
5811000000,-0.00699017259288
5821000000,-0.00663824233407
5830000000,-0.00621150574746
5842000000,-0.00573536577155
5852000000,-0.00523051887186
5862000000,-0.00910476516894
5871000000,-0.00831035569008
5882000000,-0.00749718150309
5891000000,-0.00668720687862
5899000000,-0.000925842188975
5906000000,-0.000475663017545
5906000000,-0.000108784688338
5922000000,0.000184281215685
5940000000,0.000412557605046
5948000000,-6.2166205192e-05
5960000000,0.000100971580116
5971000000,0.000229073472919
5980000000,-0.00119854029495
5991000000,-0.001041880308
5998000000,-0.000893079531074
6010000000,-0.000753956022885
6020000000,-0.00312737973205
6033000000,-0.00287358235057
6036000000,-0.00260738341198
6051000000,-0.00624522460085
6062000000,-0.00574835302909
6068000000,-0.00522601092389
6081000000,-0.00469536018229
6092000000,-0.00417034576152
6102000000,-0.0538317995552
6111000000,-0.0503329254524
6118000000,-0.0464469298597
6129000000,-0.0423433532037
6146000000,-0.0490454514691
6150000000,-0.0442545006891
6160000000,-0.039487537833
6171000000,-0.0348465407198
6181000000,-0.0272196147204
6189000000,-0.0232150824319
6203000000,-0.0195388782236
6211000000,-0.0162041902243
6222000000,-0.00471331585206
6229000000,-0.00262677028702
6240000000,-0.000923814179702
6251000000,0.000438840792179
6260000000,0.012022449491
6273000000,0.0122236514744
6282000000,0.0121078795162
6292000000,0.0117451121504
6301000000,0.0208683704437
6311000000,0.0195398492124
6328000000,0.0180549292488
6328000000,0.0164796165187
6345000000,0.0148684332859
6352000000,0.0132650008632
6360000000,0.011703535781
6371000000,0.0180069510664
6383000000,0.0160814109737
6390000000,0.0142032957976
6402000000,0.0235766121864
6413000000,0.0211501114808
6422000000,0.0295340616822
6432000000,0.0265149977009
6442000000,0.0235413646441
6449000000,0.0206703040163
6461000000,-0.0140679491314
6471000000,-0.01456913295
6479000000,-0.0146392060844
6491000000,-0.0143680654395
6501000000,-0.00488699323001
6511000000,-0.00468330840645
6521000000,-0.00441938554374
6522000000,-0.00411353323916
6546000000,-0.00378203192904
6547000000,0.000952163220575
6547000000,0.00104093820193
6563000000,0.00108591177565
6579000000,-0.484507238883
6592000000,-0.452809282705
6602000000,-0.417701468721
6611000000,-0.38069320715
6621000000,-0.848368014006
6632000000,-0.781341545609
6641000000,-0.711045171364
6643000000,-0.639752637519
6657000000,-0.569273239721
6670000000,-0.933473422501
6680000000,-0.841353667129
6689000000,-0.749955801625
6700000000,-1.00716820913
6712000000,-0.903530289115
6722000000,-0.801717549043
6731000000,-0.703590072855
6739000000,-0.730732792514
6749000000,-0.636922870974
6749000000,-0.548805746006
6751000000,-0.467155594427
6781000000,-0.428852371462
6793000000,-0.359232437154
6795000000,-0.296409854022
6810000000,-0.106245288753
6820000000,-0.0646428753432
6831000000,-0.0305118805282
6840000000,-0.00304381133282
6851000000,0.0185601189168
6864000000,0.127829612852
6869000000,0.134109426056
6879000000,0.135938733077
6891000000,0.134235016675
6902000000,0.388298925103
6907000000,0.364848156018
6918000000,0.338065416977
6930000000,0.309254763056
6935000000,0.279489988317
6951000000,0.385634165382
6958000000,0.347338033103
6971000000,0.309269702704
6981000000,0.586546954636
6991000000,0.533049982328
6998000000,0.478798234551
7010000000,0.425173925652
7021000000,0.373243482746
7030000000,0.591160462894
7040000000,0.527045083409
7048000000,0.46455149286
7066000000,0.607853542481
7072000000,0.540153916275
7078000000,0.474528763817
7090000000,0.412031750787
7102000000,0.353402038726
7110000000,0.608713389576
7121000000,0.538497701188
7130000000,0.554960597084
7138000000,0.48630285512
7152000000,0.421149023565
7160000000,0.360218332866
7172000000,0.303981196751
7180000000,0.571192005908
7195000000,0.506318449657
7211000000,0.443680228808
7211000000,0.384231245322
7221000000,0.366765904372
7231000000,0.313206483323
7235000000,0.263841031788
7257000000,0.218905065697
7257000000,0.178482224955
7270000000,0.14246728029
7282000000,0.11075051439
7288000000,0.288466396876
7300000000,0.252101657539
7304000000,0.380771754258
7320000000,0.339539097703
7329000000,0.299333395297
7338000000,0.260808127813
7351000000,0.242086182254
7362000000,0.207252956751
7371000000,0.175044770622
7383000000,0.145629911862
7391000000,0.0986291845778
7402000000,0.0763212956302
7406000000,0.0265404990053
7420000000,0.0116868950268
7431000000,-0.000384707744954
7442000000,-0.00999106789219
7452000000,-0.017435912617
7460000000,0.504262351726
7467000000,0.466557046972
7480000000,0.426325176439
7489000000,0.384980978129
7502000000,0.791977339465
7503000000,0.722980296955
7522000000,0.652357291468
7531000000,0.582039391771
7542000000,0.966635388431
7552000000,0.870966141417
7567000000,0.776024443967
7575000000,0.68379726571
7581000000,0.59578183935
7591000000,0.51306185484
7600000000,0.436372594635
7612000000,0.522255541087
7621000000,0.450198891015
7632000000,0.360746478254
7637000000,0.300820492764
7651000000,0.246878063701
7658000000,0.244843390362
7670000000,0.199698863764
7670000000,0.159687015143
7670000000,0.124619292175
7676000000,0.0942383652595
7705000000,0.0682443160949
7716000000,0.0462944028905
7728000000,-0.0812995676308
7742000000,-0.0898280797982
7747000000,-0.0944593321945
7760000000,-0.399614719618
7769000000,-0.3790985829
7781000000,-0.354342226408
7790000000,-0.528021678094
7801000000,-0.486808186103
7811000000,-0.412123950922
7821000000,-0.369613384531
7832000000,-0.327735694529
7840000000,-0.287309409205
7850000000,-0.415550726633
7862000000,-0.370262098845
7868000000,-0.326132777738
7875000000,-0.283920388592
7891000000,-0.244163042079
7900000000,-0.536030379824
7905000000,-0.482426861521
7917000000,-0.429246196456
7928000000,-0.377565953114
7939000000,-0.328233228036
7949000000,-0.436148095162
7960000000,-0.384694175841
7971000000,-0.335397961548
7977000000,-0.737159162923
7992000000,-0.664649346333
7997000000,-0.592449831528
8007000000,-0.522126949379
8008000000,-0.454857736914
8030000000,-0.583199247312
8041000000,-0.512576755497
8051000000,-0.445310576594
8062000000,-0.759843677665
8073000000,-0.676719735789
8079000000,-0.595900619521
8089000000,-0.51871264222
8102000000,-0.604409511982
8109000000,-0.532945714349
8121000000,-0.460785990581
8133000000,-0.647129375505
8140000000,-0.569552108108
8151000000,-0.495504637948
8158000000,-0.425908963778
8172000000,-0.361382232344
8177000000,-0.302300270275
8187000000,-0.380179481236
8200000000,-0.32504681861
8200000000,-0.27417901829
8221000000,-0.313658991287
8229000000,-0.267084744209
8242000000,-0.224261747905
8245000000,-0.185368523494
8245000000,-0.150447396787
8245000000,-0.119463904655
8281000000,-0.252320608056
8294000000,-0.271453474285
8300000000,-0.237407493936
8308000000,-0.205147587902
8320000000,-0.175023463946
8332000000,-0.147260854861
8343000000,-0.121997762371
8349000000,-0.151133881426
8362000000,-0.128064248768
8371000000,-0.106922061841
8379000000,-0.0877724074905
8388000000,0.00356633208888
8400000000,0.0138071132433
8411000000,-0.0406104529086
8421000000,-0.033241003009
8431000000,-0.025116649927
8441000000,-0.0180660769034
8451000000,-0.0120273257668
8460000000,-0.00692379789176
8470000000,0.0584447540656
8479000000,0.0580048429415
8491000000,0.0564084862336
8501000000,0.0419760234287
8510000000,0.0396692834963
8519000000,0.0370253460519
8530000000,0.034172165669
8540000000,0.0807871057318
8550000000,0.0747005372209
8562000000,0.0682728819263
8571000000,0.0617201485193
8582000000,0.0552304860616
8590000000,0.0771998815026
8608000000,0.069299011742
8610000000,0.0615634962774
8614000000,0.0541291019115
8631000000,0.0810461727964
8632000000,0.0722542606265
8646000000,0.0637484123274
8657000000,0.0556529035366
8671000000,0.114098765557
8681000000,0.103012739366
8689000000,0.0919980863702
8699000000,0.0812831073222
8713000000,0.0925283468653
8718000000,0.0816890080421
8718000000,0.07133991058
8740000000,0.0616077725177
8751000000,0.115706519195
8761000000,0.10381220932
8772000000,0.120920979989
8781000000,0.107894839449
8792000000,0.095227228904
8801000000,0.0831274953879
8811000000,0.12328072655
8818000000,0.109895545787
8829000000,0.0969023622458
8834000000,0.084502228126
8837000000,0.0728450909367
8860000000,0.0620341238459
8869000000,0.583263446178
8876000000,0.541686861348
8877000000,0.496804411138
8901000000,0.450324579598
8909000000,1.05777930046
8920000000,0.976187132068
8931000000,0.890124974729
8940000000,1.33002593232
8951000000,1.21410141429
8960000000,1.09565390682
8971000000,1.31049648758
8981000000,1.17491553604
8992000000,1.04181167765
9001000000,0.913642408258
9011000000,0.792236268091
9018000000,0.820845893361
9032000000,0.707479767048
9042000000,0.602371315314
9050000000,0.506127227143
9062000000,0.430990202354
9075000000,0.352244871844
9075000000,0.282380628174
9083000000,0.221099849909
9101000000,0.126777161197
9112000000,0.0835368248669
9121000000,0.0476993230336
9132000000,-0.186129166817
9141000000,-0.19826694598
9147000000,-0.203324259903
9156000000,-0.202628178561
9171000000,-0.197417091049
9182000000,-0.343518959064
9190000000,-0.322839295391
9202000000,-0.299185143055
9209000000,-0.273724362295
9220000000,-0.528272455274
9228000000,-0.483509119741
9241000000,-0.437258101724
9247000000,-0.581786172551
9261000000,-0.524610687891
9272000000,-0.467664938891
9281000000,-0.412180414552
9289000000,-0.359117944295
9301000000,-0.584783862265
9306000000,-0.522494196908
9321000000,-0.461549637473
9330000000,-0.403036559979
9343000000,-0.530513349591
9348000000,-0.467075061366
9366000000,-0.406504639371
9371000000,-0.349553407408
9380000000,-0.505603384165
9392000000,-0.443221261012
9402000000,-0.383986603444
9424000000,-0.328561286416
9424000000,-0.478118065266
9424000000,-0.420236997256
9437000000,-0.365091298416
9444000000,-0.31329922293
9454000000,-0.265317182374
9471000000,-0.306514945881
9481000000,-0.261939309321
9489000000,-0.220804624412
9502000000,-0.422257956484
9515000000,-0.374813580094
9520000000,-0.328889563429
9530000000,-0.285188310559
9540000000,-0.244228785788
9550000000,-0.206348877827
9562000000,-0.171748730847
9571000000,-0.16270552766
9581000000,-0.3591265232
9592000000,-0.318528497695
9601000000,-0.27926607422
9612000000,-0.189971804632
9623000000,-0.158155376028
9632000000,-0.129427938872
9642000000,-0.103781110302
9650000000,-0.185375335862
9662000000,-0.159826432795
9672000000,-0.135980722042
9679000000,-0.11403781717
9691000000,-0.0940898298023
9702000000,-0.0432404127348
9712000000,-0.0293350745604
9730000000,-0.0176368284647
9730000000,-0.00795706475061
9730000000,-4.88035077973e-05
9750000000,-0.020874476983
9761000000,-0.0141665666644
9768000000,-0.00847824726107
9781000000,-0.00372458869204
9790000000,0.000179116965937
9800000000,0.00330657458201
9806000000,0.00577466584336
9821000000,0.0213821033687
9831000000,0.078004074619
9840000000,0.0747448378822
9852000000,0.0511536864106
9864000000,0.0474292488096
9872000000,0.0434831359447
9885000000,0.0394534042066
9885000000,0.0354613893879
9903000000,0.10802345739
9910000000,0.10004450864
9919000000,0.0915615580286
9929000000,0.0828775464099
9940000000,0.0742208074896
9950000000,0.0602143188749
9957000000,0.0525014370255
9968000000,0.0452935668431
9978000000,0.0386421281143
9988000000,0.102112772865
9999000000,0.0922793848089
9999000000,0.0824982963998
9999000000,0.0729696314602
10021000000,0.0638647219564
10041000000,0.0552946159815
10048000000,0.06744680352
10060000000,0.128806906371
10070000000,0.116596444652
10079000000,0.104388913006
10088000000,0.0924512743765
10101000000,0.115653266605
10111000000,0.102944527232
10118000000,0.0906505828331
10131000000,0.0789540332537
10141000000,0.118145741438
10152000000,0.104660246622
10159000000,0.0917046134191
10169000000,0.0794566699615
10179000000,0.068043251562
10189000000,0.0575401050077
10201000000,0.0848332036625
10210000000,0.143319756383
10220000000,0.128785053937
10230000000,0.114457662747
10241000000,0.100613530635
10250000000,0.11763416541
10261000000,0.103467881973
10270000000,0.0899957559287
10278000000,0.0773716236078
10290000000,0.099284312187
10303000000,0.0866473571403
10311000000,0.0747536916514
10317000000,0.0637123639576
10317000000,0.0535887818469
10336000000,0.0444143337803
10351000000,0.116101693542
10356000000,0.103588895761
10366000000,0.0914097557656
10382000000,0.0583545262028
10391000000,0.0485891068976
10401000000,0.0398072343956
10402000000,0.0319945374661
10417000000,0.0251201159863
10431000000,0.0707597295728
10440000000,0.0624459024084
10451000000,0.0544951175527
10459000000,0.0470080279564
10472000000,0.040051848408
10480000000,0.0797436517566
10481000000,0.0708891737399
10498000000,0.0623211635698
10509000000,0.120136976029
10517000000,0.108448036915
10535000000,0.0968071454386
10541000000,0.0854616330306
10551000000,0.0890794026889
10560000000,0.0779792092333
10571000000,0.0674821065036
10581000000,0.0795155616663
10596000000,0.069315028219
10596000000,0.0597255805174
10612000000,0.0508266444329
10620000000,0.0611293978208
10631000000,0.0526846763443
10639000000,0.0448455095897
10648000000,0.0376596784851
10661000000,0.0581659280362
10668000000,0.0505708558343
10680000000,0.0434494515169
10690000000,0.0368592911465
10701000000,0.0446117003383
10709000000,0.0383064239906
10722000000,0.0324758368043
10731000000,0.0271500173758
10739000000,0.0496583328329
10750000000,0.0438423283639
10760000000,0.0382693457697
10768000000,0.0330168957086
10780000000,0.0401475134634
10787000000,0.0349451940555
10801000000,0.0300597340147
10810000000,0.0255344834681
10821000000,0.0424450291076
10827000000,0.0373795940227
10839000000,0.0325476248132
10852000000,0.0280082045775
10860000000,0.0238010496035
10868000000,0.0199500225301
10878000000,0.0164665423187
10891000000,0.0238908435763
10900000000,0.0204321445897
10911000000,0.0360577385988
10919000000,0.0320805320667
10932000000,0.0282237392971
10937000000,0.0245497363965
10937000000,0.0211024720071
10958000000,0.0179125279618
10958000000,0.0247132966831
10981000000,0.0443503060259
10992000000,0.040066924471
11000000000,0.0357947847208
11011000000,0.0474978513869
11022000000,0.04263435058
11031000000,0.0378487608844
11041000000,0.0332294456831
11051000000,0.0288433828145
11062000000,0.0247404968871
11071000000,0.0254142802351
11081000000,0.0216920803535
11092000000,0.0302070801658
11101000000,0.0263874540019
11111000000,0.0227878382809
11114000000,0.0194406536723
11132000000,0.0163680297222
11141000000,0.0169270769171
11151000000,0.0142217996738
11159000000,0.0117724113119
11167000000,0.00957992059487
11178000000,0.0163032809234
11190000000,0.0141304330007
11200000000,0.0121038898877
11208000000,0.0102373923398
11221000000,0.0128620870608
11230000000,0.0110977876308
11240000000,0.00946139708325
11251000000,0.00796251478092
11257000000,0.0132815185961
11269000000,0.0116646174999
11279000000,0.0101313933939
11291000000,0.00869858189373
11301000000,-0.0330290148672
11311000000,-0.0315940475897
11319000000,-0.0297537628957
11328000000,-0.0276353439301
11341000000,-0.00278408197371
11350000000,-0.00167006522574
11350000000,-0.00075537023123
11368000000,0.0132838480697
11382000000,0.0131418562477
11383000000,0.0127394343298
11401000000,0.0121396164292
11411000000,0.0113972500642
11421000000,0.0225613068058
11431000000,0.0210109128594
11436000000,0.0193226331229
11449000000,0.0175622126716
11456000000,0.0157844610463
11468000000,0.0140331769107
11480000000,0.025072664787
11489000000,0.0227004355802
11501000000,0.0203252551705
11510000000,0.039818878622
11521000000,0.0363939195825
11530000000,0.0328851802683
11541000000,0.0359257050986
11550000000,0.0320949986352
11557000000,0.0283602384797
11571000000,0.0399412696587
11580000000,0.0357429838096
11587000000,0.0316390278589
11599000000,0.0276997366286
11599000000,0.0239786636387
11619000000,0.0205125529681
11619000000,0.0173246175099
11638000000,0.0144274758119
11648000000,0.0272182210002
11661000000,0.0239195546878
11668000000,0.0463979897756
11678000000,0.0420001549566
11692000000,0.0375973064873
11699000000,0.0373364582521
11710000000,0.0329412268135
11721000000,0.0287440935397
11728000000,0.0390539476532
11738000000,0.0345166055162
11753000000,0.0301722451979
11762000000,0.0260773709595
11770000000,0.0222708661695
11779000000,0.0337503819288
11791000000,0.0296031424033
11800000000,0.0256769217906
11810000000,0.0220128566749
11820000000,0.0186374488256
11831000000,0.0155649509671
11841000000,0.0243175794392
11850000000,0.0210906898899
11862000000,0.0363283887946
11875000000,0.0325595630477
11878000000,0.0288683283386
11888000000,0.0253190092289
11898000000,0.0219607981085
11909000000,0.02020366624
11920000000,0.0172303777954
11931000000,0.0145079408825
11940000000,0.0120442073163
11951000000,0.0176937975385
11965000000,0.015293841795
11965000000,0.0130672978406
11978000000,-0.0417128908091
11992000000,-0.0403211798221
12000000000,-0.0383141396891
12006000000,-0.0358676054661
12018000000,-0.0331295827547
12018000000,-0.0302233014987
12041000000,-0.0389559203136
12058000000,-0.0418140244757
12059000000,-0.0377034958383
12073000000,-0.0336123179815
12074000000,-0.0296284784079
12091000000,-0.0258185945489
12107000000,-0.00697175360717
12111000000,-0.00455700354483
12122000000,-0.00254595316387
12133000000,-0.000898283070952
12144000000,-4.09100943039
12152000000,-3.82800426116
12170000000,-3.53509285972
12180000000,-3.22518990229
12191000000,-2.9088430145
12207000000,-2.59451130151
12207000000,-2.28880940751
12207000000,-1.99676537694
12223000000,-1.72203510989
12228000000,-1.46710896552
12241000000,-1.23350465392
12247000000,-1.02194208071
12261000000,-0.832486240308
12271000000,-0.664687192705
12282000000,-0.517757763312
12292000000,-0.390569067608
12301000000,0.0403069790558
12310000000,0.0525871471054
12321000000,0.28758005747
12331000000,0.278044054924
12340000000,0.2641339485
12351000000,1.39102515356
12362000000,1.29703269545
12376000000,1.19368901217
12381000000,1.82549818639
12387000000,1.67310436846
12401000000,1.51530995736
12408000000,1.35685635616
12420000000,1.20135425043
12429000000,2.1613295975
12442000000,1.95759402825
12448000000,1.7528398393
12462000000,2.59528243108
12469000000,2.3338867316
12478000000,2.07545909185
12486000000,1.82512398142
12501000000,1.58670142812
12512000000,2.3481234331
12515000000,2.08064268518
12526000000,1.82304216211
12540000000,2.43408996701
12550000000,2.15261445659
12559000000,1.88244083181
12570000000,1.62713177166
12580000000,1.66236139396
12587000000,1.42686480197
12602000000,1.209140452
12609000000,1.01029972883
12619000000,0.830808307485
12630000000,0.985874956923
12640000000,0.824257247528
12647000000,0.678260368213
12660000000,0.370849547119
12672000000,0.26534714494
12681000000,0.176103496169
12691000000,0.101696045618
12699000000,0.0406799591917
12711000000,-0.0258477309404
12722000000,-0.0634993552928
12732000000,-0.0918585794867
12741000000,-0.429455727922
12749000000,-0.421991227965
12761000000,-0.406752601017
12771000000,-0.385708562987
12781000000,-0.579037556715
12791000000,-0.538106542054
12800000000,-0.49387142874
12812000000,-0.448017059436
12825000000,-0.717998775362
12826000000,-0.654157999278
12842000000,-0.589243398893
12851000000,-0.524928154786
12859000000,-0.703770661755
12871000000,-0.628221250434
12881000000,-0.55465203023
12891000000,-0.744367072625
12902000000,-0.66212823471
12912000000,-0.582517004891
12920000000,-0.506753831992
12928000000,-0.648652223438
12939000000,-0.570147447205
12950000000,-0.495529945389
12962000000,-0.425645331446
12969000000,-0.361052434526
12981000000,-0.464790592781
12990000000,-0.402226515951
13000000000,-0.343917881714
13011000000,-0.442194560307
13020000000,-0.38471268735
13030000000,-0.330788610206
13041000000,-0.280885120301
13051000000,-0.341873493092
13059000000,-0.293553715068
13065000000,-0.24890019512
13069000000,-0.208131266226
13069000000,-0.171336298975
13093000000,-0.138495983013
13103000000,-0.109506597863
13122000000,-0.155587690867
13131000000,-0.254164852836
13142000000,-0.223215313886
13151000000,-0.193813632491
13157000000,-0.166293337788
13172000000,-0.140872030913
13182000000,-0.125588599391
13191000000,-0.104134224173
13198000000,-0.0848846463782
13211000000,-0.0678060150032
13221000000,-0.0900238653637
13231000000,-0.0749381039495
13250000000,-0.0613549196811
13250000000,-0.0492639653295
13260000000,-0.0650500477271
13271000000,-0.0543380394478
13280000000,-0.0446705720985
13289000000,-0.0360405454056
13295000000,-0.0596494823379
13311000000,-0.0510694019484
13323000000,-0.043148985325
13334000000,-0.035926248719
13342000000,-0.029415285194
13351000000,-0.0487212204118
13357000000,-0.0419689282955
13372000000,-0.0356925151336
13378000000,-0.0299321464599
13391000000,-0.0247082489549
13400000000,-0.0346341399586
13412000000,-0.0295079965236
13422000000,-0.0595584466819
13431000000,-0.0531448413123
13440000000,-0.0468879283812
13450000000,-0.0369051986183
13456000000,-0.0314763945858
13471000000,-0.0264820257697
13480000000,-0.0219418006917
13491000000,-0.0362434316635
13501000000,-0.0314664939658
13512000000,-0.02698823515
13521000000,-0.0228425436007
13530000000,-0.0190534048502
13541000000,-0.0135692519215
13546000000,-0.01064379083
13563000000,-0.00809035002056
13570000000,-0.00588896376454
13577000000,-0.00401519910987
13591000000,-0.015361363639
13601000000,-0.013295573708
13609000000,-0.0113398627023
13621000000,-0.00955374741792
13631000000,-0.00792410860778
13641000000,-0.00645536679829
13650000000,-0.00514820898961
13657000000,-0.00830928387384
13669000000,-0.00705007618949
13681000000,-0.00589309615253
13692000000,-0.00484289340208
13699000000,-0.0039006827546
13709000000,-0.00262241041967
13719000000,-0.00192048943374
13730000000,-0.00131838080314
13742000000,-0.000807783461855
13742000000,-0.000381525409142
13742000000,-3.15389990397e-05
13742000000,0.00422807061598
13782000000,0.00574732211427
13792000000,0.00554824257468
13798000000,0.00527105687066
13798000000,0.00493972862013
13799000000,0.00457233450578
13831000000,0.0107264636319
13839000000,0.00996569427715
13851000000,0.00914584317561
13861000000,0.00814351440494
13871000000,0.00730073588358
13881000000,0.00647644756771
13891000000,0.0056845773308
13902000000,0.00704163715814
13913000000,0.00620306055638
13921000000,0.00540546822147
13931000000,0.00465756674651
13941000000,0.00444477596012
13950000000,0.00378398191953
13960000000,0.00318015785675
13971000000,0.00263448107301
13980000000,0.00214668185044
13991000000,0.00171523891842
13999000000,0.00654082735837
14010000000,0.00589415308458
14022000000,0.0574993785159
14030000000,0.0537393017937
14042000000,0.0495738465986
14050000000,0.045182530945
14060000000,0.0407114506755
14071000000,0.0181416853778
14080000000,0.0149498206759
14092000000,0.0121005152643
14101000000,0.00428069237118
14105000000,0.00241724391083
14120000000,0.000895245571087
14129000000,-0.00307865213663
14141000000,-0.00386578319839
14151000000,-0.00439909732783
14153000000,-0.00472061821833
14169000000,-0.00852222787449
14182000000,-0.00843389091482
14194000000,-0.00808804196133
14194000000,-0.00763422137251
14210000000,-0.00710555326658
14221000000,-0.0107766560326
14229000000,-0.00993987280136
14240000000,-0.00905755344245
14249000000,-0.00815937501976
14259000000,-0.00726852572115
14269000000,-0.0117292821735
14280000000,-0.0105913674126
14291000000,-0.00945744932153
14301000000,-0.00835223356263
14302000000,-0.00729443298043
14316000000,-0.0110402127951
14326000000,-0.00982316373489
14339000000,-0.00864550501335
14350000000,-0.0147181063476
14361000000,-0.0132561691251
14368000000,-0.011808770291
14379000000,-0.0111109944099
14389000000,-0.00972895255124
14395000000,-0.00842406088547
14395000000,-0.00720926808298
14417000000,-0.00609275649516
14432000000,-0.00837149733822
14441000000,-0.00725881217231
14450000000,-0.00622119020846
14460000000,-0.00526614602528
14469000000,-0.00605590170326
14481000000,-0.00516680898553
14492000000,-0.00435270997601
14502000000,-0.00384595129528
14510000000,-0.00317148122517
14521000000,-0.00257096271485
14531000000,-0.00204318695149
14541000000,-0.0015852486504
14549000000,-0.00119252699752
14557000000,0.000296801513275
14572000000,0.000503209705085
14578000000,0.062958144767
14589000000,0.0592308902903
14600000000,0.054964513491
14610000000,0.0503681777065
14622000000,0.0646319681563
14631000000,0.0587197673508
14646000000,0.0527431644472
14661000000,0.0468498775126
14663000000,0.0411547374757
14671000000,0.0427622638614
14689000000,0.0372460023261
14694000000,0.0320630431409
14702000000,0.0272589827629
14702000000,0.018475121823
14722000000,0.0147881298943
14722000000,0.0115500287149
14742000000,0.00873843082221
14750000000,0.00230377719125
14756000000,0.000521364521835
14771000000,-0.000896462946512
14778000000,-0.00199513529153
14791000000,-0.0505544737487
14798000000,-0.0484045680499
14807000000,-0.0456269407658
14815000000,-0.0424183189134
14827000000,-0.0267599746727
14842000000,-0.0239459358833
14851000000,-0.0211937701943
14860000000,-0.0132916996752
14871000000,-0.0110972909042
14880000000,-0.00912084643484
14890000000,-0.00651555331687
14900000000,-0.00501197923484
14910000000,-0.00371607824688
14922000000,-0.00261279097108
14931000000,-0.0014319074404
14942000000,-0.000680426548761
14951000000,-7.37062305487e-05
14962000000,0.000405482403058
14968000000,0.00154755732411
14968000000,0.00177384744585
14991000000,0.00191181175632
14998000000,0.00197712576486
15006000000,0.00198377460219
15020000000,0.00194411308854
15031000000,0.00186899304856
15037000000,0.00275719964839
15051000000,0.00257128376178
15061000000,0.00420274919284
15071000000,0.00388319086556
15082000000,0.00354416799398
15089000000,0.00375610281216
15100000000,0.00337925829777
15111000000,0.00300652890124
15119000000,0.00264546581274
15131000000,0.00230164886217
15141000000,0.00292743536521
15151000000,0.00256924887213
15160000000,0.00222940552585
15172000000,0.00191166048158
15182000000,0.00217533369723
15193000000,0.00187472132882
15195000000,0.00159605838286
15213000000,0.00134098953332
15213000000,0.00111026504642
15233000000,0.000903954779394
15243000000,0.000678398783629
15251000000,0.000521442034333
15261000000,0.000387115091272
15264000000,0.000273720709622
15280000000,-0.000565726964384
15294000000,-0.000596184783506
15299000000,-0.00228812956574
15311000000,-0.0021752400655
15321000000,-0.00203653612491
15330000000,-0.00188082274525
15341000000,-0.00340933267591
15350000000,-0.00313585182114
15360000000,-0.00284943909129
15371000000,-0.0025592301135
15382000000,-0.00520796042298
15390000000,-0.00473885177066
15401000000,-0.00426239694352
15410000000,-0.00765020323835
15420000000,-0.00696041544576
15428000000,-0.00625994748614
15439000000,-0.00556678590615
15448000000,-0.00489462364109
15459000000,-0.00425386362838
15469000000,-0.00827882559329
15482000000,-0.00745585708848
15491000000,-0.00663847323121
15501000000,-0.00584395773663
15512000000,-0.0105184946387
15520000000,-0.00945016742551
15531000000,-0.00839529709715
15541000000,-0.0132103219728
15552000000,-0.0119206893974
15559000000,-0.0106366519543
15566000000,-0.00938526764399
15575000000,-0.008187657404
15591000000,-0.0133880027049
15599000000,-0.0119261545294
15609000000,-0.0105063504291
15621000000,-0.0091511627597
15630000000,-0.0145550013354
15640000000,-0.0129457703901
15643000000,-0.0113867307044
15654000000,-0.00990221564773
15666000000,-0.0154664520586
15682000000,-0.0137234391206
15691000000,-0.0120420026605
15701000000,-0.0174774343421
15708000000,-0.0155171551125
15720000000,-0.0136243660661
15729000000,-0.0118270310081
15742000000,-0.0170706354674
15751000000,-0.0151205215281
15761000000,-0.0132447303328
15769000000,-0.0183531594347
15777000000,-0.0163024281841
15791000000,-0.0143210228769
15800000000,-0.0124389229866
15800000000,-0.0106773165532
15820000000,-0.00905024316843
15830000000,-0.0134163847922
15840000000,-0.0116954006277
15857000000,-0.0100779464531
15860000000,-0.00857909771831
15868000000,-0.0125432893814
15887000000,-0.0109611952934
15904000000,-0.00947092530238
15909000000,-0.00808638627162
15910000000,-0.0110463131734
15919000000,-0.00965902207276
15932000000,-0.0083509994934
15940000000,-0.00984377438174
15952000000,-0.00854715151658
15962000000,-0.00733595259632
15970000000,-0.00621912469497
15981000000,-0.00520171535349
15990000000,-0.0042861474633
16000000000,-0.00463449250917
16008000000,-0.00385246505682
16019000000,-0.00330598909552
16032000000,-0.00267844885676
16039000000,-0.00212682841844
16051000000,0.0547576395962
16061000000,0.0520838041625
16064000000,0.0488128377087
16079000000,0.0451386546807
16080000000,0.0412290265413
16086000000,0.0372214531967
16086000000,0.0537309943694
16120000000,0.0484711561926
16130000000,0.0510827328626
16142000000,0.0455593185952
16151000000,0.0401852670487
16161000000,0.0350484863107
16170000000,0.0302137998791
16182000000,0.0257255759106
16193000000,0.025658727786
16200000000,0.0217098711081
16210000000,0.0181103392324
16220000000,0.0120746431823
16232000000,0.0092524284525
16236000000,0.00689008113288
16247000000,0.00487258563926
16261000000,0.00211941736796
16269000000,0.000773819597664
16276000000,-0.000306084103937
16290000000,-0.00115209872472
16291000000,-0.00179473197018
16306000000,-0.0445406471485
16317000000,-0.0424369562288
16331000000,-0.0398297282269
16340000000,-0.0368850693816
16347000000,-0.0222965207707
16360000000,-0.0197677641189
16368000000,-0.017334167546
16378000000,-0.0150299683153
16387000000,-0.00747467603888
16399000000,-0.00583908489696
16409000000,-0.00442070375304
16416000000,-0.00320550971393
16427000000,-0.00217760948955
16439000000,0.00036612679722
16449000000,0.000959839842579
16460000000,0.00140494232381
16468000000,0.00172304278842
16481000000,0.00436031120202
16488000000,0.00433008490629
16488000000,0.00662758435347
16488000000,0.00628753979092
16488000000,0.00587777957848
16488000000,0.00646032421138
16489000000,0.00591568690327
16547000000,0.00535351468843
16560000000,0.00479019904884
