%time,field.layout.data_offset,field.data0,field.data1
281000000,0,-182.679292814,-182.679466165
320000000,0,-104.353862632,-104.354196657
360000000,0,-74.0228455903,-74.0232702094
400000000,0,-49.9437322074,-49.9442317923
443000000,0,-29.4241771785,-29.4247406247
479000000,0,4.66031871608,4.65964425545
521000000,0,36.6112339561,36.610455091
559000000,0,63.1449288817,63.1440522207
599000000,0,86.4518219738,86.4508582397
639000000,0,106.769589688,106.768550047
679000000,0,114.481848888,114.480747325
718000000,0,121.018225986,121.017070182
751000000,0,106.380210676,106.379006077
799000000,0,93.2926995681,93.2914573162
839000000,0,81.5050107003,81.5037345355
876000000,0,52.0586688727,52.0573611745
920000000,0,25.5153151323,25.5139803662
958000000,0,1.50509451608,1.50373369274
999000000,0,-19.7540975504,-19.7554817949
1039000000,0,-37.3918703135,-37.3932739897
1079000000,0,-46.752800853,-46.7542258295
1119000000,0,-54.3821351207,-54.3835799106
1168000000,0,-49.2063821241,-49.207844866
1199000000,0,-40.8339498565,-40.8354344925
1242000000,0,-34.9937634034,-34.9952633102
1283000000,0,-23.6695496188,-23.6710724028
1317000000,0,-15.4736539485,-15.4751925011
1355000000,0,-6.32072146483,-6.28043150457
1399000000,0,1.86978559596,1.90387087013
1432000000,0,8.84927522839,8.87807321741
1478000000,0,10.849616912,10.7794811806
1519000000,0,12.4901137189,12.430336164
1560000000,0,6.98878133182,6.93778879287
1596000000,0,1.99420791111,1.95067128232
1634000000,0,-2.05384074575,-2.09133443832
1674000000,0,-8.87459030359,-8.90691215456
1717000000,0,-14.9317060781,-14.9594984402
1759000000,0,-20.4322794638,-20.4481611658
1799000000,0,-25.1275757827,-25.141356755
1833000000,0,-29.3123830814,-29.3242917234
1912000000,0,-37.6298051719,-37.6390506482
1939000000,0,-31.4280122404,-31.7858384642
1960000000,0,-26.1627452461,-26.4918711526
1994000000,0,-16.2647963977,-16.5399698147
2035000000,0,-9.70814500683,-9.94757893067
2072000000,0,-10.7739635311,-10.9782795278
2125000000,0,-12.2103462061,-12.3854313459
2159000000,0,-7.72644751127,-7.87597053969
2204000000,0,-3.8611484488,-3.98939292526
2243000000,0,-0.475960075115,-0.58556902073
2288000000,0,-2.11295719134,-2.2063618071
2321000000,0,-4.3211283347,-4.40109659343
2361000000,0,-8.32719851505,-8.39575890158
2398000000,0,-12.2594065147,-12.3178064571
2415000000,0,-15.8002602609,-15.8495109782
2477000000,0,-17.7846977976,-17.8284190745
2520000000,0,-19.9450879455,-19.982694025
2558000000,0,-18.4763955987,-18.5090967432
2602000000,0,-17.0254965391,-17.0539046199
2638000000,0,-15.4811924957,-15.5058599563
2676000000,0,-14.2403327268,-14.2620405575
2720000000,0,-13.071388309,-13.0903080357
2756000000,0,-11.9903284536,-12.0071909717
2794000000,0,-10.512560406,-10.5272586661
2843000000,0,-8.41554042738,-8.42874272834
2881000000,0,-6.12989458602,-6.14157232161
2919000000,0,-4.32921900509,-4.33969565838
2961000000,0,-2.36000122419,-2.3694356188
2996000000,0,-0.597754851496,-0.606278685836
3041000000,0,0.864299829269,0.856531436769
3081000000,0,-0.875773307827,-0.882886064478
3118000000,0,-2.47332307206,-2.47986096763
3158000000,0,-2.98617920176,-2.99217999747
3198000000,0,-3.38251380001,-3.38807849381
3238000000,0,-3.72961970069,-3.73480245915
3280000000,0,-4.66124906444,-4.6660627409
3320000000,0,-5.44467545785,-5.4491883678
3355000000,0,-4.83528197083,-4.83948844404
3400000000,0,-4.2531091125,-4.25705236997
3439000000,0,-3.74560030345,-3.74931410057
3481000000,0,-4.40734155341,-4.4108369156
3513000000,0,-4.97850833849,-4.98183697739
3558000000,0,-3.06497008104,-3.06815611807
3599000000,0,-1.04909378401,-1.05219431172
3641000000,0,0.716389582664,0.713363945705
3679000000,0,0.469092339301,0.511416598095
3722000000,0,0.0698605064272,0.105338861409
3756000000,0,0.180975556915,0.210753787803
3801000000,0,0.308739622371,0.33365900455
3844000000,0,0.420117693692,0.440801376907
3882000000,0,-0.824315894181,-0.807092948436
3920000000,0,-1.95567457074,-1.94141387136
3960000000,0,-1.33173974812,-1.32009144033
3999000000,0,-0.721679120554,-0.712257819666
4032000000,0,-0.286896636646,-0.279062497647
4080000000,0,-0.598579810883,-0.59268125095
4120000000,0,-0.983280531113,-0.978569961234
4159000000,0,0.481411257984,0.484846360422
4202000000,0,3.90009670227,3.90248485176
4240000000,0,6.40601201553,6.40763274343
4279000000,0,5.16499236231,5.16591534492
4324000000,0,3.81050316891,3.81081894535
4360000000,0,1.70563818219,1.70547311307
4400000000,0,-0.234123773152,-0.234684728624
4444000000,0,-0.019747672266,-0.0206559602026
4482000000,0,0.175955666961,0.174793227259
4515000000,0,0.35316741074,0.351774832123
4574000000,0,0.501183126491,0.499598325586
4599000000,0,0.519952183028,0.518200444283
4658000000,0,0.531645172537,0.529768358485
4677000000,0,1.23663792661,1.23465512183
4719000000,0,1.98963954569,1.98757200394
4762000000,0,0.494301852566,0.492170929637
4797000000,0,-0.838790472257,-0.840971166513
4851000000,0,-2.07446479005,-2.07669161876
4881000000,0,-0.887722678289,-0.889996493757
4921000000,0,0.854404213771,0.852090838566
4958000000,0,2.03390479619,2.03153965249
4999000000,0,2.92317706461,2.92076828081
5041000000,0,3.09994417639,3.09746455885
5076000000,0,3.22663040217,3.2240856197
5120000000,0,3.33173720734,3.32913835645
5154000000,0,2.3928957659,2.39018013947
5202000000,0,1.48683797094,1.48401112908
5239000000,0,0.82269286581,0.819784503135
5281000000,0,1.45421731189,1.45117038849
5334000000,0,1.99377247554,1.99061190465
5359000000,0,2.27056061263,2.26731652794
5400000000,0,2.49692247837,2.49360800549
5440000000,0,2.68981533187,2.68644087843
5480000000,0,2.11038236928,2.10700259818
5521000000,0,1.57655350046,1.57317265156
5561000000,0,3.94204358865,3.93868332299
5598000000,0,5.9280726435,5.92472958751
5642000000,0,4.19116201177,4.18786491105
5680000000,0,2.36204622485,2.35879112211
5725000000,0,0.879567145331,0.876346082213
5758000000,0,1.91136656694,1.85058219849
5800000000,0,2.93503042459,2.88281532862
5838000000,0,3.84739815451,3.80282065818
5880000000,0,2.7558225485,2.61977873323
5919000000,0,1.5875767698,1.47125241086
5957000000,0,0.959400641832,0.860282419846
5998000000,0,0.456235860546,0.371393504746
6036000000,0,0.474787872905,0.390121828054
6081000000,0,0.507143442318,0.435739164196
6120000000,0,0.53200350165,0.470788658062
6150000000,0,2.62971036083,2.57712418581
6199000000,0,4.47442975186,4.42902403046
6240000000,0,6.09001548703,6.05089832758
6279000000,0,4.93056563688,4.89674721133
6323000000,0,3.60836181364,3.57905076741
6358000000,0,4.14332452095,4.11799693275
6399000000,0,4.66607265095,4.6438134242
6438000000,0,5.13690253218,5.11740692388
6482000000,0,2.55633525033,2.53918596516
6520000000,0,0.158666613102,0.143562302807
6555000000,0,0.844215020586,0.830775857088
6603000000,0,1.54173697196,1.5296824857
6641000000,0,2.16667442672,2.15586052087
6680000000,0,1.37949589562,1.36890898525
6719000000,0,0.645330220385,0.634897771009
6761000000,0,0.90607832835,0.894244916988
6795000000,0,1.17131153286,1.15820943893
6840000000,0,1.39206453728,1.37790714809
6879000000,0,0.419088820242,0.402191220082
6918000000,0,-0.512343762634,-0.531752848772
6960000000,0,0.250270273142,0.22785395794
7000000000,0,1.0146432621,0.989338507275
7040000000,0,1.64899077693,1.62129794516
7080000000,0,2.52222856192,2.51018354103
7123000000,0,3.31425083823,3.29773746238
7163000000,0,4.55994749085,4.53990017678
7201000000,0,5.63713335531,5.61427830122
7239000000,0,6.60252845047,6.57714973006
7243000000,0,6.35759759528,6.33060644284
7317000000,0,4.42298245485,4.39607540737
7368000000,0,3.38269318687,3.35789005552
7396000000,0,2.56101788966,2.53796980013
7441000000,0,1.82473792827,1.80325543142
7480000000,0,1.77362216613,1.75648342677
7515000000,0,1.75725147352,1.74395676693
7558000000,0,1.0154858894,1.00892924689
7610000000,0,0.182121314673,0.183037165131
7637000000,0,0.583254864348,0.591074435283
7697000000,0,1.07160598032,1.08737822468
7710000000,0,1.56735484952,1.59120021156
7759000000,0,1.0921043581,1.12513203147
7799000000,0,0.538394835594,0.581356689818
7840000000,0,0.0666077856862,0.118038079774
7875000000,0,0.348271352082,0.41083824937
7920000000,0,0.713446679439,0.786041658528
7963000000,0,1.8297588213,1.91398016273
7998000000,0,2.86881911432,2.96272259833
8038000000,0,3.8209153079,3.92368101886
8077000000,0,3.84362702339,3.95543193763
8119000000,0,3.78190745842,3.90229891295
8171000000,0,3.82418851696,3.9526233787
8199000000,0,3.86184687477,3.99700576664
8230000000,0,3.89691122092,4.03835476046
8280000000,0,2.67280751793,2.8193902734
8320000000,0,1.50285123315,1.65407852578
8359000000,0,2.52321140472,2.67796567625
8398000000,0,3.49075050059,3.64848601642
8440000000,0,4.31510219821,4.4753797787
8479000000,0,3.5187657437,3.68065062808
8521000000,0,2.59415870503,2.75741119515
8560000000,0,2.03769490447,2.20129316523
8609000000,0,1.5345821655,1.69845779151
8657000000,0,1.10759111821,1.27170254298
8679000000,0,1.0835650632,1.24698935006
8717000000,0,1.0705390924,1.23333987083
8760000000,0,2.76622287514,2.9276565993
8799000000,0,4.21748822173,4.37777687734
8836000000,0,5.48849435145,5.64778015035
8873000000,0,2.15214485417,2.30974442939
8921000000,0,-0.975762190769,-0.819673875557
8960000000,0,0.308072439062,0.463091956374
9000000000,0,1.52750621892,1.68159358484
9041000000,0,2.56663783327,2.71993085962
9081000000,0,3.38512236475,3.53897216368
9119000000,0,4.09162200271,4.24608663222
9166000000,0,2.77960199545,2.93588506826
9199000000,0,1.64365019416,1.80147761552
9240000000,0,0.625736467563,0.784947136287
9282000000,0,-0.0288345228833,0.131952169161
9319000000,0,-0.598152563094,-0.435974075554
9359000000,0,0.127670861633,0.290814072047
9398000000,0,0.820261330294,0.9842367975
9439000000,0,1.39503868169,1.55970146285
9477000000,0,2.12431996666,2.28803595973
9518000000,0,2.78407876456,2.94690319477
9564000000,0,3.86399294967,4.02411885177
9599000000,0,4.60522821365,4.76348700913
9641000000,0,4.14019606434,4.29433097453
9679000000,0,3.7084872109,3.85917761865
9721000000,0,3.32189277817,3.46949676418
9759000000,0,2.20634156749,2.34808293041
9809000000,0,0.971835181521,1.10713913777
9839000000,0,1.37802562415,1.50824492467
9879000000,0,1.91194777018,2.03596282739
9922000000,0,2.36693434345,2.48566404838
9957000000,0,1.60424561115,1.71477430598
9999000000,0,0.882273022651,0.985469652371
10047000000,0,0.269482991575,0.3664562985
10079000000,0,2.7840757172,2.87200387524
10118000000,0,4.84427871367,4.92495004311
10164000000,0,4.45480550717,4.47095979581
10199000000,0,4.07471535627,4.09091880438
10240000000,0,3.72240216037,3.73865109979
10278000000,0,5.0333775821,5.04591369487
10323000000,0,6.19568553528,6.20496814196
10360000000,0,5.66784985014,5.67246950401
10395000000,0,4.97279242139,4.97233497513
10440000000,0,4.45109387132,4.44682563771
10480000000,0,2.55772742449,2.54649050853
10521000000,0,0.883447439387,0.866128137127
10560000000,0,0.608436446085,0.584057271135
10596000000,0,0.452883103824,0.422153005353
10641000000,0,0.323391028009,0.287374067015
10680000000,0,1.72647824807,1.68274808598
10715000000,0,3.13956618482,3.08863099154
10758000000,0,4.67155591062,4.61310963166
10799000000,0,6.1075715117,6.04209649132
10840000000,0,7.2989666752,7.22766022618
10878000000,0,7.77583311502,7.69634960117
10919000000,0,8.06983748262,7.9838757685
10949000000,0,4.62904114586,4.60838294828
10998000000,0,2.57829022049,2.54325165369
11044000000,0,0.20513574568,0.153456030326
11076000000,0,0.354545167406,0.28787666599
11114000000,0,0.818487205453,0.738511876297
11160000000,0,1.64235726946,1.54810490895
11199000000,0,2.36486479711,2.25881828408
11239000000,0,2.99471027735,2.87838222088
11280000000,0,3.05163325412,2.92394232685
11321000000,0,3.07694037243,2.93965599083
11352000000,0,3.00551239397,2.85851781443
11399000000,0,2.9285217951,2.77202919286
11439000000,0,4.42593656106,4.26013646042
11474000000,0,5.73879077845,5.56501620442
11519000000,0,6.83168906337,6.65127606042
11557000000,0,6.67271344408,6.48413737804
11605000000,0,6.46247975685,6.26606600067
11643000000,0,5.31421397264,5.10935327723
11679000000,0,4.27244679502,4.06119594149
11719000000,0,3.32911445217,3.11207723551
11760000000,0,1.68784458816,1.4824378187
11801000000,0,0.269973029777,0.0549972394597
11843000000,0,-0.966055649317,-1.18937322774
11878000000,0,-2.01986216111,-2.25225663932
11919000000,0,-2.9950271913,-3.23592182836
11959000000,0,-2.66009310959,-2.90881508097
12000000000,0,-1.04757476682,-1.30401498814
12039000000,0,0.29025746047,0.027413763365
12082000000,0,4.43308264025,4.16170781049
12120000000,0,7.68673021014,7.40872171289
12170000000,0,8.51455948117,8.22873929493
12191000000,0,9.00250248795,8.71169665958
12239000000,0,9.67106631646,9.37342889447
12282000000,0,8.34061345218,8.00740662533
12322000000,0,7.11977045614,6.75475578888
12354000000,0,5.46421789962,5.06393612177
12398000000,0,4.19928335011,3.77225363079
12439000000,0,3.08536853471,2.63479533676
12476000000,0,0.769400972206,0.29560220864
12519000000,0,-1.42592446976,-1.92120213183
12562000000,0,-1.36550393748,-1.87770248602
12601000000,0,-1.2210547269,-1.74812104559
12641000000,0,0.538935119329,0.000748821832417
12681000000,0,2.36974055243,1.82295338456
12718000000,0,4.00971690392,3.45524581172
12761000000,0,4.59507622585,4.03702725544
12800000000,0,5.02554011769,4.4647206628
12841000000,0,5.39392624045,4.83073653189
12880000000,0,5.41511901593,4.85209118824
12920000000,0,5.38664783708,4.82408249473
12963000000,0,3.69019435456,3.12980034283
12999000000,0,2.20504814116,1.64654636528
13040000000,0,0.93949012502,0.382600771092
13092000000,0,-0.422446565647,-0.976426789432
13117000000,0,-1.58971505703,-2.14118006497
13166000000,0,-2.22087756838,-2.76906674922
13198000000,0,-2.76229710808,-3.30760324474
13238000000,0,-3.19069708248,-3.73372205347
13275000000,0,-2.18601340393,-2.72638547164
13323000000,0,0.316624365248,-0.220718609809
13357000000,0,1.86370575452,1.32897470924
13399000000,0,3.48511347447,2.95327398699
13439000000,0,4.8257464242,4.29629820091
13480000000,0,4.82110811148,4.2944265571
13518000000,0,4.78916269794,4.26498132287
13563000000,0,4.74748145142,4.22606919472
13600000000,0,4.71304085492,4.19390216814
13640000000,0,4.68287964873,4.16573216134
13663000000,0,3.77170394911,3.25696850591
13719000000,0,2.95227237345,2.439627189
13742000000,0,3.45641342901,2.94616147406
13798000000,0,3.93785419774,3.42953468272
13838000000,0,4.38145595264,3.87491691813
13879000000,0,3.74687298665,3.21811908465
13922000000,0,3.15745174272,2.63416529938
13970000000,0,2.55286678975,2.0348148989
14014000000,0,2.035254265,1.52167656996
14045000000,0,1.594173852,1.08440881335
14080000000,0,1.06463108485,0.558786060507
14107000000,0,0.601892616497,0.099438187644
14164000000,0,0.631437014447,0.132537837884
14200000000,0,0.660080522605,0.163659531856
14243000000,0,0.694195667252,0.200726271189
14286000000,0,2.05749466475,1.56677565643
14324000000,0,3.38690925088,2.89870603799
14360000000,0,2.60882218837,2.12319637543
14395000000,0,1.83868822769,1.3552021122
14445000000,0,1.0757579415,0.594391508715
14472000000,0,2.26739336331,1.78844835047
14517000000,0,3.35348182326,2.876539486
14561000000,0,3.05221642393,2.60774848619
14600000000,0,2.73425317385,2.28732176301
14640000000,0,2.45578455082,2.0066956105
14678000000,0,2.57520243461,2.1246487689
14717000000,0,2.99431995074,2.54288811704
14766000000,0,2.5169075645,2.0654084383
14798000000,0,2.09875184848,1.64721181288
14838000000,0,1.71346112374,1.26188339457
14879000000,0,1.61416818293,1.16323428736
14897000000,0,1.55071249969,1.10041064231
14960000000,0,1.96026765455,1.51111347137
14997000000,0,2.3201967089,1.87203524614
15040000000,0,2.62690794776,2.17959242684
15081000000,0,2.97852075657,2.53269853524
15119000000,0,3.2585404831,2.81391604473
15159000000,0,2.94264688959,2.49969287622
15195000000,0,2.60770780898,2.1662720102
15240000000,0,2.32982302152,1.88964681617
15279000000,0,3.08608164893,2.64765243174
15318000000,0,3.82625979422,3.38941563438
15360000000,0,2.61744324021,2.18257042578
15400000000,0,1.49806847349,1.06490566205
15450000000,0,0.54420022634,0.11249457339
15479000000,0,1.10060566666,0.670858962805
15520000000,0,1.68345171636,1.25535814489
15560000000,0,1.63786878253,1.21183719134
15599000000,0,1.54697265404,1.12266746249
15640000000,0,1.46736684745,1.04457362211
15681000000,0,1.53422850961,1.11316193286
15720000000,0,1.67408086551,1.2547552715
15757000000,0,2.61008377629,2.19279285938
15800000000,0,3.4666034955,3.05111366682
15837000000,0,4.17721840405,3.76322285892
15881000000,0,3.11856429913,2.70637296862
15920000000,0,1.83262194826,1.42209050382
15962000000,0,2.70524026835,2.29657453694
15999000000,0,3.5607545688,3.15382178754
16038000000,0,4.28686516379,3.88140321243
16080000000,0,3.25299184207,2.84926208652
16119000000,0,2.12180584117,1.71966831767
16158000000,0,3.18351647112,2.78338906918
16200000000,0,4.15884600247,3.76041507513
16242000000,0,4.98996701733,4.59298167972
16283000000,0,3.74705756804,3.35204492354
16322000000,0,2.60317645991,2.20981208347
16360000000,0,1.9620289147,1.5706682484
16404000000,0,1.40892025139,1.01932918413
16440000000,0,0.937592269435,0.54950915836
16482000000,0,0.561621908498,0.175508306844
16488000000,0,0.235832503984,-0.148511810781
16545000000,0,0.515200626111,0.13293539703
