%time,field0,field1,field2,field3,field4,field5,field6,field7
536000000,-0.0179440530048,-0.120133056683,-0.0610735878142,-0.0575638017559,0.00157777316807,-41.4573086231,2.78908167417e-19,-0.0136968981176
578000000,-0.0178169866861,-0.120550499947,-0.0610691369213,-0.0579269182388,0.00123793989247,-41.4513879787,2.78866355755e-19,-0.0137007878341
617000000,-0.0177158614702,-0.120882870147,-0.0610654809264,-0.0582231353125,0.000968078488054,-41.44673677,2.78833106262e-19,-0.0137044442598
645000000,-0.0176541346012,-0.121085657293,-0.0610632853995,-0.0584015969919,0.000803618506538,-41.4439312664,2.7881279588e-19,-0.0137077533635
690000000,-0.0176205789404,-0.121195765138,-0.0610621568295,-0.0584944276801,0.000714335029164,-41.4424250975,2.78801733264e-19,-0.0137111711921
731000000,-0.0176013003143,-0.121258922649,-0.0610615632088,-0.0585442407794,0.000663060159475,-41.4415661509,2.78795360798e-19,-0.0137152575685
789000000,-0.0175943066632,-0.121281639133,-0.0610614510947,-0.0585556382785,0.000644474753092,-41.4412609223,2.78793021789e-19,-0.0137201141438
808000000,-0.017590431505,-0.121294107615,-0.0610614510623,-0.0585579130216,0.000634166463895,-41.44109113,2.78791712606e-19,-0.0137258957952
851000000,-0.0175742744136,-0.121347114667,-0.0610609232581,-0.0586016442011,0.000590998624109,-41.4403469408,2.78786382973e-19,-0.0137330350105
886000000,-0.0175617759743,-0.121388094094,-0.0610605401663,-0.0586339157067,0.000557430528514,-41.4397556299,2.78782251119e-19,-0.0137409773568
930000000,-0.0175483933239,-0.121432009568,-0.0610601109473,-0.0586697092451,0.000521484996164,-41.439122044,2.78777831035e-19,-0.0137496223308
971000000,-0.0134293246865,-0.0925523703345,-0.0465997510779,-0.0446865247243,0.000570224281141,-31.6257092646,2.12761653591e-19,-0.0105068076418
1005000000,-0.00589170679725,-0.039588270596,-0.0200991429369,-0.0190293240752,0.000619016642138,-13.6414742424,9.17823956412e-20,-0.00455640925431
1052000000,0.00389650846715,0.0292400502915,0.0143309244831,0.0143186300466,0.000668469385048,9.72388501114,-6.53942434609e-20,0.0031772650998
1096000000,0.0141170933009,0.101162535076,0.0502999758169,0.0491738531492,0.000727299954778,34.1335626174,-2.29595492216e-19,0.0112573836474
1127000000,0.0171791342439,0.122632819892,0.0610491791541,0.0595712580114,0.000396845628591,41.4288955151,-2.78656411856e-19,0.0136662426952
1181000000,0.0171853881195,0.122612276651,0.0610493608855,0.0595555841219,0.000379597815383,41.4292349339,-2.78658487154e-19,0.0136579299497
1205000000,0.0171904766783,0.122595564257,0.0610494997383,0.0595433740205,0.000365450119599,41.4295220738,-2.78660179061e-19,0.0136507120943
1251000000,0.0171956758262,0.122578475939,0.0610496481395,0.0595304704522,0.000350997212143,41.4298150355,-2.78661906655e-19,0.0136445979382
1290000000,0.0171996635689,0.122565373341,0.0610497498983,0.0595212966405,0.000339767113054,41.4300532001,-2.78663236707e-19,0.0136398041668
1326000000,0.0172030446749,0.122554266155,0.061049830188,0.0595138766045,0.000330176402106,41.4302614022,-2.78664367059e-19,0.0136372414105
1360000000,0.0172110810687,0.122527713574,0.061050106378,0.0594907262284,0.000307467477629,41.4307493191,-2.786670334e-19,0.0136367829462
1410000000,0.0161490593963,0.115173840525,0.0573489705049,0.0559576704749,-0.00113278174716,38.9208390693,-2.6171961797e-19,0.0128091712829
1463000000,0.014311612173,0.102206417238,0.0508669461132,0.0496767170577,-0.00228423374253,34.5234991155,-2.32090728296e-19,0.011359738567
1478000000,0.0123797357888,0.0885766274794,0.0440641212889,0.0430547365232,0.000763336245963,29.9031342231,-2.01141434898e-19,0.00983708312137
1531000000,0.0104092155854,0.0745492494339,0.037081366244,0.0362222154495,0.00315209250631,25.1615362467,-1.69350830902e-19,0.00827594810013
1569000000,0.00918294124688,0.06604694662,0.0328133940456,0.0321168500425,0.00510808250281,22.262564935,-1.4993207817e-19,0.00732750898141
1607000000,0.00860055327095,0.0620477459602,0.0308010054132,0.030190656786,0.00664903432548,20.8949117403,-1.40796455238e-19,0.00688731853653
1655000000,0.00850388247441,0.0613967245336,0.0304736707145,0.0298769169831,0.00785432474405,20.6712940857,-1.39343127137e-19,0.00682667186838
1691000000,0.00913568917491,0.0658352467315,0.032697000249,0.0320244678731,0.00879193762125,22.1789868266,-1.4952519248e-19,0.00734011218459
1733000000,0.0103511532083,0.074378169478,0.0369728795278,0.0361611960304,0.00951555498762,25.0798438993,-1.69069839598e-19,0.00831532918824
1771000000,0.0120441205396,0.0862850633367,0.042929352052,0.041930466444,0.0097976999777,29.1217319705,-1.96271134689e-19,0.00966865171435
1813000000,0.0140950238996,0.100742057219,0.050155812449,0.0489407706873,0.010001880902,34.0255223128,-2.29266545763e-19,0.0113071848807
1887000000,0.0164315454146,0.117189104162,0.0583805744603,0.0569122366183,0.0101294867909,39.606887676,-2.66816983948e-19,0.0131693525426
1930000000,0.017217937466,0.122506560202,0.0610498868087,0.0595020366306,0.000293625591697,41.4305732831,-2.78669408285e-19,0.0137887765299
1946000000,0.0172220607582,0.122493789857,0.0610500581692,0.059490894278,0.000289250609492,41.4301080286,-2.78670694492e-19,0.0137971926403
1957000000,0.0170539890064,0.123049614385,0.0610430553884,0.0600505118116,0.000748037947446,41.421593029,-2.78615212402e-19,0.0138067238815
2009000000,0.0171134074323,0.122854481128,0.0610455578132,0.0598561174627,0.000595851648957,41.4237310636,-2.78634567164e-19,0.0137962191137
2058000000,0.0170783157686,0.122969956112,0.0610440567938,0.0599734998578,0.000686554355601,41.4224436478,-2.78623057159e-19,0.0137774926031
2090000000,0.0170755567883,0.12297888062,0.0610439162602,0.0599838595682,0.000691784586734,41.4225558733,-2.78622140991e-19,0.0137466246925
2132000000,0.0171097215481,0.122866159515,0.0610453356456,0.0598714642305,0.000600126222755,41.4241658395,-2.78633354117e-19,0.0137052998014
2180000000,0.0171219591866,0.122825710549,0.0610458382616,0.0598312942319,0.000566669531458,41.4247995578,-2.78637384077e-19,0.0136548943915
2227000000,0.0169564758728,0.121771203012,0.0605075842029,0.0593257885238,0.00333260536777,41.0561270671,-2.76272916294e-19,0.0134728626899
2259000000,0.0165750529169,0.119023389915,0.0591496354312,0.057973606003,0.00555067229323,40.1321212704,-2.70151612487e-19,0.0130982343249
2290000000,0.0163306553978,0.117295965905,0.0582917376106,0.0571273534168,0.00735868052909,39.5479935314,-2.66297785779e-19,0.01283006489
2334000000,0.0162624804716,0.116774546218,0.0580416819544,0.0568615584193,0.00881660943929,39.3768887384,-2.65207524822e-19,0.0126945979484
2361000000,0.0164812507866,0.118263115594,0.058797641315,0.0575695559497,0.00999094267986,39.8889021846,-2.68700219676e-19,0.0127835995166
2402000000,0.0169621199082,0.121609416489,0.0604798774139,0.0591810785223,0.0109261253669,41.0298370392,-2.76412901135e-19,0.0130815575293
2455000000,0.0171457437888,0.122745169163,0.0610466679776,0.0597566644647,0.000483471270981,41.4278547276,-2.78645385429e-19,0.0131438176781
2484000000,0.0171490144691,0.122733860325,0.0610467713701,0.0597463499668,0.000470007421691,41.4284731626,-2.78646509842e-19,0.0130732781093
2529000000,0.0171514477118,0.122725287345,0.0610468392061,0.0597387562634,0.000458563037833,41.4290745241,-2.78647361902e-19,0.0130119181309
2567000000,0.0171520498508,0.122724454399,0.0610468857385,0.0597388802164,0.000466480068388,41.4281662344,-2.78647454489e-19,0.0129611961435
2605000000,0.0170966377951,0.122907248339,0.0610445398243,0.0599238572928,0.00061396794141,41.425692998,-2.78629257962e-19,0.0129264666894
2656000000,0.017074891726,0.122978795711,0.061043602475,0.0599968299129,0.000670158204432,41.4248822442,-2.78622146393e-19,0.0129108682959
2688000000,0.0170680365921,0.12300118576,0.061043287093,0.0600203158038,0.000686532858935,41.4247348916,-2.78619953908e-19,0.0129126946215
2721000000,0.0170662607663,0.123007030928,0.0610431941292,0.0600270512095,0.00069116045794,41.4246420642,-2.7861940671e-19,0.0129334010042
2775000000,0.0170634908937,0.123014510965,0.0610430075863,0.0600354224543,0.000684414549765,41.4258908903,-2.78618679975e-19,0.012966929163
2809000000,0.0171151521412,0.122844855426,0.0610452340572,0.0598632371352,0.000553197396675,41.4276129675,-2.78635525373e-19,0.0130121669883
2843000000,0.0171048115198,0.122879177941,0.0610448535183,0.0598953729837,0.000582781344031,41.4269924887,-2.7863203829e-19,0.0130646391371
2890000000,0.0171282113467,0.122801840959,0.0610458567954,0.0598161254613,0.000519460561142,41.42814726,-2.78639719669e-19,0.0131214760874
2926000000,0.0170588946052,0.122328328168,0.0608071286096,0.0595876479888,0.000657139554159,41.2660984302,-2.77554330432e-19,0.0131320913018
2961000000,0.0169052644918,0.121117625754,0.0602231652034,0.0589787702419,0.000746017560881,40.8698259343,-2.74894424387e-19,0.0130713011239
3011000000,0.0166732019459,0.119301636132,0.059345168444,0.0580683294009,0.000809666244741,40.2740511962,-2.70892633241e-19,0.0129501937694
3052000000,0.0163540567292,0.117102152915,0.0582378099412,0.0570104458746,0.000922714085923,39.5222605617,-2.65840398638e-19,0.0127833078959
3090000000,0.0161387425255,0.115600360315,0.0574845796407,0.0562855078409,0.00102257958833,39.0104030073,-2.62404768809e-19,0.0126994514068
3136000000,0.0159977045284,0.114769464612,0.0570427601682,0.0559101593036,0.00114778611259,38.7101352935,-2.603886035e-19,0.0126881404575
3160000000,0.0159034813038,0.114103095154,0.0567102199152,0.0555871497302,0.00122175190661,38.4843796027,-2.58873236864e-19,0.012701728076
3219000000,0.0158387031168,0.113583588001,0.0564609722818,0.0553253232192,0.00127406848045,38.3152031398,-2.57738684685e-19,0.0127315880592
3255000000,0.0157944298813,0.113204263712,0.056282215671,0.0551306492577,0.00132718482811,38.1930836163,-2.56925510686e-19,0.0127718052158
3279000000,0.0157737116973,0.113229579022,0.0562669236943,0.0551711754625,0.00143039096315,38.1821086403,-2.56855287445e-19,0.0128416195185
3322000000,0.0158078244288,0.113464123808,0.0563851447304,0.0552839244453,0.00148351694655,38.2619847765,-2.57396731627e-19,0.0129318653619
3370000000,0.0158180317617,0.113485728427,0.0564041531752,0.0552862851708,0.00152067573153,38.2745456592,-2.57485700453e-19,0.0129884051496
3405000000,0.0158024370956,0.113323734341,0.056331651831,0.0551995315578,0.00155313038257,38.2249956144,-2.5715680919e-19,0.0130105636961
3443000000,0.0157640259815,0.113010222783,0.0561825522594,0.055040262231,0.00156592467111,38.12533946,-2.56478519737e-19,0.012999801831
3487000000,0.0158018890641,0.112766687276,0.0561443064753,0.0548384680379,0.0014691868393,38.1001484808,-2.5631211627e-19,0.012994394283
3542000000,0.0158203256752,0.112853424645,0.0561947512975,0.0548739626515,0.00149178625263,38.1342901423,-2.56544153147e-19,0.0129931430865
3581000000,0.0157427833044,0.112400337681,0.0559529844788,0.0546703469203,0.00154857162392,37.9698268882,-2.55440251907e-19,0.0129035467487
3601000000,0.0156033783643,0.111280274525,0.0554156837491,0.0541049652402,0.00154152567636,37.6054599347,-2.52990433577e-19,0.0127337004639
3659000000,0.0153770929552,0.109717562103,0.054629194888,0.0533532701616,0.00158218313432,37.071205395,-2.4940056304e-19,0.0125008223165
3683000000,0.0151589293667,0.108281018098,0.0538932603104,0.0526767828826,0.000986553976415,36.573059752,-2.46018853111e-19,0.0122770866622
3724000000,0.0149792168974,0.106942662863,0.0532348339875,0.0520189145292,0.000460168789492,36.1273518777,-2.42997051356e-19,0.0120725525478
3757000000,0.0147969488731,0.105614321544,0.0525769860262,0.0513701728663,3.45127320759e-05,35.6816455036,-2.39980580717e-19,0.0118721334255
3804000000,0.0146053873649,0.104310622736,0.0519169099759,0.0507479256878,-0.000291078580076,35.2341699333,-2.36955323952e-19,0.0116760986617
3847000000,0.0144114949491,0.103015160738,0.0512570994865,0.0501334172553,-0.000545204548567,34.7868026299,-2.33933171494e-19,0.0114860545343
3887000000,0.0142732331888,0.102088075786,0.0507854410434,0.0496933909724,-0.000752823835906,34.467131759,-2.31772046887e-19,0.0113463656154
3921000000,0.0141850738179,0.101484451151,0.0504800806681,0.0494054494945,-0.000914227494121,34.2593355051,-2.30371717598e-19,0.0112521867278
3968000000,0.0140639614599,0.100761617571,0.0500969879562,0.0490780174523,-0.00101491130044,33.9992924098,-2.28616394349e-19,0.0111521660256
4006000000,0.013943467709,0.0998219699565,0.0496418390654,0.0486089839364,-0.00114344560209,33.6909100329,-2.26536367652e-19,0.0110463870865
4046000000,0.0138141723204,0.0987709600219,0.0491394365956,0.0480774472535,-0.00126995999791,33.3513008853,-2.24242353988e-19,0.0109383713911
4084000000,0.0137154566688,0.0977731633545,0.0486897353871,0.0475450768796,-0.00139817727738,33.0462071435,-2.22191721337e-19,0.0108501066274
4145000000,0.0135922415061,0.0970311662755,0.0482980131971,0.0472073465346,-0.00140247334465,32.7800711806,-2.2040056414e-19,0.0107796821359
4163000000,0.0134281752084,0.0958963331615,0.0477271756969,0.0466614777378,-0.00141866305301,32.3926765505,-2.17793749336e-19,0.0106735655112
4206000000,0.0131423894339,0.0939231103212,0.0467341274438,0.0457121825925,-0.00141704806174,31.7187581022,-2.13259719317e-19,0.010476787114
4244000000,0.0127799721402,0.0913380499078,0.0454469781826,0.0444542906702,-0.00142396753931,30.8452848025,-2.07384410041e-19,0.0102177386835
4286000000,0.0124680740953,0.0891176014709,0.0443405867578,0.043374629352,-0.00141703677786,30.0941113784,-2.02334336485e-19,0.0100024631865
4340000000,0.0122030678743,0.0872979321797,0.0434231531525,0.0425012705465,-0.00138799811309,29.4713721595,-1.98146248855e-19,0.00983253427798
4381000000,0.0120245883227,0.0860005042346,0.0427811270406,0.0418666663081,-0.00137722797587,29.0357580161,-1.95216794611e-19,0.00972611309118
4402000000,0.0119073408237,0.0852264355587,0.0423856906182,0.0415008779273,-0.00133805304606,28.7672893087,-1.93411851175e-19,0.00967553240258
4448000000,0.0117951334499,0.0843833298897,0.0419728496751,0.0410840713932,-0.00132232362238,28.4871225415,-1.91529038382e-19,0.00961780393457
4509000000,0.0116738512277,0.0835263965814,0.0415447278099,0.0406689113239,-0.00128649847258,28.1960022527,-1.89575684631e-19,0.00955296418682
4522000000,0.0115373079728,0.0826824697305,0.0411035916494,0.0402796391324,-0.00122259101843,27.8963565965,-1.87561493519e-19,0.00948058679838
4576000000,0.0114035582294,0.0818036525822,0.0406539144806,0.039864399073,-0.00117079843053,27.5909474711,-1.85509041484e-19,0.00940177054534
4604000000,0.0112829918267,0.0809000469205,0.0402110611613,0.03941751895,-0.0011475094199,27.2902657745,-1.83489331364e-19,0.0093175949374
4662000000,0.0111619704249,0.0800183772188,0.0397750735817,0.0389853251188,-0.00111730936148,26.9942161127,-1.81500646065e-19,0.00922787631305
4680000000,0.0110209467081,0.0789926701225,0.0392675915991,0.0384828158859,-0.0010876408756,26.6496620195,-1.79185648491e-19,0.00911335732148
4738000000,0.0108591656844,0.0778154038608,0.0386852160581,0.0379060136971,-0.00105934745988,26.2543061327,-1.76528850734e-19,0.00897188929974
4774000000,0.0107482787122,0.0769881883004,0.0382792330495,0.0374975359725,-0.00103344308512,25.9786913449,-1.74677393674e-19,0.00886020182741
4806000000,0.0106814156835,0.0764673217414,0.0380270333859,0.037236953219,-0.00100897767604,25.8074796921,-1.73528011414e-19,0.00877322080835
4862000000,0.0106509229115,0.0762347698401,0.0379137453255,0.0371214401357,-0.000976925451662,25.7305368227,-1.73012364583e-19,0.00870601868477
4894000000,0.0105881396165,0.0757385240256,0.0376745556416,0.0368721049166,-0.000954544200325,25.5682435538,-1.71922443566e-19,0.00859920041964
4931000000,0.0104739092697,0.0748769915569,0.037253232941,0.0364452056605,-0.000933506919082,25.2823993271,-1.70001146807e-19,0.00844039040088
4966000000,0.0103223645866,0.0737926760283,0.0367140091944,0.035916907686,-0.000902790893296,24.9165448221,-1.67541144535e-19,0.00824598667632
5027000000,0.010148970092,0.0725322367657,0.0360906583429,0.0352992205703,-0.000885733729715,24.4944653276,-1.64697614441e-19,0.00802496144475
5051000000,0.00992399191521,0.0714203009258,0.0354575447828,0.034838539178,-0.000728465167917,24.0642790171,-1.61802096582e-19,0.00779837975594
5087000000,0.00976460709617,0.0700849892654,0.0348248035544,0.0341553026328,-0.000745450957571,23.6350960678,-1.58917666772e-19,0.00756268914959
5120000000,0.0095740201697,0.0688522433325,0.0341906439155,0.0335750295982,-0.000679338684655,23.2044946435,-1.56022409281e-19,0.00732625418199
5164000000,0.00941983767453,0.0678094047545,0.0336626791744,0.0330755505682,-0.000639765520184,22.8471408731,-1.53613126637e-19,0.00711988282661
5218000000,0.00931900507778,0.0668849495248,0.0332358068762,0.0325911729242,-0.000660524449795,22.5582136021,-1.51668790404e-19,0.00694614929449
5248000000,0.00922579762482,0.0661509890202,0.0328817785761,0.0322221252979,-0.000644849101621,22.3184361615,-1.50055200549e-19,0.00680041114359
5287000000,0.00910958115558,0.0653280166119,0.0324706865125,0.0318229231042,-0.00059269443356,22.0381000113,-1.4817971191e-19,0.00665719413629
5326000000,0.00894864178197,0.0645149124371,0.0320118092706,0.0314825412791,-0.000468081634049,21.7261297997,-1.46081962414e-19,0.00652365044747
5363000000,0.00880815149215,0.0635761540453,0.0315343283618,0.0310361485209,-0.000415633862951,21.4022076866,-1.43903047063e-19,0.00640853203568
5407000000,0.00867566222276,0.0625689335876,0.0310430190541,0.0305357882511,-0.00039487269192,21.0690121964,-1.41662723222e-19,0.00631151146804
5453000000,0.00853980258458,0.0615412882743,0.0305409201474,0.0300260247282,-0.000372299847075,20.7283577172,-1.39373093082e-19,0.00623009557181
5499000000,0.00841756146338,0.06065278438,0.0301016579701,0.0295904473672,-0.000348513415609,20.4312498139,-1.37369941539e-19,0.00617650030159
5531000000,0.00825094371909,0.0600811607779,0.0297172508484,0.0294131342206,-0.000146536058707,20.1688581327,-1.35607744928e-19,0.00614603668434
5559000000,0.00809323815767,0.0588451613951,0.0291197046755,0.0287935002546,-0.000135349219969,19.763088101,-1.32882775572e-19,0.00606642817306
5598000000,0.00786011537156,0.057341002631,0.0283453083909,0.0280874627821,-6.37996224686e-05,19.2375919319,-1.29347111332e-19,0.00594960285857
5646000000,0.00769629318537,0.0561140029982,0.0277439474569,0.0274806302524,-4.66498155501e-05,18.8297068556,-1.26604176321e-19,0.0058753128542
5681000000,0.0075855950571,0.0552310333686,0.0273194645105,0.0270356162006,-3.68304719811e-05,18.5417269212,-1.24669071066e-19,0.00584392695955
5725000000,0.00751087723178,0.054644332445,0.0270360633455,0.0267413876673,-1.60675583744e-05,18.3493245014,-1.23377390973e-19,0.00584668144859
5765000000,0.00740670023148,0.0539013840909,0.0266674219841,0.0263775477559,0.000520063153547,18.0982726818,-1.21713084437e-19,0.00583058497828
5803000000,0.00727929341554,0.0529800827908,0.0262118722117,0.0259251204717,0.000968479773025,17.7885384476,-1.19649472461e-19,0.0057930619497
5843000000,0.00712760525903,0.0519188760983,0.0256811089048,0.0254103624598,0.00135228558126,17.4278219821,-1.17239624174e-19,0.00573457313596
5886000000,0.00700580407872,0.051078150359,0.0252606639344,0.0250006861518,0.00252071058243,17.1402190442,-1.15359590076e-19,0.00569402499287
5933000000,0.00691056268079,0.0504654694681,0.024947254994,0.024708983462,0.00351049531768,16.925995229,-1.1396142592e-19,0.0056689688762
5974000000,0.00683699631299,0.0499528846591,0.0246921023111,0.0244578207184,0.00432733567258,16.7516520785,-1.12824480384e-19,0.00564703575796
6011000000,0.00677898196358,0.04952565398,0.0244832403848,0.0242446520965,0.00500709133613,16.6089164353,-1.118946925e-19,0.00562372942942
6043000000,0.00672189607195,0.049099387713,0.0242757373744,0.02403108835,0.0056743637239,16.4671048708,-1.10970799675e-19,0.00558944554928
6088000000,0.00666391530612,0.0486730956702,0.0240674224953,0.0238185406634,0.00621014209799,16.3263762075,-1.10039461846e-19,0.00553989624763
6129000000,0.00662915833976,0.0481725782468,0.0238602360946,0.0235315999514,0.00660511142951,16.1856768537,-1.09113136971e-19,0.00547548592293
6169000000,0.00652237283171,0.0473992783988,0.0234780104291,0.0231516741625,0.00698707245663,15.9256633837,-1.07381814267e-19,0.00535315504517
6207000000,0.00636373375391,0.0463588850474,0.0229460763064,0.0226587712702,0.0073301639331,15.5641258202,-1.04963552597e-19,0.00518440612274
6252000000,0.00617125844838,0.0450568290498,0.0222870317687,0.0220353998598,0.00761165318621,15.1165432501,-1.01963480054e-19,0.00497868043423
6285000000,0.00601215511556,0.0439506951818,0.0217322473395,0.0215007157915,0.00783681753853,14.7398843997,-9.94383656052e-20,0.00479355878034
6339000000,0.00588821358036,0.0430677223688,0.021292937147,0.0210706925665,0.00801711598875,14.4416800614,-9.74394525844e-20,0.00463651585936
6376000000,0.00576758686286,0.0420627105694,0.0208163120428,0.0205576782399,0.00812628359639,14.1183693081,-9.52711581324e-20,0.00447582553763
6405000000,0.00563565622324,0.0409892708152,0.020303549161,0.0200134588343,0.00821352486326,13.7704148247,-9.29369008199e-20,0.00431410526028
6445000000,0.00547108388879,0.0399310249487,0.0197585787188,0.0195168311651,0.00833149942809,13.4013061742,-9.04515977983e-20,0.00415636667816
6485000000,0.00538769240805,0.0392310145273,0.0194271888701,0.0191586964595,0.0083863737441,13.1762960941,-8.89432537671e-20,0.00405449470611
6531000000,0.00533855350695,0.0389879323651,0.0192889940225,0.0190578703901,0.00847831822065,13.0823346254,-8.83133105213e-20,0.00400484362312
6565000000,0.00527431856328,0.0386411250438,0.0190985624902,0.0189028054657,0.00855505905342,12.9530580206,-0.1,-0.0160473491572
6609000000,0.00531306771065,0.0377881730455,0.0188656287796,0.017990367528,0.00829533982828,12.7918675411,-0.1,-0.0361331770605
6654000000,0.00522092231491,0.0372203630634,0.0185871750417,0.0171057511521,0.00832467007922,12.5942122761,-0.1,-0.0562558156174
6691000000,0.00504115061753,0.0371202308984,0.0183725513918,0.0163896855027,0.00861371517757,12.4369939555,-0.1,-0.0763643491947
6717000000,0.00482061911019,0.0373242253975,0.0182166275493,0.0157990113541,0.00906005198731,12.316752774,-0.1,-0.0964042105388
6776000000,0.00458887750953,0.0375186385995,0.0180393427429,0.0154222259807,0.00952332554258,12.1873083318,-0.1,-0.116283646106
6801000000,0.00438322046872,0.0375805279471,0.0178436916762,0.0150507111524,0.00993194025544,12.0465341959,-0.1,-0.13584041471
6846000000,0.00425764203101,0.0373501450326,0.0176308703531,0.0148035247677,0.0101193233645,11.9038027572,-0.1,-0.154939079115
6887000000,0.00417030297362,0.03721762329,0.0174945963759,0.0145624750953,0.0103097759374,11.810218187,-0.1,-0.173355530068
6930000000,0.00419935402425,0.0369310796539,0.0174242147177,0.0146613580872,0.0102696571235,11.7728785205,-0.1,-0.191055503976
6970000000,0.00415714222294,0.0367089619705,0.0173001707734,0.0146326620347,0.0104090314435,11.6922933079,-0.1,-0.20779182745
7013000000,0.00420642949663,0.036054072942,0.0171154257037,0.0148903095832,0.0103261138837,11.5801874854,-0.1,-0.22355339594
7040000000,0.00423521241889,0.0353350803863,0.0168859491792,0.015140986991,0.0102525456228,11.440216106,-0.1,-0.238217257382
7091000000,0.00422801439808,0.034552217228,0.0165970774639,0.0152116042575,0.0101435187581,11.2532388942,-0.1,-0.251757146005
7119000000,0.00432239457207,0.0332945538634,0.0162503409676,0.0154172385492,0.00972614753146,11.0412205253,-0.1,-0.26415897796
7172000000,0.00423500054195,0.0323551254107,0.0158263073,0.0151379503446,0.00974790327738,10.7569514777,-0.1,-0.27531583387
7211000000,0.00437358619428,0.0304984624371,0.0153240659176,0.0150427640356,0.00913319217457,10.4414837189,-0.1,-0.285367928578
7243000000,0.00425483156443,0.0292604342372,0.0147684488191,0.0144393420134,0.0091248542219,10.0669093004,-0.1,-0.294277820573
7300000000,0.0047074756465,0.0262321761207,0.0142474149624,0.0127752440791,0.00759644589714,9.73852563087,-0.1,-0.301948277606
7324000000,0.0046987414779,0.0251432720587,0.0138507374159,0.01270977135,0.00743957951991,9.47791696257,-0.1,-0.308725214162
7370000000,0.00457412353548,0.0246283965358,0.0135358967524,0.0124573377591,0.00752589168723,9.26668586486,-0.1,-0.314502545744
7402000000,0.00444598829421,0.0242936538644,0.0132838703562,0.0121145025221,0.00761348058602,9.09562977666,-0.1,-0.319357784208
7443000000,0.00427777677201,0.0242436708906,0.0130855583198,0.011858263986,0.00781701308555,8.9559444616,-6.02355075177e-20,-0.303403544058
7484000000,0.00470167507747,0.0223653832662,0.0128772651435,0.0122694439276,0.0065405352512,8.85067727956,-5.9480482e-20,-0.286677918723
7521000000,0.00502551399884,0.0208029697665,0.0126775967468,0.0123882946955,0.00545813272188,8.73976389235,-5.87087440106e-20,-0.269276015931
7598000000,0.00537184285471,0.0193054999991,0.0125332401096,0.0123183833436,0.00421775109378,8.66820951926,-5.817642399e-20,-0.251254694556
7620000000,0.00577031719446,0.0177383194408,0.0124691104367,0.0107501874029,0.00266356902214,8.63779715086,-5.79285284465e-20,-0.232670398423
7646000000,0.00556484857518,0.0180727617144,0.0123644768477,0.010477127874,0.00269028796501,8.55097648523,-5.73644706988e-20,-0.213927103871
7737000000,0.00532582085318,0.0184327561402,0.0122229888898,0.0105110145015,0.00268008040105,8.44470327806,-5.66417856742e-20,-0.195111585367
7741000000,0.00485009862401,0.0194597757429,0.0120468676045,0.010834484172,0.00312544876298,8.3103177194,-5.56984491677e-20,-0.176462638433
7776000000,0.0040621536223,0.0216029687742,0.0118966781333,0.0118577644636,0.00434522034395,8.18108259213,-5.47956064796e-20,-0.158068553865
7803000000,0.00391303949969,0.0217640084388,0.0118024293387,0.0112978987589,0.00380569327095,8.10492440907,-5.42654573145e-20,-0.140202844248
7846000000,0.00385949409289,0.0217300374699,0.0117338211397,0.01109746662,0.00300314217746,8.05267037871,-5.38990041037e-20,-0.123012034461
7890000000,0.00376380247858,0.0217629594676,0.0116500538605,0.0106817780894,0.00212770028637,7.9902323451,-5.34379037772e-20,-0.106614360255
7937000000,0.00367695071016,0.0216998909203,0.0115457875264,0.0100734892785,0.0011648158867,7.9067139022,-5.28738440295e-20,-0.0911156997968
7963000000,0.00359960324624,0.021407846876,0.0113652312114,0.00969853831939,-8.78467030028e-06,7.78261221927,-5.19883442045e-20,-0.0767069236965
8016000000,0.00350480104348,0.0209799136448,0.0111234198297,0.00903183537166,-0.00122379077219,7.60773977956,-5.08055490172e-20,-0.0633850957466
8044000000,0.00340761996648,0.0204008435043,0.0108172357954,0.00867630249686,-0.00257815648185,7.39999396797,-4.93546339048e-20,-0.0512516884757
8096000000,0.00334279238738,0.0197216646425,0.0105146130448,0.00816264379841,-0.00405053978645,7.18984520165,-4.79176581361e-20,-0.0403134223946
8122000000,0.00327376706664,0.0190820634181,0.0102146455608,0.00790332069272,-0.00559452717661,6.98805169277,-4.65041214204e-20,-0.030591421231
8158000000,0.00321888930569,0.0183972536695,0.00991545287686,0.00758369245073,-0.00722104148996,6.78508481029,-4.50931348617e-20,-0.0220729812137
8200000000,0.00316630865607,0.0177101928937,0.00961555166809,0.00733484418684,-0.00889544309172,6.58276486742,-4.36813270113e-20,-0.0146619300524
8245000000,0.00311688440256,0.0170120279863,0.0093159610192,0.00708659106452,-0.0106479052774,6.3837509407,-4.22712888282e-20,-0.00840356840693
8281000000,0.00291003820114,0.017068601626,0.00908750026153,0.00750443489323,-0.0119152856848,6.22691913081,-4.11555538241e-20,-0.00305794930365
8343000000,0.00293263093716,0.0165763079061,0.00894089575346,0.00729760596298,-0.0138305539695,6.13468014108,-4.04457266904e-20,0.00138433875343
8365000000,0.00292866970272,0.0159983577387,0.0087334056436,0.00705027004971,-0.0156880403777,5.99546914344,-3.9453249096e-20,0.00493040883103
8407000000,0.00284264098343,0.0155175510979,0.00846660796657,0.00693048626587,-0.017434468801,5.81967247409,-3.81797284496e-20,0.0076931577358
8453000000,0.00278601302909,0.0148036619701,0.00815450913629,0.00661530469053,-0.0192763684697,5.61070437888,-3.67039469713e-20,0.00978116867403
8486000000,0.00268079703282,0.0143952607464,0.00789104804638,0.00652024795496,-0.0209787158148,5.43592954544,-3.54395679249e-20,0.0112790912815
8529000000,0.00261098979614,0.0140414335798,0.00768629653565,0.00641281637323,-0.0227141720979,5.29953937306,-3.444489691e-20,0.0122444872004
8579000000,0.00252503380308,0.0138417244771,0.00751586918953,0.00639958679436,-0.0243839026959,5.18694332235,-3.3601982109e-20,0.0127626655851
8608000000,0.0024552813645,0.013680305634,0.00737727078021,0.00638326578817,-0.0260644305612,5.0960541169,-3.29051062671e-20,0.012883156202
8650000000,0.00239290411216,0.0135725638528,0.00726531813581,0.00638245529146,-0.0277274975334,5.02246996557,-3.23292885854e-20,0.0126708045805
8697000000,0.00231497984521,0.0135209246516,0.00715531552514,0.00642271176934,-0.029346909807,4.95143387388,-3.17603026992e-20,0.0121834993448
8740000000,0.00225685684128,0.0134105922549,0.00704793794134,0.0064037500983,-0.0309883068448,4.88129210568,-3.12064344567e-20,0.0114699242093
8762000000,0.00215154886711,0.0131679404425,0.00684244050506,0.00634309522488,-0.0325670185417,4.74524367711,-3.02023468868e-20,0.0105556652547
8808000000,0.00204096633695,0.0127029767187,0.00655577690761,0.0061466242198,-0.034164649518,4.55372326654,-2.88308040535e-20,0.00948979123536
8859000000,0.00196683941163,0.0119277229024,0.00619372440143,0.00620842793304,-0.0358867337903,4.31728801062,0.1,0.0283094820744
8908000000,0.0016291813268,0.0125776025645,0.00601878325508,0.00713079973159,-0.0367556157509,4.19812850775,0.1,0.0471290015919
8934000000,0.00111857820293,0.0143041076641,0.00602071047557,0.00853669544823,-0.0370636624026,4.19317573165,0.1,0.0659975743574
8962000000,0.000576255720284,0.0159118965168,0.00595258586842,0.00968973649859,-0.0373367767117,4.13787122602,0.1,0.0848927771308
9001000000,0.00014487162997,0.0169536806048,0.00582193610174,0.010329696042,-0.0379319842192,4.0413268211,0.1,0.103776760754
9042000000,-0.000167114452583,0.0174417723879,0.00563710877404,0.0106358024828,-0.0388483281232,3.91058837525,0.1,0.122523719863
9089000000,-0.000394991159866,0.0175347355613,0.00540908704556,0.0107880907917,-0.0399697836162,3.75140043572,0.1,0.140983818749
9125000000,-0.00058917822837,0.0174107265458,0.0051436291599,0.0108805914203,-0.0412049600718,3.57046840739,0.1,0.159000913817
9171000000,-0.000570973402266,0.0168300853143,0.00495414832217,0.0108810039155,-0.0428779125917,3.44562532848,0.1,0.176413670258
9209000000,-0.000546669857931,0.0164139201847,0.00482888616053,0.0109472263704,-0.0445404135403,3.36678144936,0.1,0.193117647755
9241000000,-0.000295889309316,0.0154431373306,0.00476183802749,0.0108715292722,-0.0466825814365,3.33248478456,0.1,0.208943015989
9290000000,-0.000128972084074,0.0148436159133,0.00473031072897,0.0109251815164,-0.0486050787345,3.32134276841,0.1,0.223830472552
9322000000,0.00020884493843,0.0137908779646,0.00473114676933,0.0108446786626,-0.0508941034876,3.33626390495,0.1,0.237705444727
9366000000,0.000447011558948,0.0129394059169,0.00469261476555,0.0107681546593,-0.0529594203244,3.32175428633,0.1,0.2504793569
9408000000,0.000736530142365,0.0118159705909,0.00461708087035,0.0106080893729,-0.0551623346574,3.28524181025,0.1,0.262158599299
9440000000,0.00102013920206,0.0106255909821,0.00451203656152,0.0103782104709,-0.0573221351308,3.2255635829,0.1,0.272716951058
9488000000,0.0011272892152,0.00987954977786,0.00436919762449,0.0101737498713,-0.0590937244094,3.13804493457,0.1,0.282197168039
9562000000,0.00150205130035,0.00818692062314,0.00419380004245,0.00970529573461,-0.0614637648846,3.03419668449,0.1,0.290567563383
9572000000,0.00142655989087,0.00776840266741,0.00395966798299,0.00962448176227,-0.0627556502215,2.87888210689,0.1,0.297802274485
9600000000,0.00177250612559,0.00589554237606,0.00369186234145,0.0090405655161,-0.0650514443528,2.71379793177,0.1,0.304201611313
9647000000,0.00162481129305,0.0056684934398,0.00345102596018,0.00876779250173,-0.0660888165993,2.54831219686,0.1,0.309660725625
9690000000,0.00175177181084,0.00464178759579,0.00323516834605,0.00835828733917,-0.0677103932148,2.40901598838,0.1,0.314308806277
9737000000,0.0016394972505,0.00443753505261,0.00304192830744,0.00807937836068,-0.0686953539877,2.27577578671,0.1,0.318183112933
9793000000,0.00165405919071,0.00400287291848,0.0029089067045,0.00777016225791,-0.0698808903448,2.18736899166,0.1,0.32137923727
9826000000,0.00162205220652,0.00390614482017,0.0028422186407,0.00750022658347,-0.070813573848,2.13755469155,0.1,0.323753593364
9844000000,0.00147913309723,0.00409943419012,0.0027544560976,0.00731784808206,-0.0714781455313,2.07521349543,0.1,0.325773963361
9890000000,0.00146784773902,0.00380089592475,0.00264072211338,0.00701946366552,-0.0723805328043,1.99741083029,0.1,0.327274131201
9934000000,0.00127081364308,0.00402621196755,0.00250517209125,0.0067874136408,-0.0728001307676,1.89909137504,0.1,0.32834335036
9972000000,0.00123982346684,0.00384134007877,0.00241021942148,0.00649087926854,-0.0735032827652,1.8329058744,0.1,0.329047407797
10029000000,0.00107540176042,0.00418797936629,0.00235312221257,0.00630081698195,-0.0737924123696,1.78736392158,0.1,0.329435314175
10049000000,0.00104860205051,0.00418483954591,0.00232926204979,0.00596663200518,-0.0743283545733,1.76794516529,0.1,0.329559168674
10090000000,0.000859146327622,0.00433756387377,0.00217853148048,0.00567107898581,-0.07446721012,1.65824288827,0.1,0.329447597399
10122000000,0.000710776370141,0.004064476184,0.00192655139222,0.00522856783358,-0.0747042608899,1.48260684264,0.1,0.329149925093
10181000000,0.00055732517657,0.00387370506375,0.00169872559708,0.00480494507193,-0.0745686204199,1.32231665252,0.1,0.328723616989
10201000000,0.000464433293588,0.00354525476602,0.00149363751595,0.00424020717817,-0.0745379028706,1.17823819411,0.1,0.328195336639
10241000000,0.000277136593394,0.00357801276544,0.00130621687255,0.003858480907,-0.0742149815669,1.04280412333,0.1,0.327606215089
10284000000,0.000151692164658,0.00323060321586,0.00105624327575,0.00335776198966,-0.0740389187843,0.868506875481,0.1,0.326957479231
10333000000,9.31033870283e-06,0.0027790874209,0.000751800717993,0.00279576193899,-0.0737958196716,0.655612333863,0.1,0.326274765255
10373000000,-0.000221700285253,0.00268946361695,0.000475426419313,0.00233500491587,-0.0732843425495,0.460451834947,0.1,0.325596577797
10413000000,-0.000250923913181,0.00206548067123,0.000235245598071,0.00181020266577,-0.0731640785587,0.296061388856,0.1,0.324938387304
10438000000,-0.000412161733714,0.00194113737842,2.23880210682e-05,0.00140071650522,-0.0726476741583,0.144155165364,0.1,0.324314176477
10496000000,-0.000490955205839,0.00181874124818,-9.5241338233e-05,0.000920101722094,-0.0722159441613,0.0579817544633,0.1,0.323748083049
10538000000,-0.000638972661692,0.00216073899779,-0.000133504543056,0.000729942445266,-0.0714818946308,0.0232394677778,0.1,0.323259410125
10572000000,-0.000683920055031,0.00221423063539,-0.000157886387973,0.000491337124142,-0.0709273443944,0.00213428336234,0.1,0.322829631955
10616000000,-0.000736375023091,0.00231404052482,-0.000174186819974,0.000258176049649,-0.0702875382351,-0.014137287622,0.1,0.322466319475
10647000000,-0.000780542589383,0.0024066834408,-0.000183869863917,2.72689615646e-05,-0.0696040115641,-0.0261132077153,0.1,0.322166390201
10682000000,-0.000857858952998,0.00241251828085,-0.000259312760476,-0.000266399713409,-0.0688222540049,-0.0832141967558,0.1,0.321917747305
10735000000,-0.000925211565563,0.00219586995752,-0.000400220809084,-0.00064744104966,-0.0680447600248,-0.184061725389,0.1,0.321721357314
10767000000,-0.00103468137938,0.00190787740491,-0.000611459539977,-0.00108940884613,-0.0671520875387,-0.333532021743,0.1,0.321568096713
10805000000,-0.0011344143277,0.00139967791089,-0.000887797585287,-0.00161195366278,-0.0662653736539,-0.526387609322,0.1,0.321462975856
10867000000,-0.00126556727853,0.000836845685039,-0.00121713162026,-0.00217921990923,-0.0652855362227,-0.755908935654,0.1,0.321403912671
10895000000,-0.0013683990206,0.000125957596302,-0.00156508939634,-0.00282427290556,-0.0643270683365,-0.997240999884,0.1,0.321397702833
10933000000,-0.00150765108301,-0.000497564423459,-0.00192441806383,-0.00340790033055,-0.0632240117958,-1.24754529504,0.1,0.321435630058
10975000000,-0.00157210827154,-0.000897552782357,-0.00212431295247,-0.00388846877253,-0.062462812229,-1.38819251438,0.1,0.321567291453
11003000000,-0.00164810781097,-0.000979635939845,-0.00222863448075,-0.00421146267768,-0.0615053520688,-1.46593427129,0.1,0.321755970871
11061000000,-0.00167874664837,-0.000888234784294,-0.00222300148157,-0.00444168723374,-0.0604861237506,-1.46826499164,0.1,0.322017645312
11081000000,-0.00168912819345,-0.00087977436263,-0.00222350008835,-0.00469530557749,-0.0594261530634,-1.47432475418,0.1,0.322313449736
11128000000,-0.00171773888581,-0.00087360474811,-0.00224437697273,-0.0049673291062,-0.0582534672904,-1.49482885181,0.1,0.322637776985
11170000000,-0.00174091740241,-0.000991010102027,-0.00230170736265,-0.00528438183658,-0.0570312707982,-1.53969305798,0.1,0.322984756695
11199000000,-0.00178269892212,-0.00114150286289,-0.00239060624743,-0.00562765901262,-0.0557109022988,-1.60649497056,0.1,0.323348929689
11252000000,-0.00182472713353,-0.00137028873989,-0.00250663899855,-0.00600123311169,-0.0543403257887,-1.69160324529,0.1,0.323727838291
11287000000,-0.00187202794363,-0.00158764954896,-0.00262391317083,-0.00637474891483,-0.0528983235863,-1.77667394694,0.1,0.324122942739
11330000000,-0.00183178966717,-0.00208136295844,-0.00274108693319,-0.0067904311034,-0.0515920078689,-1.85956719748,0.1,0.324527329891
11364000000,-0.00190919563203,-0.00218852717305,-0.00285373901427,-0.00713637783414,-0.0499330529706,-1.94443475786,0.1,0.324944072998
11409000000,-0.00196855614766,-0.002340094614,-0.00296175658681,-0.00748708777433,-0.0482554524716,-2.02537945986,0.1,0.325373048358
11460000000,-0.00204110856986,-0.0026384144148,-0.00313438735106,-0.00791229169127,-0.0465315788232,-2.15018112217,0.1,0.325798444984
11501000000,-0.00211771217874,-0.00308848331327,-0.00336244313108,-0.00843716053715,-0.0447862595995,-2.31270831568,0.1,0.326222431219
11525000000,-0.00223994188193,-0.00352466786874,-0.00363696328947,-0.00894381758266,-0.0429100354334,-2.50783984229,0.1,0.326648248801
11567000000,-0.00233302519507,-0.00402662305923,-0.0039022552127,-0.00945388918987,-0.0410439541378,-2.69583586057,0.1,0.327086783978
11626000000,-0.00243707339816,-0.00446100439476,-0.00415608244766,-0.00994953440171,-0.0390915775502,-2.87690213752,0.1,0.327539114361
11655000000,-0.00250949449979,-0.00484810133766,-0.00435729205621,-0.0104564374534,-0.037131911718,-3.0222656022,0.1,0.328010243297
11691000000,-0.00260909861311,-0.00501086301833,-0.00451273699756,-0.0108356207267,-0.0350249078772,-3.13775071476,0.1,0.328498184632
11721000000,-0.00265647166505,-0.00521809602496,-0.00462626329683,-0.0111977776162,-0.0329743386138,-3.22335598506,0.1,0.328999037578
11762000000,-0.00269976488467,-0.00523282186281,-0.00466885254372,-0.011491778033,-0.0309162515829,-3.26167954596,0.1,0.329517372494
11814000000,-0.00272622809142,-0.0051238921312,-0.00465018177601,-0.0117307325671,-0.0288011731955,-3.258649772,0.1,0.330047001617
11849000000,-0.00271898314477,-0.00497080865885,-0.00457823901037,-0.0119632258811,-0.0266846771001,-3.21920744232,0.1,0.330581222726
11894000000,-0.00272290732162,-0.00465160812217,-0.0044622429114,-0.01210585251,-0.0244542973006,-3.15066511455,0.1,0.331117492318
11920000000,-0.00268444927316,-0.00434902817895,-0.00430554189542,-0.0122248278141,-0.0222487235806,-3.05340166072,0.1,0.331647917119
11965000000,-0.00266301282104,-0.00403732196749,-0.00416373185992,-0.0123513811396,-0.0199807293301,-2.96535413348,0.1,0.332158778507
12000000000,-0.00254821089172,-0.00421939351474,-0.00409031547539,-0.0125960236543,-0.0179337746125,-2.9198394965,0.1,0.332629414458
12040000000,-0.00253825833875,-0.00422929778568,-0.00407332434868,-0.0128175802453,-0.0156236256666,-2.91650940834,0.1,0.333062727149
12093000000,-0.00257610334519,-0.00458890583637,-0.0042280999532,-0.013237549691,-0.0132711880941,-3.03013964699,0.1,0.333428358697
12122000000,-0.00193009366655,-0.00715366474274,-0.0046818898457,-0.00232786833013,-0.012791561962,-3.20851208903,8.0,-0.000975028199149
12170000000,-0.00105545803228,-0.0110142132024,-0.00496655690236,-0.00587086021576,-0.0128720659679,-3.39814100685,8.0,-0.00107786295105
12207000000,-0.00105160940367,-0.0120335688357,-0.00530281980156,-0.00654599541568,-0.0104406962588,-3.63877720584,8.0,-0.00114628672669
12247000000,-0.00144684506657,-0.0118112894249,-0.00568003923989,-0.00594938646033,-0.00686332927694,-3.91089234801,8.0,-0.00121401320029
12298000000,-0.00162123455209,-0.0121637018706,-0.00599100342229,-0.00599053745437,-0.00373377783538,-4.12260080338,8.0,-0.00128145448901
12332000000,-0.00171217454553,-0.0126324064593,-0.00624594054631,-0.00620092525456,-0.000549628423555,-4.29964527291,8.0,-0.00134122001178
12371000000,-0.00196488708073,-0.0123639906819,-0.00643776418513,-0.00574990027646,0.00328257494239,-4.43176933944,8.0,-0.0013733618056
12417000000,-0.00211773250073,-0.0122734746532,-0.00657307219909,-0.00553434971957,0.00702901504445,-4.52537263815,8.0,-0.00142075266296
12440000000,-0.00241082567057,-0.011586495451,-0.00666831065685,-0.00476918788879,0.0113041066946,-4.59450518528,8.0,-0.00145094099174
12492000000,-0.00269970302296,-0.0106318495072,-0.0066695186303,-0.00383452669029,0.01578554801,-4.60218587786,8.0,-0.00145166940403
12526000000,-0.00299876429892,-0.00938300789809,-0.00658348262627,-0.00269579822298,0.0204728642934,-4.55269809815,8.0,-0.00142816841359
12567000000,-0.00326310339675,-0.00826104689926,-0.00649847025193,-0.00168100608355,0.0250966472259,-4.49817320231,8.0,-0.00140901661216
12614000000,-0.00335727278484,-0.00770848147599,-0.00641191985421,-0.00123016722891,0.0294108149553,-4.44898797503,8.0,-0.00138630604753
12654000000,-0.00348421087711,-0.00726098413896,-0.00639625227394,-0.000810396118149,0.0337407664411,-4.44190183757,8.0,-0.00137714796316
12699000000,-0.00350203143544,-0.00737456402432,-0.00644717752679,-0.000877836722641,0.0378534552676,-4.48829284301,8.0,-0.00139467963191
12724000000,-0.00355899396194,-0.00755301774258,-0.00656323263056,-0.000943256682915,0.0419918150092,-4.5737866277,8.0,-0.00142011353785
12769000000,-0.00353976954996,-0.00804352063026,-0.00669792495017,-0.00129889477568,0.0459539223501,-4.6752734434,8.0,-0.00145398654367
12809000000,-0.00353706352286,-0.00852971002845,-0.00684827553927,-0.00168515655659,0.0499276801845,-4.78646337646,2.9967417733e-20,-0.000934285712744
12844000000,-0.00350296474393,-0.0091584969634,-0.00700997084419,-0.00223488482359,0.0538120299084,-4.9065386668,3.05621777309e-20,3.60180777879e-05
12883000000,-0.00348247711825,-0.00974415827155,-0.00717179664966,-0.00276117019801,0.0576983824222,-5.02568778595,3.116059669e-20,0.00133255845677
12921000000,-0.0034743137874,-0.0102827634754,-0.00733201606504,-0.00324564891624,0.0616002244462,-5.14443828243,3.17538169452e-20,0.00280977580156
12972000000,-0.0034727265698,-0.0106029684933,-0.00742663566585,-0.0035788869914,0.0655461566566,-5.21956647374,3.20520853476e-20,0.0043906652713
13004000000,-0.00346483546387,-0.0107737070113,-0.0074637933009,-0.00381966086088,0.0694869882999,-5.25529483746,3.20906825625e-20,0.00601435699011
13040000000,-0.00344564978971,-0.0108375726883,-0.00745224841421,-0.00399803236783,0.0734065969278,-5.25799670516,3.19078705009e-20,0.00762392115134
13099000000,-0.00342772184848,-0.0107436184178,-0.00738933353551,-0.0040674500379,0.0773365215093,-5.22620529878,3.14936983646e-20,0.00918631232195
13124000000,-0.00346583324528,-0.0103339723309,-0.00728501589367,-0.0038617647676,0.0814139116287,-5.16646759639,3.09026532898e-20,0.0106868068485
13167000000,-0.00341039200691,-0.0101641606658,-0.00715423226093,-0.00389947137032,0.0852240618621,-5.08771034675,3.01769844159e-20,0.0120929313493
13217000000,-0.00338124431592,-0.00985013707372,-0.00700483734256,-0.00382606977168,0.0890807509237,-4.99661976011,2.93732453576e-20,0.0133969252028
13250000000,-0.00333597914087,-0.00954372634366,-0.00683993302532,-0.00376163274805,0.0928730570481,-4.8945978248,2.84972741588e-20,0.0146065618238
13289000000,-0.00329892689043,-0.00932461403039,-0.00671403862957,-0.00373816691411,0.0966211706013,-4.81873154743,2.77997260898e-20,0.0156950789317
13339000000,-0.00328547619598,-0.00930635931823,-0.0066832168513,-0.00380909689366,0.100324149268,-4.80720610538,2.75363483007e-20,0.0166553806997
13376000000,-0.00328959621977,-0.00940080938302,-0.00671083840736,-0.00392695143352,0.103996780636,-4.83539405224,2.75408069543e-20,0.0174991218347
13408000000,-0.00332736359245,-0.00956193285564,-0.00679977507168,-0.00404418841742,0.107675076429,-4.90497493759,2.78286140301e-20,0.0182177672199
13442000000,-0.00335840047342,-0.00988979525142,-0.00693760595713,-0.00426392595657,0.111268205722,-5.00767411334,2.83367344812e-20,0.0188196045026
13480000000,-0.00340182731937,-0.0101746513198,-0.00707494878033,-0.00444665282919,0.114854344231,-5.10968090102,2.88458599803e-20,0.0193222532182
13524000000,-0.00343831486161,-0.0104755872354,-0.00721027858854,-0.00463440234459,0.118394022562,-5.21041921237,2.93451698448e-20,0.0197337986622
13573000000,-0.0034800583887,-0.0107527243871,-0.00734356216358,-0.00480144832356,0.121911380412,-5.30945494585,2.98371242108e-20,0.0200537561911
13603000000,-0.00351504772757,-0.0110454281044,-0.00747472481213,-0.00497649073022,0.125382541921,-5.40700698802,3.03190291443e-20,0.0202984798325
13650000000,-0.00355309876516,-0.0113226072237,-0.00760420204627,-0.00513748987069,0.128830771627,-5.50327741395,3.07947314538e-20,0.0204680052104
13693000000,-0.00358013945514,-0.0115355734952,-0.00769962150396,-0.00526404136955,0.132243783752,-5.57633408962,3.11154998725e-20,0.0205811572441
13729000000,-0.00359996243551,-0.0116826684613,-0.00776468806591,-0.00535421473254,0.135630216883,-5.62877421756,3.12988369496e-20,0.0206441782217
13772000000,-0.00362244616458,-0.0118739506591,-0.00784773274674,-0.00546809996417,0.13897691741,-5.69315756187,3.15647170089e-20,0.020651530977
13827000000,-0.00365301936704,-0.012088013453,-0.00794799524823,-0.00558375565502,0.142304929144,-5.76937151114,3.19105414064e-20,0.0206129506153
13850000000,-0.00368981225277,-0.0123272029418,-0.00806386602699,-0.00570795969392,0.145606790424,-5.85592415426,3.23287425269e-20,0.0205342123638
13882000000,-0.00371750131585,-0.012525475988,-0.00815550693107,-0.00581224716428,0.148959489637,-5.92616395775,3.26338741518e-20,0.0204293276062
13931000000,-0.00373941662837,-0.0126792069937,-0.00822558390717,-0.00589342733741,0.152270537024,-5.98157139295,3.28419568727e-20,0.0203036370868
13976000000,-0.00375430771123,-0.0127911960742,-0.00827369955413,-0.00595365569617,0.155540165699,-6.02205411118,3.2950953718e-20,0.020162566978
14008000000,-0.00376057733639,-0.0128753933407,-0.00830296470126,-0.00600590196603,0.158774069246,-6.05071409978,3.29749555252e-20,0.0200079549236
14058000000,-0.00378250092921,-0.0128636390061,-0.00831707474478,-0.00599301745505,0.162010768234,-6.06788522151,3.29345405536e-20,0.0198469992763
14080000000,-0.00377358053246,-0.012896826703,-0.00831170596657,-0.00602100309878,0.165150237302,-6.07155727238,3.28011911996e-20,0.0196831791944
14121000000,-0.0037632163897,-0.0128867528426,-0.00829012470361,-0.00602625062332,0.168266862302,-6.0644180737,3.2595647196e-20,0.0195155600391
14165000000,-0.00375674847178,-0.0128673597648,-0.00826995388495,-0.00602119263134,0.171359970854,-6.05820817785,3.23982067122e-20,0.0193400115084
14210000000,-0.00375145221614,-0.0128474617811,-0.00825102698749,-0.00601377338364,0.174426010265,-6.05272904402,3.22075126064e-20,0.0191584156824
14249000000,-0.00374599447461,-0.0128320298646,-0.00823348072312,-0.00600884908265,0.177459935896,-6.04805506086,3.20240325134e-20,0.0189699770744
14309000000,-0.0037528024054,-0.012916846134,-0.00826385831491,-0.00605416150044,0.180460773243,-6.07578175485,3.20600831809e-20,0.0187673331155
14333000000,-0.00377611782719,-0.0130831877929,-0.00834073582649,-0.00613321149917,0.183442205093,-6.1350100338,3.23099028983e-20,0.0185526985546
14364000000,-0.00378605165545,-0.0132128247109,-0.00838991736987,-0.00620330058761,0.186380519375,-6.17529636286,3.24333337481e-20,0.0183445259081
14417000000,-0.00379161030928,-0.0132777649553,-0.00841216530796,-0.00624218340626,0.189300382482,-6.19728597463,3.24355597343e-20,0.0181449978436
14450000000,-0.00378798166506,-0.0132948939556,-0.00840790827301,-0.00625647539864,0.192189737766,-6.20115637523,3.23171193689e-20,0.0179581832703
14485000000,-0.00379679488227,-0.0133920835291,-0.00844494126591,-0.00630928184473,0.1950540391,-6.23299994304,3.23882382943e-20,0.0177721874015
14547000000,-0.00381707242258,-0.0135608246024,-0.00851927038152,-0.00639635328275,0.197895379184,-6.29011452097,3.26306675516e-20,0.0175911971019
14567000000,-0.00383368800773,-0.0137101013546,-0.00858358704582,-0.00647520023738,0.200621842297,-6.34159684699,3.28320498182e-20,0.0174263683453
14610000000,-0.00386688562223,-0.0137731690193,-0.00863712081437,-0.00649857362198,0.203381209371,-6.38524856971,3.29885280258e-20,0.0172880738834
14646000000,-0.00388265947012,-0.0138644531144,-0.00868038654973,-0.00654914326176,0.206090449551,-6.42143516348,3.30955110226e-20,0.0171779098889
14695000000,-0.00389473747111,-0.0139790241874,-0.00872729616769,-0.00661711428542,0.208774004036,-6.45994811077,3.32186344041e-20,0.0170917664345
14735000000,-0.00390911304362,-0.0141266223307,-0.00878813023589,-0.00670164270321,0.211440768877,-6.50802241827,3.34054799448e-20,0.0170244703388
14768000000,-0.00392140357851,-0.0142335897799,-0.00883257880072,-0.00676346984987,0.214088255671,-6.54404001495,3.3518317996e-20,0.0169758417564
14814000000,-0.0039145382494,-0.0143591655814,-0.00886215978094,-0.0068471072841,0.216694387626,-6.57104813026,3.35614342241e-20,0.0169404365049
14843000000,-0.00392207780347,-0.014399599591,-0.00887907429384,-0.00687636096549,0.219327391174,-6.58949902974,3.35510094254e-20,0.0169126007352
14887000000,-0.00392668965785,-0.0144397410829,-0.00889253957438,-0.00690701301262,0.221934313921,-6.60530754996,3.35250107125e-20,0.0168904269436
14922000000,-0.00392727492484,-0.0144866671783,-0.00890370861005,-0.00694571033895,0.224513322877,-6.61945730423,3.34885428035e-20,0.0168735316027
14963000000,-0.00393106948724,-0.01456297586,-0.00892851353614,-0.00699978215253,0.227070774721,-6.64287204339,3.35148803544e-20,0.0168582755438
15018000000,-0.00393927893512,-0.0146594836961,-0.00896524778236,-0.00706212772017,0.229611908693,-6.67441584671,3.35965049304e-20,0.0168443488734
15050000000,-0.00395085166713,-0.0147741855128,-0.00901202217,-0.00713255715326,0.232135816258,-6.71278282982,3.37246868778e-20,0.016831381133
15081000000,-0.00396762588562,-0.0149051690919,-0.00907031385362,-0.00720778281511,0.234644331761,-6.75897248234,3.39064905446e-20,0.0168182653012
15128000000,-0.00398689865785,-0.015054092929,-0.00913758444395,-0.0072913641719,0.237133300157,-6.81123693608,3.41299452516e-20,0.0168041427841
15168000000,-0.00400323220388,-0.0151810364758,-0.0091941266302,-0.00736408034281,0.239601640079,-6.85619507125,3.43051776941e-20,0.0167919410643
15207000000,-0.00401612544899,-0.0152860537074,-0.00923938843539,-0.00742621757389,0.242049075171,-6.89346469074,3.44295685577e-20,0.0167801537819
15259000000,-0.00402605666785,-0.0153733134084,-0.00927532449214,-0.00747978450151,0.244476382226,-6.92437186644,3.45119830141e-20,0.0167666631701
15280000000,-0.00404314666141,-0.0155089953683,-0.00933586446553,-0.00755589444642,0.246883495828,-6.97194324625,3.47074292114e-20,0.0167424590129
15327000000,-0.00406605591438,-0.0156954127138,-0.00942024060214,-0.00765746069372,0.249267979654,-7.03564052803,3.50121779267e-20,0.0167055273445
15366000000,-0.00407768806884,-0.0158022261239,-0.00946490631125,-0.00771983006967,0.251631244443,-7.07233950669,3.5136335306e-20,0.0166686419944
15402000000,-0.00407863890297,-0.0158368944902,-0.00947306851709,-0.00774667897954,0.253973469835,-7.08421002316,3.5094425435e-20,0.0166293637542
15457000000,-0.00407078184322,-0.0158098234252,-0.00945037659695,-0.00774271498335,0.2562962501,-7.07508558948,3.49122460863e-20,0.0165852101934
15496000000,-0.00406762881934,-0.0158203151825,-0.00944581009821,-0.00775667271186,0.258597142241,-7.07819119166,3.48133962142e-20,0.0165240504788
15532000000,-0.00406926402451,-0.0158701716971,-0.00946006745018,-0.00778952986814,0.260876865353,-7.09399375274,3.48009852884e-20,0.0164454717969
15564000000,-0.00407027972039,-0.0159175915787,-0.00947284875266,-0.0078205893659,0.263135134986,-7.10871052473,3.4782438273e-20,0.0163528720375
15600000000,-0.00407010500997,-0.0159602099101,-0.00948270198186,-0.0078488477315,0.265372749682,-7.12135270595,3.47510550662e-20,0.0162471261018
15643000000,-0.00406896098178,-0.015998425744,-0.00949000776622,-0.00787446741058,0.267590789812,-7.13217809217,3.47085703818e-20,0.0161283819209
15683000000,-0.00406824641107,-0.0160414041538,-0.00949945901124,-0.00790181548961,0.269788893183,-7.14436840129,3.4676432369e-20,0.0159960957911
15733000000,-0.00406912511946,-0.0160920946548,-0.00951337875117,-0.00793160775117,0.271968422542,-7.15950313572,3.46653051008e-20,0.0158512586547
15764000000,-0.00407873835499,-0.0162009368001,-0.00955695966915,-0.00798855951488,0.274128643758,-7.1946774109,3.47902527289e-20,0.015690066842
15808000000,-0.00409644852831,-0.0163619810679,-0.0096274605444,-0.00806959376843,0.276270791214,-7.24803569338,3.50387402642e-20,0.0155155601395
15840000000,-0.00412062008626,-0.0165664786365,-0.00972004666161,-0.00817131475219,0.278395349885,-7.3163005043,3.53886761673e-20,0.0153319422402
15881000000,-0.00413514970866,-0.0167036947842,-0.00977891621427,-0.00824058614223,0.280500883448,-7.36160440751,3.55853192841e-20,0.0151548142901
15926000000,-0.00413819216144,-0.0167595514454,-0.0097971962623,-0.00827079866364,0.282588281684,-7.37929176148,3.55973175314e-20,0.0149895294284
15990000000,-0.00414938131113,-0.0168685254478,-0.00984273630614,-0.00832671512135,0.284658013383,-7.41541731245,3.57344657824e-20,0.0148243236704
16005000000,-0.00416945335035,-0.0170259757253,-0.00991482193984,-0.00840477052225,0.286713324851,-7.46952065548,3.5993674817e-20,0.0146641848551
16046000000,-0.00419484821601,-0.017229811073,-0.0100090755939,-0.00850732895972,0.288760952573,-7.53983081451,3.63549103079e-20,0.0145135443807
16086000000,-0.00422466721732,-0.0173247751218,-0.0100711375744,-0.00854958913548,0.290819294945,-7.5878307276,3.65727339778e-20,0.0143915414816
16123000000,-0.00423452878561,-0.0173818967242,-0.0100976377695,-0.00858313287354,0.292831880827,-7.6112011976,3.6626684463e-20,0.0143032430588
16175000000,-0.00424898569731,-0.0175195890298,-0.0101566895744,-0.00866151110097,0.29481536025,-7.65670205425,3.68290069455e-20,0.0142318179248
16207000000,-0.00427297814052,-0.0177132444073,-0.0102455783765,-0.00876544900004,0.296784459601,-7.72242811048,3.71682628067e-20,0.0141768393892
16247000000,-0.00430441888489,-0.017955793729,-0.010359613695,-0.0088917462281,0.298739785791,-7.80532860573,3.76229445059e-20,0.0141339644291
16277000000,-0.00432673095369,-0.0181160029918,-0.0104351197798,-0.00897672555753,0.300673270948,-7.86116174793,3.79024764865e-20,0.0141146581207
16318000000,-0.00432541335904,-0.01824844383,-0.0104748607729,-0.00906076802131,0.302567356826,-7.89365185805,3.80171309775e-20,0.0141125474491
16369000000,-0.00433277681211,-0.0182951271971,-0.0104952786046,-0.00909276110147,0.304478212572,-7.91304454289,3.80470821221e-20,0.0141195420959
16417000000,-0.00433419851175,-0.0183118750888,-0.0104987961405,-0.0091109463639,0.306367678416,-7.92073573239,3.80001414272e-20,0.0141357705164
16463000000,-0.00432793278338,-0.0183119765988,-0.0104879025966,-0.00912654600279,0.308231510998,-7.91856776112,3.78873020753e-20,0.0141608679373
16488000000,-0.00431800490031,-0.0182909325183,-0.0104657098838,-0.00913307599102,0.310077357585,-7.90874977304,3.77233858175e-20,0.014194386693
16522000000,-0.00430787464231,-0.018241927364,-0.0104339324691,-0.00912182976476,0.311914243351,-7.89248680347,3.7516697809e-20,0.0142358556141
