%time,field.header.seq,field.header.stamp,field.header.frame_id,field.roll,field.pitch,field.jaw,field.roll_dot,field.pitch_dot,field.jaw_dot
41000000,0,41000000,,8.09293191527e-24,-2.21630234664e-23,2.08117658724e-24,0.0,0.0,0.0
82000000,1,82000000,,-3.33391656221e-19,-2.77057968169e-19,-4.48454013983e-24,0.0,0.0,0.0
121000000,2,121000000,,7.68539917773e-19,5.40985684886e-19,-6.67520845135e-24,0.0,0.0,0.0
160000000,3,160000000,,1.16855517263e-06,-1.114921929e-06,-6.90520936871e-13,1.29061795973e-11,-1.23148826206e-11,-1.33051943627e-17
200000000,4,200000000,,-5.74329078518e-06,-3.24982485367e-10,-3.8902200572e-07,-0.00647588726133,1.85643239092e-06,4.47988412589e-07
242000000,5,242000000,,-4.49244953415e-06,3.76823754777e-06,-1.16089711355e-06,-0.00553160067648,0.00389262870885,0.00010221019329
280000000,6,280000000,,2.1250584723e-06,4.98294684803e-06,-3.43345845977e-07,0.00213638576679,0.00499353557825,2.03737072297e-05
320000000,7,320000000,,2.00776696602e-07,-2.48680265713e-07,-3.94560220229e-06,-0.00200371840037,0.00261894147843,-0.000127330757095
360000000,8,360000000,,1.47965579345e-07,-3.47036205994e-07,-8.67876497068e-06,-0.00160454108845,0.00218111672439,-9.9299759313e-05
401000000,9,401000000,,-1.7090720803e-06,-5.90670845568e-10,-1.02344165498e-05,-1.92501814489e-09,6.04787704292e-13,1.0042193856e-12
440000000,10,440000000,,-5.03917931383e-07,-1.16868781319e-09,-1.00815896076e-05,3.59659080296e-10,-2.68934288901e-13,-8.39172644134e-13
480000000,11,480000000,,-5.08813798206e-07,-1.68398503475e-10,-1.0058423868e-05,-1.69112543413e-10,3.96945185597e-14,2.87423540914e-13
520000000,12,520000000,,1.90169873804e-06,1.89992519495e-07,-1.00465740616e-05,1.20379669774e-11,-7.21107678778e-12,5.52989999712e-14
560000000,13,560000000,,8.50258857099e-06,-4.42476812168e-06,-1.0009331163e-05,1.8633646709e-11,-1.40653278954e-11,1.08175478937e-13
600000000,14,600000000,,1.37897695822e-05,-8.55449161463e-06,-9.9654753285e-06,5.57376410651e-12,-5.25461358453e-12,7.30718653988e-14
640000000,15,640000000,,1.43764682434e-05,-9.80354980129e-06,-9.92425702862e-06,-1.0606726001e-12,1.47120868006e-13,1.89802787067e-14
680000000,16,680000000,,9.01125531527e-06,-7.23868606656e-06,-9.89066211332e-06,-2.30694872927e-11,1.13362600557e-11,7.23358412015e-14
720000000,17,720000000,,-2.75584193332e-06,-6.28834072813e-07,-9.86861869023e-06,-7.03631181098e-11,4.03403213611e-11,1.09616973159e-13
760000000,18,760000000,,-2.0269284505e-05,9.25805215957e-06,-9.85773658613e-06,-1.33419122972e-10,7.40188327297e-11,2.98929277328e-14
800000000,19,800000000,,-4.15408321714e-05,2.10915350181e-05,-9.85642964224e-06,-1.85379364637e-10,9.59803070355e-11,-5.2577466171e-14
840000000,20,840000000,,-6.56731426716e-05,3.38754034601e-05,-9.86551458482e-06,-2.01576352832e-10,1.03466561707e-10,-8.45967379807e-14
880000000,21,880000000,,-9.04243279365e-05,4.55729386886e-05,-9.88402462099e-06,-2.19589443851e-10,1.0138593437e-10,-2.00616040165e-13
920000000,22,920000000,,-0.000115125076263,5.64893816772e-05,-9.90848820948e-06,-2.09864917111e-10,8.47849082608e-11,-2.50811334592e-13
960000000,23,960000000,,-0.000139985379064,6.5992710006e-05,-9.94131005427e-06,-1.68425273728e-10,5.94909677076e-11,-2.41077990903e-13
1000000000,24,1000000000,,-0.000161123491125,7.24101482774e-05,-9.97547067527e-06,-1.37913375164e-10,3.47369980003e-11,-2.54661987028e-13
1040000000,25,1040000000,,-0.000179929294973,7.61266273912e-05,-1.00144716271e-05,-8.48163414502e-11,9.64822232524e-12,-1.96006012527e-13
1080000000,26,1080000000,,-0.000194713327801,7.63823045418e-05,-1.00555089375e-05,-5.40771143143e-11,-4.44977084693e-12,-1.77413205654e-13
1120000000,27,1120000000,,-0.000205391886993,7.34621207812e-05,-1.00987890619e-05,-2.49405912589e-11,-1.3855971058e-11,-1.25781058746e-13
1160000000,28,1160000000,,-0.000220125089982,6.71607049298e-05,-1.02528147181e-05,-1.46085046837e-10,-5.01530171559e-11,-1.82796486281e-12
1200000000,29,1200000000,,-0.000249114702456,5.86016722082e-05,-1.05975577753e-05,-4.355489025e-10,-1.28509897168e-10,-5.37800923586e-12
1240000000,30,1240000000,,-0.000288971961709,4.63184733235e-05,-1.11399676825e-05,-5.82497605706e-10,-1.81977849456e-10,-8.62420898584e-12
1280000000,31,1280000000,,-0.000330630748067,3.55954398401e-05,-1.19233527585e-05,-4.71996164375e-10,-8.36739427745e-11,-1.10999221967e-11
1320000000,32,1320000000,,-0.000368114560843,3.51211056113e-05,-1.30059588628e-05,-3.68204300383e-10,4.31188314221e-11,-1.27874872149e-11
1360000000,33,1360000000,,-0.000397528085159,4.06556900998e-05,-1.4275184185e-05,-2.21184862093e-10,5.63268251486e-11,-1.18569459806e-11
1400000000,34,1400000000,,-0.00041988195153,4.69057413284e-05,-1.57788763318e-05,-1.10641898421e-10,3.45984560446e-11,-9.60880940787e-12
1440000000,35,1440000000,,-0.000432845903561,5.14011626365e-05,-1.74556662387e-05,-2.08880551744e-11,8.69381216323e-12,-4.75115086163e-12
1480000000,36,1480000000,,-0.000435142690549,5.3190971812e-05,-1.92829520529e-05,4.0962528508e-12,5.08590836546e-13,-2.33962849094e-12
1520000000,37,1520000000,,-0.000426138343755,5.19521963724e-05,-2.11367241718e-05,8.02123506505e-11,-1.43501556124e-11,-1.01634456059e-11
1560000000,38,1560000000,,-0.000401764904382,4.74588268844e-05,-2.33043228945e-05,2.89628432348e-10,-5.75803953129e-11,-2.03354763584e-11
1600000000,39,1600000000,,-0.000362966384273,3.92928086512e-05,-2.55179438682e-05,6.66088184609e-10,-1.38412642459e-10,-3.21435864037e-11
1640000000,40,1640000000,,-0.000311313400744,2.88289211312e-05,-2.77028084383e-05,1.13186959805e-09,-2.41414832569e-10,-4.32412404494e-11
1680000000,41,1680000000,,-0.000243489193963,1.4361950889e-05,-3.00076280837e-05,1.8569227267e-09,-3.79042575105e-10,-5.68690060321e-11
1720000000,42,1720000000,,-0.000158076771186,-3.2523378195e-06,-3.24300963257e-05,0.00223963661119,-0.000481019582367,-5.96591125941e-05
1760000000,43,1760000000,,-5.84801746299e-05,-2.40599038079e-05,-3.47797977156e-05,0.00293352501467,-0.00058083323529,-6.07693509664e-05
1800000000,44,1800000000,,6.52703747619e-05,-4.92735816806e-05,-3.72271679225e-05,0.00318590644747,-0.000666322768666,-6.14731543465e-05
1840000000,45,1840000000,,0.000196421242435,-7.58926689741e-05,-3.96987306885e-05,0.00330089218915,-0.000632922165096,-6.20123464614e-05
1880000000,46,1880000000,,0.000326365057845,-0.000101571029518,-4.22470620833e-05,0.00305909710005,-0.000613978540059,-6.22069637757e-05
1922000000,47,1922000000,,0.000449661456514,-0.000125140752061,-4.48660430266e-05,0.00280811218545,-0.000513935752679,-6.24299864285e-05
1960000000,48,1960000000,,0.000543887843378,-0.000142802877235,-4.71135899716e-05,0.0024330385495,-0.000459482922452,-6.23749874649e-05
2000000000,49,2000000000,,0.000638204219285,-0.000159707953571,-4.97348155477e-05,0.0020321062766,-0.00034280642285,-6.23682790319e-05
2041000000,50,2041000000,,0.000709330954123,-0.000171893334482,-5.22258196725e-05,1.24264187829e-09,-2.09824560504e-10,-4.93516859323e-11
2080000000,51,2080000000,,0.000761594972573,-0.000180022674613,-5.4709984397e-05,4.37947150767e-10,-6.13319672826e-11,-2.91807480957e-11
2120000000,52,2120000000,,0.0007895854651,-0.000183864089195,-5.70612319279e-05,1.73320538477e-10,-2.18635162058e-11,-1.82802384341e-11
2160000000,53,2160000000,,0.000809227232821,-0.000185774872079,-5.96504978603e-05,6.35517818925e-11,-3.78835894946e-12,-1.10444041065e-11
2201000000,54,2201000000,,0.000819219043478,-0.000185910277651,-6.20472128503e-05,1.55329603346e-11,1.20278494196e-12,-5.56738509461e-12
2244000000,55,2244000000,,0.000821642403025,-0.000184466960491,-6.43823368591e-05,-2.05932580016e-12,2.72368108969e-12,-2.74739671118e-12
2280000000,56,2280000000,,0.000814113707747,-0.000180821181857,-6.69018772896e-05,-5.31233182444e-11,1.91096253405e-11,-1.04510150534e-11
2320000000,57,2320000000,,0.000794579042122,-0.000174869128386,-6.94254194968e-05,-2.07703812483e-10,5.84304965523e-11,-2.02623664375e-11
2363000000,58,2363000000,,0.000759778660722,-0.000165761492099,-7.20715543139e-05,-5.32164534661e-10,1.26879964868e-10,-3.22461744806e-11
2400000000,59,2400000000,,0.000715766218491,-0.000155398141942,-7.4349984061e-05,-9.19963827339e-10,2.1631051117e-10,-4.2342740425e-11
2443000000,60,2443000000,,0.000649864028674,-0.000140550837386,-7.69963371567e-05,-1.59175883585e-09,3.37083472246e-10,-5.55684040449e-11
2481000000,61,2481000000,,0.000578553183004,-0.000125335762277,-7.92739519966e-05,-0.00207091332413,0.000448103441158,-6.15138415014e-05
2520000000,62,2520000000,,0.000481677183416,-0.000105080442154,-8.1674203102e-05,-0.0027198845055,0.000539360451512,-6.16194738541e-05
2560000000,63,2560000000,,0.000362440303434,-8.12000289443e-05,-8.4199324192e-05,-0.00298144621775,0.000603861524723,-6.15120443399e-05
2600000000,64,2600000000,,0.000234303559409,-5.64183901588e-05,-8.67198396008e-05,-0.00315075158142,0.000586020818446,-6.13966331002e-05
2641000000,65,2641000000,,0.000106087114546,-3.22347877955e-05,-8.92899988685e-05,-0.00302831991576,0.000566624687053,-6.09834096394e-05
2680000000,66,2680000000,,-6.39040808892e-06,-1.23053032439e-05,-9.15414348128e-05,-0.0029529966414,0.000509952078573,-6.06650282862e-05
2720000000,67,2720000000,,-0.000117606803542,7.1741001193e-06,-9.39580859267e-05,-0.00264608114958,0.000461369985715,-6.01684660069e-05
2760000000,68,2760000000,,-0.000221621769015,2.45065766649e-05,-9.64181817835e-05,-0.00236910721287,0.000391626206692,-5.97842918069e-05
2800000000,69,2800000000,,-0.000308183138259,3.90833665733e-05,-9.87989697023e-05,-0.0020249709487,0.000333588192007,-5.92943652009e-05
2840000000,70,2840000000,,-0.000380068988306,5.0546725106e-05,-0.000101045327028,-1.50474410709e-09,2.41773878695e-10,-5.14310642685e-11
2880000000,71,2880000000,,-0.000439246068709,6.02175678068e-05,-0.000103505713923,-7.07249703247e-10,1.13100445676e-10,-3.49366438557e-11
2920000000,72,2920000000,,-0.000482012779685,6.72039968777e-05,-0.000105831401015,-4.61395144313e-10,7.89011633806e-11,-2.80442735007e-11
2960000000,73,2960000000,,-0.000517474545632,7.33872439014e-05,-0.000108082123916,-3.98534233392e-10,6.82807144159e-11,-2.59431764266e-11
3000000000,74,3000000000,,-0.000552367419004,7.97890825197e-05,-0.000110439432319,-3.28254839976e-10,6.38745306647e-11,-2.3508197125e-11
3040000000,75,3040000000,,-0.000582174223382,8.56783954077e-05,-0.000112675625132,-2.93418733754e-10,5.89143386853e-11,-2.22254367688e-11
3084000000,76,3084000000,,-0.000610094983131,9.16824283195e-05,-0.000114969021524,-2.02037803154e-10,4.67285619921e-11,-1.84587484187e-11
3123000000,77,3123000000,,-0.000634192838334,9.76067967713e-05,-0.000117489900731,-1.12914608219e-10,3.10437127393e-11,-1.38969729821e-11
3160000000,78,3160000000,,-0.000647999171633,0.000101992380223,-0.00011960775737,-4.078077806e-11,1.59945806599e-11,-8.51893122017e-12
3200000000,79,3200000000,,-0.000654628674965,0.000105760293081,-0.000121895820484,-3.85574645129e-12,5.06453429541e-12,-3.40847250598e-12
3240000000,80,3240000000,,-0.00065228616586,0.000108477441245,-0.000124123267597,1.93952753164e-11,5.40578389344e-12,-5.82992508436e-12
3280000000,81,3280000000,,-0.000639167206828,0.000110040818981,-0.000126406433992,1.10238311535e-10,5.28068734573e-12,-1.34403720792e-11
3328000000,82,3328000000,,-0.000607404857874,0.000109850712761,-0.000129140389618,3.71403630073e-10,-1.20998610437e-11,-2.45698773826e-11
3360000000,83,3360000000,,-0.000574423349462,0.000108537868073,-0.000131018576212,6.31403707096e-10,-3.34016182768e-11,-3.20044754587e-11
3400000000,84,3400000000,,-0.000522196409293,0.000105187653389,-0.000133290566737,1.12985432121e-09,-7.9705776701e-11,-4.27666166369e-11
3443000000,85,3443000000,,-0.000458759895992,0.000100509241747,-0.000135447582579,1.65393598817e-09,-1.38246192272e-10,-5.16630314917e-11
3480000000,86,3480000000,,-0.000377874792321,9.33119372348e-05,-0.000137713272125,0.00223432760686,-0.0001968331635,-5.66461822018e-05
3522000000,87,3522000000,,-0.000266298855422,8.28351840028e-05,-0.000140146687045,0.00280775059946,-0.000284901732812,-5.64779402339e-05
3560000000,88,3560000000,,-0.000147595390445,6.74289694871e-05,-0.00014230486704,0.00316914287396,-0.000486735923914,-5.41088265891e-05
3603000000,89,3603000000,,-2.80263902823e-05,4.32884262409e-05,-0.00014431506861,0.00317492033355,-0.000791735656094,-5.17406551808e-05
3643000000,90,3643000000,,9.79240357992e-05,9.68598305917e-06,-0.000146344245877,0.00309002050199,-0.000890018534847,-4.97525361425e-05
3680000000,91,3680000000,,0.000217746986891,-2.81649427052e-05,-0.000148340841406,0.0027768611908,-0.000916475255508,-4.77523462905e-05
3722000000,92,3722000000,,0.00033000195981,-6.4607920649e-05,-0.000150354870129,0.00237515126355,-0.000788522826042,-4.59606744698e-05
3760000000,93,3760000000,,0.000412152701756,-9.23307597986e-05,-0.000152069929754,0.00200013909489,-0.000658063625451,-4.44444776804e-05
3800000000,94,3800000000,,0.000482087081764,-0.000114046597446,-0.000153774351929,1.28597743565e-09,-4.00340205431e-10,-3.53243927165e-11
3840000000,95,3840000000,,0.000531361380126,-0.000128763043904,-0.000155471148901,5.29548627171e-10,-1.4489849598e-10,-2.19730570544e-11
3880000000,96,3880000000,,0.000565895694308,-0.0001372849365,-0.000157164002303,2.5994301156e-10,-6.19777007493e-11,-1.48922939952e-11
3920000000,97,3920000000,,0.000590500945691,-0.000142590055475,-0.000158694892889,1.75182812701e-10,-3.16042782222e-11,-1.19196371523e-11
3960000000,98,3960000000,,0.000611576018855,-0.000145892205182,-0.000160316136316,1.00011429693e-10,-1.34688545039e-11,-8.80738103975e-12
4000000000,99,4000000000,,0.000627033761702,-0.000147151906276,-0.000161910138559,4.39413748443e-11,5.4398125544e-13,-5.72425223541e-12
4040000000,100,4040000000,,0.000635087257251,-0.000145921905641,-0.000163443080964,8.17215305843e-12,4.2027700764e-12,-2.65829415771e-12
4081000000,101,4081000000,,0.000635351228993,-0.000142096425407,-0.000164957804373,-9.72759980206e-12,1.16294248537e-11,-3.32089911126e-12
4120000000,102,4120000000,,0.000626390683465,-0.000135483700433,-0.000166417870787,-6.97210969514e-11,4.13585832248e-11,-7.5087566373e-12
4160000000,103,4160000000,,0.000606700486969,-0.000125728955027,-0.000167902340763,-2.23740470595e-10,9.91461635014e-11,-1.29294960155e-11
4200000000,104,4200000000,,0.000574392150156,-0.000112255860586,-0.000169409817318,-4.85265383432e-10,1.86188300888e-10,-1.86975990246e-11
4240000000,105,4240000000,,0.000530684483238,-9.65034923865e-05,-0.000170835293829,-8.43609404555e-10,2.98724378567e-10,-2.43702662217e-11
4280000000,106,4280000000,,0.000471852748888,-7.63696079957e-05,-0.000172322877916,-1.401673555e-09,4.43678510598e-10,-3.10889612665e-11
4320000000,107,4320000000,,0.000401616736781,-5.44254107808e-05,-0.000173732623807,-0.00193261017557,0.000605883426033,-3.60546400771e-05
4360000000,108,4360000000,,0.000309781025862,-2.67179384537e-05,-0.000175172157469,-0.00255115120672,0.000728640588932,-3.60017329513e-05
4400000000,109,4400000000,,0.000197386994842,5.80963887842e-06,-0.000176645524334,-0.00277846748941,0.000807824661024,-3.58568504453e-05
4440000000,110,4440000000,,8.45156027935e-05,3.69307344954e-05,-0.000178045724169,-0.00288880849257,0.000760210386943,-3.59165496775e-05
4480000000,111,4480000000,,-2.96173711831e-05,6.68778084219e-05,-0.000179516006028,-0.00271554104984,0.000694466463756,-3.57905773853e-05
4520000000,112,4520000000,,-0.000133309105877,9.14997217478e-05,-0.000180911054485,-0.00252965139225,0.000576193619054,-3.56837881554e-05
4560000000,113,4560000000,,-0.000227845404879,0.000111151035526,-0.000182367046364,-0.00212077540345,0.000375394272851,-3.5383622162e-05
4600000000,114,4600000000,,-0.000304056098685,0.00012085979688,-0.000183774740435,-1.40644007551e-09,1.27191784882e-10,-2.94373657395e-11
4644000000,115,4644000000,,-0.000361217767932,0.000124026424601,-0.000185134485946,-8.4845563908e-10,1.18944186098e-11,-2.26657789759e-11
4681000000,116,4681000000,,-0.000395367969759,0.000120838682051,-0.000186484816368,-2.52351639585e-10,-4.65576986686e-11,-1.23785972792e-11
4722000000,117,4722000000,,-0.000422764685936,0.000114694441436,-0.000187898229342,-2.53732229671e-10,-5.37852609672e-11,-1.24458039361e-11
4760000000,118,4760000000,,-0.000453198095784,0.000108458756586,-0.000189315585885,-3.69941938194e-10,-7.18197445959e-11,-1.58419041774e-11
4800000000,119,4800000000,,-0.000492125051096,0.000101533507404,-0.000190818565898,-5.85334725134e-10,-9.24078313869e-11,-2.1002991013e-11
4841000000,120,4841000000,,-0.000536257633939,9.37035656534e-05,-0.000192435050849,-5.75429204286e-10,-1.13625844844e-10,-2.17575419487e-11
4880000000,121,4880000000,,-0.000578371982556,8.50063661346e-05,-0.000194074571482,-5.17333176298e-10,-1.15199481898e-10,-2.1458728891e-11
4920000000,122,4920000000,,-0.000614121265244,7.53971471568e-05,-0.000195721237105,-3.73232916795e-10,-1.16736828537e-10,-1.8907809346e-11
4960000000,123,4960000000,,-0.000645203865133,6.46970438538e-05,-0.000197454661247,-2.43427972224e-10,-1.01101724215e-10,-1.5907657136e-11
5000000000,124,5000000000,,-0.000667532673106,5.27256415808e-05,-0.000199222500669,-1.16853152154e-10,-8.38515992752e-11,-1.19859695086e-11
5040000000,125,5040000000,,-0.000680493598338,3.99179407395e-05,-0.00020106806187,-3.04273030383e-11,-6.03252725551e-11,-8.35512908859e-12
5080000000,126,5080000000,,-0.000681162637193,2.62364847003e-05,-0.000202892231755,2.46529428816e-11,-6.38873468017e-11,-8.52345711372e-12
5120000000,127,5120000000,,-0.000669676228426,1.27776847876e-05,-0.000204693191336,1.30068247839e-10,-1.04701768089e-10,-1.34150832803e-11
5160000000,128,5160000000,,-0.000644120445941,-1.91114145309e-06,-0.000206556520425,3.68506863913e-10,-1.59405127986e-10,-2.09949106711e-11
5200000000,129,5200000000,,-0.00060373271117,-1.6533787857e-05,-0.000208436220419,7.4453515575e-10,-2.36745872906e-10,-2.94413625423e-11
5240000000,130,5240000000,,-0.000545228656847,-3.1769148336e-05,-0.000210375874303,1.37954581092e-09,-2.99852503938e-10,-3.98968601212e-11
5280000000,131,5280000000,,-0.000473706051707,-4.60584305984e-05,-0.000212231694604,0.00203810306266,-0.000371777190594,-4.76345776406e-05
5320000000,132,5320000000,,-0.000376508833142,-6.12372095929e-05,-0.000214138097363,0.00272233388387,-0.000379673903808,-4.76695677207e-05
5360000000,133,5360000000,,-0.000258582702372,-7.63105781516e-05,-0.000216043728869,0.00310297263786,-0.0003523772466,-4.7718785936e-05
5400000000,134,5400000000,,-0.000125942897284,-8.85298941284e-05,-0.000218002431211,0.00324420002289,-0.000253841339145,-4.78096844745e-05
5440000000,135,5440000000,,-6.51896743875e-06,-9.61768528214e-05,-0.000219767811359,0.00323208095506,-0.000157495567692,-4.77274697914e-05
5480000000,136,5480000000,,0.000125961014419,-9.9880482594e-05,-0.00022177027131,0.00300193531439,-3.40197402693e-05,-4.76153618365e-05
5520000000,137,5520000000,,0.000240577879595,-9.91904598777e-05,-0.000223670998821,0.0027981265448,7.45021607145e-05,-4.74313965242e-05
5560000000,138,5560000000,,0.000345136155374,-9.39394230954e-05,-0.000225561816478,0.00241696275771,0.000174659609911,-4.70951854368e-05
5600000000,139,5600000000,,0.000437297276221,-8.52919110912e-05,-0.000227489013923,0.00207299483009,0.000246122595854,-4.69058213639e-05
5640000000,140,5640000000,,0.000507550314069,-7.47670492274e-05,-0.000229265526286,1.38962352736e-09,2.49299608734e-10,-3.9140593544e-11
5682000000,141,5682000000,,0.000564597779885,-6.29429414403e-05,-0.000231112804613,6.86969814367e-10,1.73937933501e-10,-2.72291200004e-11
5720000000,142,5720000000,,0.000607293564826,-5.02160837641e-05,-0.000232957900153,4.93683094405e-10,1.66996749762e-10,-2.26381535046e-11
5764000000,143,5764000000,,0.000643171311822,-3.6706103856e-05,-0.000234672887018,3.9763534132e-10,1.72239278395e-10,-2.03285860367e-11
5800000000,144,5800000000,,0.000675320276059,-2.0250239686e-05,-0.000236447594943,3.10398207137e-10,1.80483378243e-10,-1.82404924498e-11
5840000000,145,5840000000,,0.000701718323398,-2.36740493165e-06,-0.000238161403104,2.24140705996e-10,1.81516079945e-10,-1.62004871324e-11
5880000000,146,5880000000,,0.000722076219972,1.77594156412e-05,-0.000239859407884,1.47933665318e-10,1.750432993e-10,-1.43523465682e-11
5920000000,147,5920000000,,0.000734929868486,3.87175969081e-05,-0.000241506306338,7.11991576807e-11,1.72738726101e-10,-1.28643640879e-11
5960000000,148,5960000000,,0.000739492010325,6.23855521553e-05,-0.000243226473685,-3.5672864402e-12,1.68681707491e-10,-1.21882651541e-11
6000000000,149,6000000000,,0.000733581546228,8.64184185048e-05,-0.000244897470111,-9.74380298668e-11,2.10054751371e-10,-1.41883909135e-11
6040000000,150,6040000000,,0.000715657661203,0.000110952365503,-0.000246561976383,-2.66654476277e-10,2.63078364648e-10,-1.80121004917e-11
6080000000,151,6080000000,,0.000684605329297,0.000135645357659,-0.000248221273068,-5.29977117747e-10,3.48383710769e-10,-2.33222746671e-11
6120000000,152,6120000000,,0.000637282209937,0.000160273833899,-0.000249919074122,-9.90729165373e-10,4.31039204329e-10,-3.04297177733e-11
6160000000,153,6160000000,,0.000577830069233,0.000182941206731,-0.000251530465903,-1.54969514998e-09,5.12356324034e-10,-3.72992400854e-11
6200000000,154,6200000000,,0.000497602275573,0.000205072050449,-0.000253223348409,-0.00214548571967,0.000512289057951,-4.1291146772e-05
6240000000,155,6240000000,,0.000400022632675,0.000225716881687,-0.000254823709838,-0.00278259487823,0.000502687005792,-4.10007596656e-05
6280000000,156,6280000000,,0.000279048515949,0.000243896822212,-0.000256460887613,-0.00309800822288,0.000395582203055,-4.0899929445e-05
6320000000,157,6320000000,,0.000152474283823,0.000256128085312,-0.000258095125901,-0.00328767974861,0.000215999956708,-4.08348496421e-05
6361000000,158,6361000000,,1.70243074535e-05,0.000260826083831,-0.000259803724475,-0.00311846239492,7.60072543926e-06,-4.05291939387e-05
6400000000,159,6400000000,,-9.95005102595e-05,0.000257284613326,-0.000261340755969,-0.00299657392316,-0.000171894062078,-4.03589001507e-05
6440000000,160,6440000000,,-0.000211178441532,0.000246288691415,-0.000262947316514,-0.00262457132339,-0.000370606343495,-3.99390009989e-05
6480000000,161,6480000000,,-0.00031291495543,0.000228019591304,-0.000264580099611,-0.00230646296404,-0.000506418058649,-3.96470495616e-05
6520000000,162,6520000000,,-0.000396117742639,0.000204429903533,-0.000266156712314,-1.88847470994e-09,-6.45798914345e-10,-3.92102912639e-11
6560000000,163,6560000000,,-0.000459608592791,0.000179103924893,-0.000267730822088,-9.63647273089e-10,-4.73119488031e-10,-2.88185256908e-11
6601000000,164,6601000000,,-0.000498613517266,0.00015621703642,-0.000269022566499,-6.97966628938e-10,-4.74047467947e-10,-2.53429933289e-11
6641000000,165,6641000000,,-0.000621890707407,0.000124788362882,-0.000270551914582,-0.00372100411914,-0.000823478796519,-3.62485734513e-05
6682000000,166,6682000000,,-0.000847071351018,7.81835333328e-05,-0.000272149656666,-0.00448711076751,-0.00105613400228,-3.15685683745e-05
6720000000,167,6720000000,,-0.00101399619598,3.57170429197e-05,-0.000273239362286,-0.00186898338143,-0.00117303070147,-2.80347103399e-05
6760000000,168,6760000000,,-0.00100476259831,-7.24272331354e-06,-0.000274213496596,0.00519728986546,-0.00114709488116,-2.83543486148e-05
6802000000,169,6802000000,,-0.00051014078781,-5.38444437552e-05,-0.000275497586699,0.019720511511,-0.00108522851951,-3.2584710425e-05
6842000000,170,6842000000,,0.000829769938719,-9.65130020631e-05,-0.000277007813565,0.0406893454492,-0.000905554450583,-3.75848067051e-05
6880000000,171,6880000000,,0.00276190880686,-0.000129120511701,-0.000278530846117,0.0614550672472,-0.00079929974163,-4.16620532633e-05
6920000000,172,6920000000,,0.00576497847214,-0.000156883019372,-0.000280253356323,0.0873973071575,-0.000615352764726,-4.45198347734e-05
6960000000,173,6960000000,,0.00976946391165,-0.000178890011739,-0.000282060267637,0.113560587168,-0.000476147717563,-4.55525441794e-05
7000000000,174,7000000000,,0.0150614157319,-0.000194216874661,-0.000283898145426,0.140850290656,-0.000316900288453,-4.53999127785e-05
7041000000,175,7041000000,,0.0210388023406,-0.000204160329304,-0.000285599991912,0.168220624328,-0.000173844746314,-4.19802272518e-05
7080000000,176,7080000000,,0.0284811872989,-0.00020816369215,-0.000287245085929,0.190884783864,-5.69829862798e-05,-3.90493660234e-05
7120000000,177,7120000000,,0.0366284660995,-0.000207851524465,-0.000288670882583,0.218609511852,0.000111760018626,-3.05429311993e-05
7160000000,178,7160000000,,0.0454849414527,-0.000202826675377,-0.000289826857625,0.231861814857,0.000153974586283,-2.73245404969e-05
7200000000,179,7200000000,,0.0552436187863,-0.00019412097754,-0.000290712923743,0.25280636549,0.000280163483694,-1.77615929715e-05
7240000000,180,7240000000,,0.0654543489218,-0.000182968447916,-0.000291407108307,0.258387893438,0.000304812478134,-1.29433174152e-05
7280000000,181,7280000000,,0.0763625279069,-0.000168285943801,-0.00029174584779,0.2703345716,0.000374960247427,-5.76079219172e-06
7320000000,182,7320000000,,0.0868967622519,-0.000152913780767,-0.000291786738671,0.270024269819,0.000414383976022,2.43923705057e-06
7360000000,183,7360000000,,0.0978307798505,-0.00013417538139,-0.000291412812658,0.270432829857,0.000477004941786,1.04750188257e-05
7400000000,184,7400000000,,0.108726814389,-0.000113186724775,-0.000290668103844,0.264699012041,0.000546653405763,2.4176628358e-05
7440000000,185,7440000000,,0.117389120162,-9.40757308854e-05,-0.000289678457193,0.257962226868,0.00058003643062,3.22159467032e-05
7481000000,186,7481000000,,0.129043698311,-6.63634491502e-05,-0.000287968548946,0.24359998107,0.000622718769591,4.31874614151e-05
7520000000,187,7520000000,,0.138291031122,-4.09116983064e-05,-0.000285951246042,0.227215215564,0.000672068970744,5.95965357206e-05
7560000000,188,7560000000,,0.146898195148,-1.39405701702e-05,-0.000283425673842,0.215838715434,0.000736256770324,7.51715706429e-05
7600000000,189,7600000000,,0.155362829566,1.52182137754e-05,-0.000280485372059,0.189770624042,0.000688602623995,7.28854938643e-05
7640000000,190,7640000000,,0.16244751215,4.19258030888e-05,-0.000277624436421,0.172068715096,0.000661758764181,7.09576488589e-05
7680000000,191,7680000000,,0.168766453862,6.72583773849e-05,-0.000274935649941,0.146674528718,0.000612767180428,6.52826638543e-05
7722000000,192,7722000000,,0.173974990845,8.99942751857e-05,-0.000272494013188,0.125893741846,0.000562631117646,5.8269706642e-05
7760000000,193,7760000000,,0.178723886609,0.000112481378892,-0.000270253105555,0.103137455881,0.000510177924298,4.83577969135e-05
7801000000,194,7801000000,,0.182470157743,0.000132080866024,-0.000268510339083,0.0805462524295,0.00045831274474,3.74968003598e-05
7841000000,195,7841000000,,0.185245886445,0.000150005347678,-0.000267140479991,0.0544327311218,0.0004139530065,2.97387869068e-05
7880000000,196,7880000000,,0.186761587858,0.000165515884873,-0.000266063667368,0.0244402159005,0.000379700766644,2.44724269578e-05
7920000000,197,7920000000,,0.187073856592,0.000180361486855,-0.000265149807092,-0.0104791885242,0.000339298858307,1.91718536371e-05
7960000000,198,7960000000,,0.185943856835,0.000193101674085,-0.000264414469711,-0.046940561384,0.00031296085217,1.70013881871e-05
8000000000,199,8000000000,,0.183218613267,0.000204552270588,-0.000263851630734,-0.0881793648005,0.000262724875938,1.06428251456e-05
8040000000,200,8040000000,,0.178754553199,0.00021512863168,-0.000263328111032,-0.128024816513,0.000241652640398,8.95271750778e-06
8081000000,201,8081000000,,0.173214301467,0.000222763628699,-0.000263137364527,-0.167800843716,0.000198199471924,5.31974274054e-06
8120000000,202,8120000000,,0.165335446596,0.000230769262998,-0.000262864661636,-0.206698670983,0.000168275029864,1.20918400626e-06
8160000000,203,8160000000,,0.156201794744,0.000235867744777,-0.00026300305035,-0.243780240417,0.000131598106236,-3.85520280588e-07
8200000000,204,8200000000,,0.145770967007,0.000240623863647,-0.000263052381342,-0.279574215412,8.5751307779e-05,-6.08142636338e-06
8240000000,205,8240000000,,0.133629962802,0.00024278825731,-0.000263383641141,-0.304979234934,6.52743256069e-05,-5.41022382095e-06
8283000000,206,8283000000,,0.120452359319,0.00024421515991,-0.000263715395704,-0.337227523327,-6.41589795123e-05,-2.19623943849e-05
8320000000,207,8320000000,,0.10740609467,0.000243937771302,-0.000264089001575,-0.345572590828,3.49125252797e-06,-1.02121202872e-05
8360000000,208,8360000000,,0.0927618816495,0.000242229798459,-0.000264640664682,-0.364373058081,-7.93224753579e-05,-1.79967228178e-05
8401000000,209,8401000000,,0.0782256871462,0.000240449808189,-0.000264993257588,-0.360704600811,-4.94563137181e-05,-1.30408125187e-05
8441000000,210,8441000000,,0.063364803791,0.000236310224864,-0.000265812326688,-0.363572627306,-7.98907567514e-05,-1.46640632011e-05
8486000000,211,8486000000,,0.0504370853305,0.000233544473303,-0.000266107817879,-0.35513395071,-9.06654822757e-05,-1.05607314254e-05
8522000000,212,8522000000,,0.0360160917044,0.000227844720939,-0.000266687915428,-0.342008411884,-0.0001233900839,-1.12361694846e-05
8562000000,213,8562000000,,0.0237916372716,0.00022297326359,-0.000267199880909,-0.325911849737,-0.000153889894136,-1.19051010188e-05
8603000000,214,8603000000,,0.0107862418517,0.000215197680518,-0.000267721625278,-0.302822262049,-0.000175370732904,-9.49724199018e-06
8640000000,215,8640000000,,-0.00136519549415,0.000207031291211,-0.000268247677013,-0.283406972885,-0.000250403187238,-9.45952979237e-06
8680000000,216,8680000000,,-0.0120936483145,0.000197584566195,-0.000268512259936,-0.251801609993,-0.000229367564316,-4.43235649072e-06
8720000000,217,8720000000,,-0.021708637476,0.000187274636119,-0.000268708332442,-0.22917868197,-0.000286953290924,-5.63886260352e-06
8760000000,218,8760000000,,-0.0303129181266,0.000176436151378,-0.000268869567662,-0.193754404783,-0.000272549572401,-2.93079983749e-06
8800000000,219,8800000000,,-0.0375491864979,0.000164729266544,-0.000268980133114,-0.166517555714,-0.000282501539914,-3.09432607537e-06
8840000000,220,8840000000,,-0.0428285785019,0.00015470458311,-0.000269075535471,-0.137809589505,-0.000294188357657,-2.61673221758e-06
8880000000,221,8880000000,,-0.0483597628772,0.000140971911605,-0.000269138574367,-0.105737991631,-0.000299718580209,-1.17102115382e-06
8920000000,222,8920000000,,-0.0519331805408,0.000128535481053,-0.000269191368716,-0.0763409808278,-0.000320463004755,-1.17057624038e-07
8960000000,223,8960000000,,-0.0544270314276,0.000115738810564,-0.00026918851654,-0.0479835756123,-0.000321666302625,8.75481134699e-07
9000000000,224,9000000000,,-0.0557932667434,0.0001021397984,-0.00026916115894,-0.0212872438133,-0.000334684620611,1.47536377426e-06
9040000000,225,9040000000,,-0.0561128668487,8.99077640497e-05,-0.000269171810942,0.00467137340456,-0.000291868520435,-1.36521373406e-06
9081000000,226,9081000000,,-0.0553822144866,7.94304723968e-05,-0.000269506068435,0.0297497622669,-0.000212448590901,-1.31613360281e-05
9120000000,227,9120000000,,-0.0538480244577,7.1490117989e-05,-0.000270076328889,0.0506345070899,-0.00020546799351,-1.70858802448e-05
9160000000,228,9160000000,,-0.0513561889529,6.16617762716e-05,-0.000270708231255,0.0717298313975,-0.000285739079118,-1.30693251776e-05
9200000000,229,9200000000,,-0.0480597727001,4.53149114037e-05,-0.000270740187261,0.0876807793975,-0.000464693381218,5.92540709476e-06
9241000000,230,9241000000,,-0.0440844967961,2.5128472771e-05,-0.000270384916803,0.102729305625,-0.000526055868249,9.7863139672e-06
9280000000,231,9280000000,,-0.0399612486362,4.01761371904e-06,-0.000270064309007,0.116613976657,-0.000566857226659,5.02034072269e-06
9322000000,232,9322000000,,-0.0350957401097,-1.65172441484e-05,-0.000270112679573,0.127451777458,-0.000527487602085,-5.05996422362e-06
9360000000,233,9360000000,,-0.0298736859113,-3.75190611521e-05,-0.000270374323009,0.133095964789,-0.000472676969366,-1.22248075058e-05
9400000000,234,9400000000,,-0.0244858451188,-5.42727611901e-05,-0.000271087046713,0.125886067748,-0.000410646694945,-1.74439737748e-05
9441000000,235,9441000000,,-0.0195384696126,-6.94449845469e-05,-0.000271839031484,0.113662183285,-0.000285573623842,-1.89259935723e-05
9480000000,236,9480000000,,-0.015525736846,-8.05416202638e-05,-0.000272579287412,0.0894664674997,-0.000274891615845,-1.75725926965e-05
9520000000,237,9520000000,,-0.0123895164579,-9.00736777112e-05,-0.000273311510682,0.0632328763604,-0.000184540826012,-1.8001825083e-05
9562000000,238,9562000000,,-0.0106482803822,-9.66335792327e-05,-0.000273928686511,0.034122236073,-0.000169283302967,-1.60503041116e-05
9603000000,239,9603000000,,-0.00995406601578,-0.000102650323242,-0.000274610094493,-1.30850452695e-09,-9.31699717377e-11,-1.25393298175e-11
9640000000,240,9640000000,,-0.0107784606516,-0.000106557643448,-0.000275108322967,-0.0377004928887,-7.71419872763e-05,-9.81392622634e-06
9682000000,241,9682000000,,-0.0131199229509,-0.000109449931188,-0.000275528029306,-0.0749435648322,-6.1003058363e-05,-1.03868087535e-05
9720000000,242,9720000000,,-0.0167382564396,-0.000111688859761,-0.000275921018329,-0.109560742974,-5.77011087444e-05,-1.01831265056e-05
9760000000,243,9760000000,,-0.0217250846326,-0.000112742513011,-0.000276310864137,-0.141425713897,2.61913501163e-05,-1.05629706013e-05
9802000000,244,9802000000,,-0.02801682055,-0.000109487322334,-0.000276653503533,-0.174914836884,0.000111867491796,-4.96196662425e-06
9840000000,245,9840000000,,-0.0356313437223,-0.000103557998955,-0.000276743405266,-0.199563860893,0.000191664978047,-5.34316041012e-06
9881000000,246,9881000000,,-0.0435682870448,-9.64718492469e-05,-0.000276918959571,-0.227858349681,0.000113785346912,-4.73849240734e-06
9920000000,247,9920000000,,-0.0537661314011,-8.90753144631e-05,-0.000277216022369,-0.242889419198,0.000187302110135,-1.19471742437e-05
9960000000,248,9960000000,,-0.0640036761761,-8.35842147353e-05,-0.000277530343737,-0.263148397207,0.00011907688895,-8.85757344804e-06
10000000000,249,10000000000,,-0.0746414512396,-7.83055293141e-05,-0.000277854182059,-0.269089490175,0.000119394047942,-9.665928701e-06
10040000000,250,10040000000,,-0.0856935828924,-7.59846370784e-05,-0.000278048042674,-0.277258753777,6.66983323754e-05,-5.00281112181e-06
10080000000,251,10080000000,,-0.0969672575593,-7.35654175514e-05,-0.000278258608887,-0.276701033115,3.07383161271e-05,-2.71649059869e-06
10120000000,252,10120000000,,-0.108071751893,-7.44775097701e-05,-0.000278148130747,-0.272143900394,-5.09994606546e-06,2.35584207076e-06
10160000000,253,10160000000,,-0.118496514857,-7.61003248044e-05,-0.00027795394999,-0.267082720995,-0.000102376281575,1.29670743263e-05
10200000000,254,10200000000,,-0.128988474607,-8.31675788504e-05,-0.000276843667962,-0.250694066286,-0.000174287182745,2.76142363873e-05
10240000000,255,10240000000,,-0.138767525554,-9.16928402148e-05,-0.000275504222373,-0.240468904376,-0.000305924884742,4.55535591755e-05
10280000000,256,10280000000,,-0.147920072079,-0.000102102509118,-0.000273764861049,-0.215825974941,-0.000240704437601,3.98572155973e-05
10320000000,257,10320000000,,-0.156247213483,-0.000112451707537,-0.000272110279184,-0.200175434351,-0.00027901653084,4.30097607023e-05
10364000000,258,10364000000,,-0.163649737835,-0.000121291581308,-0.000270786695182,-0.172646060586,-0.000203290779609,2.82141227217e-05
10400000000,259,10400000000,,-0.170392811298,-0.00013036945893,-0.000269407231826,-0.153128579259,-0.00019623238768,2.98209652101e-05
10440000000,260,10440000000,,-0.17582437396,-0.000137500028359,-0.000268350850092,-0.128204390407,-0.000176817542524,2.5327952244e-05
10481000000,261,10481000000,,-0.180380657315,-0.000144519581227,-0.000267315685051,-0.108250848949,-0.000163089949638,2.36883843172e-05
10520000000,262,10520000000,,-0.184397295117,-0.000151172294863,-0.00026636410621,-0.0835438668728,-0.000157454021974,2.21357913688e-05
10560000000,263,10560000000,,-0.187201276422,-0.000157340167789,-0.000265474402113,-0.0563623644412,-0.000144150602864,1.9974559109e-05
10611000000,264,10611000000,,-0.188995659351,-0.000164671029779,-0.000264538888587,-0.0133345965296,-0.000129489024403,1.60800791491e-05
10641000000,265,10641000000,,-0.189012303948,-0.000168651909917,-0.00026399132912,0.0125677827746,-0.000135127265821,1.89922830032e-05
10681000000,266,10681000000,,-0.187937408686,-0.00017324865621,-0.000263391528279,0.0465875156224,-0.000105078834167,1.13342539407e-05
10723000000,267,10723000000,,-0.18565800786,-0.000177530760993,-0.000262838206254,0.0788422897458,-0.000128650470288,1.79478574864e-05
10760000000,268,10760000000,,-0.181202530861,-0.000182226882316,-0.000262295594439,0.122212871909,-9.54274073592e-05,1.14147178465e-05
10802000000,269,10802000000,,-0.17577137053,-0.000186592078535,-0.000261791923549,0.157598346472,-0.000118227231724,1.5320838429e-05
10857000000,270,10857000000,,-0.16433699429,-0.000191783867194,-0.000261427601799,0.211726427078,-0.00010280769493,6.75570026942e-06
10880000000,271,10880000000,,-0.159329041839,-0.00019410882669,-0.000261169450823,0.245329990983,-0.000101193836599,1.53731762111e-05
10922000000,272,10922000000,,-0.148647040129,-0.000196301640244,-0.000260852335487,0.280114769936,-8.15240928205e-05,9.75819057203e-06
10960000000,273,10960000000,,-0.136818617582,-0.000199310219614,-0.000260495580733,0.31317615509,-2.00614849746e-05,-1.20668204318e-07
11000000000,274,11000000000,,-0.123507618904,-0.000199382935534,-0.000260706001427,0.329590499401,-4.49861508969e-05,-7.52114317493e-07
11042000000,275,11042000000,,-0.111815467477,-0.000199992689886,-0.000260756583884,0.354806154966,0.000151246829773,-2.16140015254e-05
11080000000,276,11080000000,,-0.0957161486149,-0.000197907604161,-0.000261333741946,0.358876228333,1.34527745104e-05,-9.7835327324e-06
11127000000,277,11127000000,,-0.0824354812503,-0.000195310392883,-0.000261816661805,0.372941255569,0.000114965594548,-1.78315713129e-05
11162000000,278,11162000000,,-0.0663870200515,-0.000193682441022,-0.000262450193986,0.369045227766,3.05093544739e-05,-1.13617552415e-05
11205000000,279,11205000000,,-0.0498117357492,-0.000189224461792,-0.00026317735319,0.359378010035,5.82267348364e-05,-1.72620584635e-05
11245000000,280,11245000000,,-0.0354593843222,-0.000187691824976,-0.000263660796918,0.358607232571,5.83129840379e-05,-1.21578150356e-05
11280000000,281,11280000000,,-0.022950746119,-0.000183492025826,-0.000264101603534,0.348486125469,6.00478160777e-05,-1.01104869827e-05
11320000000,282,11320000000,,-0.00910799391568,-0.000180936927791,-0.00026448132121,0.331512629986,0.0001379075984,-9.16633143788e-06
11360000000,283,11360000000,,0.00348596461117,-0.00017499900423,-0.000264866335783,0.296570748091,0.000100550278148,-7.36380798116e-06
11400000000,284,11400000000,,0.0148829417303,-0.000169621358509,-0.000265134469373,0.274003684521,0.0002406216081,-5.0338321671e-06
11440000000,285,11440000000,,0.0250391718,-0.000162961005117,-0.00026528374292,0.23609572649,0.000148912527948,-1.37752408591e-06
11480000000,286,11480000000,,0.0339476689696,-0.00015418282419,-0.000265330425464,0.207781553268,0.000274485559203,-6.57901864543e-07
11520000000,287,11520000000,,0.0411194823682,-0.00014251882385,-0.000264945498202,0.172972366214,0.000342176906997,1.64230623341e-05
11560000000,288,11560000000,,0.0474420338869,-0.000126694998471,-0.000264079077169,0.141659244895,0.000404688762501,2.18108962144e-05
11601000000,289,11601000000,,0.0524642504752,-0.000110001463327,-0.000263153109699,0.106717698276,0.000406695849961,2.26131851377e-05
11640000000,290,11640000000,,0.0561650581658,-9.30603127927e-05,-0.000262268673396,0.0730757936835,0.000394919887185,1.89563215827e-05
11680000000,291,11680000000,,0.0583855547011,-7.82802890171e-05,-0.000261606153799,0.0432481318712,0.000354444899131,1.47773253047e-05
11720000000,292,11720000000,,0.0594834573567,-6.46160406177e-05,-0.000261124310782,0.0138599406928,0.000322085455991,1.02411613625e-05
11760000000,293,11760000000,,0.0594815015793,-5.27958436578e-05,-0.000260804546997,-0.0122036058456,0.000282651395537,6.62129014017e-06
11800000000,294,11800000000,,0.0584130473435,-4.13216766901e-05,-0.000260566419456,-0.0376000478864,0.000262813293375,4.60119917989e-06
11840000000,295,11840000000,,0.0564380660653,-3.1889147067e-05,-0.000260461354628,-0.0604258924723,0.000217816035729,1.89212425994e-06
11883000000,296,11883000000,,0.053769826889,-2.33961891354e-05,-0.000260403467109,-0.0775242000818,0.000221753507503,1.67582845734e-06
11920000000,297,11920000000,,0.0500685796142,-1.50994228534e-05,-0.00026038903161,-0.0969258472323,0.000188320947927,4.96557618135e-07
11960000000,298,11960000000,,0.0459257215261,-7.44207545722e-06,-0.0002603790781,-0.110652677715,0.000185999189853,-5.40968642326e-07
12001000000,299,12001000000,,0.040915414691,-7.3215608154e-07,-0.000260468572378,-0.12361125648,0.000164594006492,-1.18113882763e-06
12042000000,300,12042000000,,0.0357527993619,6.04434853813e-06,-0.000260507367784,-0.130187481642,0.000158538925461,-1.50044900238e-06
12080000000,301,12080000000,,0.0304698329419,1.09749707917e-05,-0.000260669185081,-0.139809548855,0.000142177843372,-3.64221841664e-06
12120000000,302,12120000000,,0.0248414520174,1.66299087141e-05,-0.000260821747361,-0.145018920302,0.000128014435177,-5.62007198823e-06
12160000000,303,12160000000,,0.0192073956132,2.1091713279e-05,-0.000261014036369,-0.141578540206,0.000139837909956,-4.32023671237e-06
12201000000,304,12201000000,,0.0135629260913,2.66278893832e-05,-0.00026120475377,-0.142160728574,9.35694624786e-05,-5.93022514295e-06
12240000000,305,12240000000,,0.00807841401547,3.22022897308e-05,-0.000261391862296,-0.133209392428,0.000153872693772,-4.82016912429e-06
12280000000,306,12280000000,,0.00268693128601,3.77498181479e-05,-0.000261636683717,-0.127649053931,0.000126497267047,-5.30663101017e-06
12320000000,307,12320000000,,-0.00204388331622,4.31210537499e-05,-0.000261849549133,-0.116130702198,0.000135212234454,-5.6296312323e-06
12361000000,308,12361000000,,-0.006430094596,4.74245789519e-05,-0.000262088316958,-0.106431379914,0.000109210719529,-5.27638394487e-06
12402000000,309,12402000000,,-0.0101898545399,5.14549174113e-05,-0.000262287503574,-0.0933799222112,9.71077097347e-05,-5.32999229108e-06
12440000000,310,12440000000,,-0.0139848189428,5.45556431462e-05,-0.000262509536697,-0.0812319293618,7.0242836955e-05,-4.87220177092e-06
12482000000,311,12482000000,,-0.0168213732541,5.68752657273e-05,-0.000262690999079,-0.0694186091423,4.93598126923e-05,-5.05037587573e-06
12520000000,312,12520000000,,-0.0194456018507,5.81300919293e-05,-0.000262870627921,-0.0545332431793,2.55913491856e-05,-3.88343642044e-06
12560000000,313,12560000000,,-0.0213520657271,5.86485548411e-05,-0.000262986199232,-0.0421211272478,-1.51591948452e-05,-1.91201797861e-06
12600000000,314,12600000000,,-0.0227116588503,5.81937601964e-05,-0.000263010791969,-0.0281836017966,-1.76221601578e-05,2.50735382679e-07
12640000000,315,12640000000,,-0.0236090123653,5.7031014876e-05,-0.000262977962848,-0.0157531630248,-3.34939431923e-05,1.43725253565e-06
12680000000,316,12680000000,,-0.0239657554775,5.54626349185e-05,-0.000262889981968,-0.00380342919379,-4.84186966787e-05,2.69809652309e-06
12720000000,317,12720000000,,-0.0239049382508,5.33719212399e-05,-0.000262775633018,0.0071507403627,-5.37447813258e-05,3.41418990502e-06
12760000000,318,12760000000,,-0.0234158933163,5.07215772814e-05,-0.000262618617853,0.0173713415861,-7.58466558182e-05,4.50845936939e-06
12801000000,319,12801000000,,-0.0224741343409,4.75507440569e-05,-0.00026242621243,0.0271509699523,-8.2080870925e-05,5.0072931117e-06
12840000000,320,12840000000,,-0.0212280191481,4.38317401859e-05,-0.00026220548898,0.0352663211524,-9.95678710751e-05,5.91830303165e-06
12881000000,321,12881000000,,-0.0199924018234,4.09928106819e-05,-0.000262022425886,0.0410699881613,-9.48812521528e-05,5.82602524446e-06
12921000000,322,12921000000,,-0.0179202686995,3.60255580745e-05,-0.000261735840468,0.0471976287663,-0.000111821573228,6.13771862845e-06
12960000000,323,12960000000,,-0.0158867370337,3.1859446608e-05,-0.000261499022599,0.0500127822161,-0.00011424672266,5.60418448003e-06
13000000000,324,13000000000,,-0.0139156347141,2.74450412689e-05,-0.000261284701992,0.0541074983776,-9.21459795791e-05,5.24203187524e-06
13040000000,325,13040000000,,-0.0115935886279,2.27277723752e-05,-0.000261070003035,0.0546454787254,-0.000120465228974,5.22175741935e-06
13080000000,326,13080000000,,-0.00934919994324,1.81287487067e-05,-0.000260857428657,0.0562069192529,-0.000107076630229,4.56708630736e-06
13120000000,327,13120000000,,-0.00713867414743,1.33034709506e-05,-0.000260670174612,0.0548958517611,-0.000126436018036,4.70115628559e-06
13160000000,328,13160000000,,-0.00499215675518,8.83588836587e-06,-0.000260493485257,0.0537680909038,-0.000114540758659,3.9159467633e-06
13200000000,329,13200000000,,-0.00290506496094,3.83639644497e-06,-0.000260334141785,0.0509799607098,-0.000127740990138,3.9168398871e-06
13240000000,330,13240000000,,-0.000866547517944,-7.85498514233e-07,-0.000260191998677,0.0474194809794,-0.000117195682833,3.11490953209e-06
13281000000,331,13281000000,,0.000907737994567,-5.47473564438e-06,-0.000260071712546,0.0442935600877,-0.000120002718177,3.23720769302e-06
13320000000,332,13320000000,,0.00258813821711,-9.54442475631e-06,-0.000259965396253,0.0394632332027,-0.000108888896648,2.53709367826e-06
13360000000,333,13360000000,,0.00401574280113,-1.36712114909e-05,-0.000259868713329,0.0362105928361,-9.99999829219e-05,2.68720987151e-06
13400000000,334,13400000000,,0.00541168730706,-1.73815333255e-05,-0.000259772670688,0.0302643179893,-9.26202992559e-05,2.19515845856e-06
13440000000,335,13440000000,,0.00653380900621,-2.07745342777e-05,-0.000259684224147,0.0258957259357,-6.17637997493e-05,2.11381393456e-06
13480000000,336,13480000000,,0.00744770141318,-2.3535465516e-05,-0.00025960279163,0.0202095750719,-6.7707253038e-05,2.11343649426e-06
13520000000,337,13520000000,,0.0081623615697,-2.58919008047e-05,-0.000259517953964,0.0153521969914,-4.8908048484e-05,1.90267542166e-06
13560000000,338,13560000000,,0.00867346767336,-2.79355645034e-05,-0.00025944004301,0.0100132450461,-4.76977002108e-05,1.96397991203e-06
13600000000,339,13600000000,,0.0089706433937,-2.94100900646e-05,-0.000259365682723,0.00529197836295,-3.16417317663e-05,1.8699146267e-06
13640000000,340,13640000000,,0.00908741820604,-3.05505964207e-05,-0.000259288353845,2.73408018447e-10,-9.60494010716e-12,7.1549358235e-13
13680000000,341,13680000000,,0.00902260374278,-3.11152507493e-05,-0.000259200227447,-0.00390102667734,-6.03642456554e-06,2.09620361602e-06
13720000000,342,13720000000,,0.00878824014217,-3.1265499274e-05,-0.000259122956777,-0.0077018099837,-2.0204881821e-06,2.01523130272e-06
13762000000,343,13762000000,,0.00839363969862,-3.09042552544e-05,-0.000259028252913,-0.0109947081655,1.18434236356e-05,2.27893747251e-06
13800000000,344,13800000000,,0.00792309548706,-3.03733449982e-05,-0.000258949876297,-0.0139998160303,1.92945808521e-05,2.29436136578e-06
13840000000,345,13840000000,,0.00730436015874,-2.9235097827e-05,-0.000258850428509,-0.0160101968795,3.12840311381e-05,2.58786394625e-06
13880000000,346,13880000000,,0.00659445067868,-2.78521256405e-05,-0.000258750107605,-0.018232177943,4.25007638114e-05,2.66886468125e-06
13920000000,347,13920000000,,0.00586499273777,-2.60940469161e-05,-0.000258645071881,-0.0194090344012,4.7557256039e-05,2.65850076175e-06
13960000000,348,13960000000,,0.00503023853526,-2.40623649006e-05,-0.000258543441305,-0.0204845722765,5.51642515347e-05,2.74201329376e-06
14001000000,349,14001000000,,0.00426673702896,-2.19595276576e-05,-0.000258443877101,-0.0208424888551,5.6306605984e-05,2.6176198844e-06
14043000000,350,14043000000,,0.00341886817478,-1.96710188902e-05,-0.000258340412984,-0.0208877455443,6.08584159636e-05,2.74931630884e-06
14080000000,351,14080000000,,0.00263679283671,-1.73577045643e-05,-0.000258233922068,-0.0207039732486,5.90474410274e-05,2.53917346527e-06
14120000000,352,14120000000,,0.00173498131335,-1.46933534779e-05,-0.000258116226178,-0.0198414213955,6.27687113592e-05,2.72999682238e-06
14160000000,353,14160000000,,0.000952879781835,-1.22302135424e-05,-0.000257999869063,-0.0193883441389,5.44732502021e-05,3.0570281524e-06
14200000000,354,14200000000,,0.00022427746444,-9.80643380899e-06,-0.000257862498984,-0.017738180235,6.28140405752e-05,3.87681393477e-06
14242000000,355,14242000000,,-0.000531727622729,-7.14616408004e-06,-0.000257686362602,-0.0165439210832,6.43384701107e-05,4.33245850218e-06
14283000000,356,14283000000,,-0.00117592164315,-4.49873687103e-06,-0.000257493084064,-0.0143884653226,6.14074524492e-05,4.81606139147e-06
14323000000,357,14323000000,,-0.00171519408468,-2.14604324356e-06,-0.000257306382991,-0.0131389442831,6.52490416542e-05,4.89562489747e-06
14362000000,358,14362000000,,-0.00221938197501,5.02669024627e-07,-0.000257094914559,-0.0111814280972,6.03030675848e-05,4.98242070535e-06
14402000000,359,14402000000,,-0.00259309029207,2.68326016339e-06,-0.000256910221651,-0.00941341836005,6.12301373621e-05,5.27824067831e-06
14444000000,360,14444000000,,-0.00294826133177,5.16586851518e-06,-0.000256678409642,-0.00730496551841,5.2545699873e-05,5.32594185643e-06
14484000000,361,14484000000,,-0.00319376471452,7.34214108888e-06,-0.000256463797996,-0.00525643583387,5.34423998033e-05,5.6116741689e-06
14521000000,362,14521000000,,-0.00334935938008,7.48917045712e-06,-0.000256233906839,-0.00340929650702,-4.48770588264e-05,7.13882946002e-06
14560000000,363,14560000000,,-0.00344557780772,3.56556552106e-06,-0.000255892286077,-1.1382671472e-09,-1.09179013053e-10,7.31244925722e-12
14600000000,364,14600000000,,-0.00346901314333,-2.36345772464e-06,-0.000255480466876,2.80430852151e-11,-1.67242591304e-11,1.31617741879e-12
14640000000,365,14640000000,,-0.00343673117459,-7.61921182857e-06,-0.00025506617385,9.52844692037e-10,-9.32150259758e-11,7.53223872163e-12
14680000000,366,14680000000,,-0.00335994223133,-1.27128914755e-05,-0.000254625978414,0.00242825271562,-0.000115768787509,1.11559866127e-05
14720000000,367,14720000000,,-0.00323906843551,-1.75965615199e-05,-0.000254163489444,0.00374361034483,-0.000132529981784,1.21146658785e-05
14761000000,368,14761000000,,-0.00306287687272,-2.22854869207e-05,-0.000253670528764,0.00496650161222,-0.000104165235825,1.25681117424e-05
14800000000,369,14800000000,,-0.00284533388913,-2.58096788457e-05,-0.000253160571447,0.0059401798062,-7.0543064794e-05,1.28643960124e-05
14840000000,370,14840000000,,-0.00259058154188,-2.75793372566e-05,-0.000252646394074,0.00670188991353,-2.38962129515e-05,1.29549353005e-05
14880000000,371,14880000000,,-0.00230890675448,-2.77530471067e-05,-0.000252123456448,0.00732450559735,9.22636081668e-06,1.30796079247e-05
14922000000,372,14922000000,,-0.00200534774922,-2.64186073764e-05,-0.000251599558396,0.00754284812137,4.44563956989e-05,1.30857806653e-05
14961000000,373,14961000000,,-0.00172804959584,-2.43675640377e-05,-0.000251125922659,0.00785195082426,6.35115866316e-05,1.31772676468e-05
15000000000,374,15000000000,,-0.00138400786091,-2.08377259696e-05,-0.000250549666816,0.0077301627025,9.03110412764e-05,1.31685310407e-05
15047000000,375,15047000000,,-0.00108739291318,-1.71763440449e-05,-0.000250048382441,0.007897593081,0.000108238840767,1.31503056764e-05
15081000000,376,15081000000,,-0.000763736665249,-1.23366835396e-05,-0.000249493634328,0.00751928519458,0.000118524643767,1.32349832711e-05
15122000000,377,15122000000,,-0.000463773088995,-7.47886906538e-06,-0.000248963799095,0.00729416450486,0.000124630372738,1.3126165868e-05
15163000000,378,15163000000,,-0.000165367833688,-2.21906134357e-06,-0.000248398660915,0.00677038729191,0.000121571902127,1.31853794301e-05
15202000000,379,15202000000,,7.2358212492e-05,2.13733687815e-06,-0.000247926742304,0.00635153148323,0.000122179029859,1.30786856971e-05
15240000000,380,15240000000,,0.000324624445057,7.12983000994e-06,-0.000247376621701,0.00574758602306,0.000111471781565,1.30639700728e-05
15280000000,381,15280000000,,0.000531527388375,1.13078813229e-05,-0.000246884563239,0.00508458912373,0.000106917184894,1.29299114633e-05
15325000000,382,15325000000,,0.000716459820978,1.52222019096e-05,-0.000246381678153,0.00448851613328,9.21530736377e-05,1.28491201394e-05
15367000000,383,15367000000,,0.000869490846526,1.86184024642e-05,-0.000245910225203,0.0037511291448,8.5948719061e-05,1.27062394313e-05
15402000000,384,15402000000,,0.00103330996353,2.24175510084e-05,-0.000245290866587,0.0029605163727,7.71340273786e-05,1.25312062664e-05
15440000000,385,15440000000,,0.00112654746044,2.48544201895e-05,-0.000244841095991,0.00226510572247,6.08374939475e-05,1.2484583749e-05
15480000000,386,15480000000,,0.00120313279331,2.69924239547e-05,-0.000244346651016,1.19593335235e-09,4.14587912612e-11,9.47986394245e-12
15521000000,387,15521000000,,0.00124332681298,2.85097576125e-05,-0.000243864429649,2.60275301311e-10,1.10202368064e-11,4.3405500548e-12
15560000000,388,15560000000,,0.00126235582866,2.95974896289e-05,-0.000243375587161,3.1021889918e-11,3.26344225081e-12,1.48376471699e-12
15600000000,389,15600000000,,0.00126563454978,3.04337227135e-05,-0.000242909736698,-3.60193927636e-12,6.98021989601e-13,5.02263432667e-13
15640000000,390,15640000000,,0.00125527777709,3.11447984132e-05,-0.000242433423409,-9.75523758995e-11,3.63679789409e-12,2.62667817184e-12
15680000000,391,15680000000,,0.00122920493595,3.16199584631e-05,-0.000241943984292,-3.57667423456e-10,2.36408744143e-12,5.01791837249e-12
15720000000,392,15720000000,,0.00118775432929,3.19587379636e-05,-0.000241480855038,-7.94704024809e-10,2.9068691898e-12,7.48474979911e-12
15760000000,393,15760000000,,0.00112569110934,3.19075443258e-05,-0.000240994733758,-1.6245752521e-09,-6.41315733158e-12,1.06011015938e-11
15800000000,394,15800000000,,0.00104835012462,3.17491321766e-05,-0.000240546913119,-0.00225548702292,-1.10875434984e-05,1.18025818665e-05
15840000000,395,15840000000,,0.000934098905418,3.10058312607e-05,-0.000240071633016,-0.00309479725547,-1.45096391861e-05,1.15668490253e-05
15880000000,396,15880000000,,0.000801681540906,3.00552273984e-05,-0.000239610599237,-0.00355757190846,-3.12795382342e-05,1.14912418212e-05
15920000000,397,15920000000,,0.000646227388643,2.85691348836e-05,-0.000239146189415,-0.0039210608229,-3.60070262104e-05,1.1300825463e-05
15960000000,398,15960000000,,0.000488834746648,2.67675877694e-05,-0.000238695545704,-0.00396547978744,-5.20199318998e-05,1.11903727884e-05
16001000000,399,16001000000,,0.000342298240867,2.48698397627e-05,-0.000238283202634,-0.00394885241985,-5.33921847818e-05,1.11046947495e-05
16040000000,400,16040000000,,0.00018981845642,2.24677314691e-05,-0.000237838772591,-0.00380314094946,-6.65095139993e-05,1.09575184979e-05
16080000000,401,16080000000,,3.50091540895e-05,1.98310244741e-05,-0.000237378917518,-0.00348190683872,-6.54256509733e-05,1.09411548692e-05
16122000000,402,16122000000,,-9.4469236501e-05,1.71417632373e-05,-0.000236953026615,-0.00322250672616,-7.24171186448e-05,1.07764963104e-05
16160000000,403,16160000000,,-0.000220723930397,1.44036948768e-05,-0.000236498803133,-0.00276400521398,-6.86224375386e-05,1.08429876491e-05
16200000000,404,16200000000,,-0.000324811757309,1.16163300845e-05,-0.000236069827224,-0.00245120399632,-5.97052021476e-05,1.0667828974e-05
16240000000,405,16240000000,,-0.000411333836382,9.17334364203e-06,-0.000235654704738,-0.00200897362083,-6.50763540762e-05,1.06571033029e-05
16280000000,406,16280000000,,-0.000478149508126,6.82022391629e-06,-0.000235276122112,-1.45611400715e-09,-4.69297309347e-11,8.94067198748e-12
16320000000,407,16320000000,,-0.000537125335541,4.36439495388e-06,-0.000234813313,-5.8027782579e-10,-3.02994990209e-11,5.66664640558e-12
16360000000,408,16360000000,,-0.000575609330554,2.22271069106e-06,-0.000234398015891,-3.76001035862e-10,-2.20637622755e-11,4.47818735219e-12
16400000000,409,16400000000,,-0.000607347988989,-8.05468829412e-08,-0.000233986720559,-2.83492895825e-10,-2.39007858643e-11,3.84034427522e-12
16440000000,410,16440000000,,-0.000636323413346,-2.53926145888e-06,-0.000233582715737,-2.29796362494e-10,-2.17517392986e-11,3.41606712535e-12
16484000000,411,16484000000,,-0.000661416677758,-5.37158575753e-06,-0.000233180922805,-1.64603150554e-10,-2.18137140295e-11,2.86609364714e-12
16520000000,412,16520000000,,-0.000676831812598,-7.45085344533e-06,-0.000232882754062,-1.01505012728e-10,-1.60116954417e-11,2.25368877206e-12
16560000000,413,16560000000,,-0.000694325892255,-1.13414898806e-05,-0.000232387639699,-3.89978292714e-11,-1.1444152917e-11,1.392498096e-12
16600000000,414,16600000000,,-0.000701054173987,-1.43333190863e-05,-0.000232005579164,-2.52934565653e-12,-3.9930229262e-12,4.86098086696e-13
16641000000,415,16641000000,,-0.000698260497302,-1.76071462192e-05,-0.000231615733355,2.08333211793e-11,-7.4852441953e-12,1.02105509377e-12
16685000000,416,16685000000,,-0.000684340833686,-2.07392367884e-05,-0.000231218131375,1.20313245477e-10,-1.9438613913e-11,2.39423715229e-12
16720000000,417,16720000000,,-0.000660254328977,-2.36384857999e-05,-0.000230852834648,3.03653768796e-10,-2.62268678997e-11,3.73780780633e-12
16760000000,418,16760000000,,-0.000620633771177,-2.66086572083e-05,-0.000230450255913,6.2835114889e-10,-3.97488118808e-11,5.36017888061e-12
16800000000,419,16800000000,,-0.00056851527188,-2.91534706776e-05,-0.000230070814723,1.07114206394e-09,-4.24269300248e-11,6.92943315575e-12
16841000000,420,16841000000,,-0.000504775496665,-3.13983437081e-05,-0.000229701283388,1.65567526356e-09,-5.06674875667e-11,8.57565234103e-12
16882000000,421,16882000000,,-0.000422053853981,-3.32461968355e-05,-0.000229316821788,0.00217211712152,-3.99814525736e-05,9.37714139582e-06
16920000000,422,16920000000,,-0.000321791303577,-3.47963177774e-05,-0.000228937133215,0.00280861044303,-3.61142701877e-05,9.52249592956e-06
16960000000,423,16960000000,,-0.000201143629965,-3.56477357855e-05,-0.000228547651204,0.00307450327091,-1.47810978888e-05,9.57704469329e-06
17006000000,424,17006000000,,-8.20794084575e-05,-3.58507859346e-05,-0.000228186952882,0.00323665305041,7.11757456884e-06,9.42751103139e-06
17040000000,425,17040000000,,4.64735894639e-05,-3.48868161382e-05,-0.000227802593145,0.00302351661958,3.41545819538e-05,9.33333012654e-06
17080000000,426,17080000000,,0.000166650337633,-3.29827089445e-05,-0.000227424854529,0.00276881176978,6.25026223133e-05,9.06637797016e-06
17120000000,427,17120000000,,0.000267970957793,-3.01700711134e-05,-0.000227064228966,0.00235452875495,7.96238164185e-05,8.96340770851e-06
17162000000,428,17162000000,,0.000358373305062,-2.64603986579e-05,-0.000226692965953,1.84208381881e-09,9.41074648764e-11,8.4057509217e-12
17202000000,429,17202000000,,0.000410184002249,-2.33431346714e-05,-0.000226417512749,8.99127439169e-10,6.3832460151e-11,5.64241231862e-12
17240000000,430,17240000000,,0.000462672149297,-1.88130834431e-05,-0.000226043950533,5.03033392718e-10,5.46337697305e-11,4.15372987742e-12
17280000000,431,17280000000,,0.000498917652294,-1.42896215038e-05,-0.000225720985327,3.95837779221e-10,5.36494772219e-11,3.68444641116e-12
17324000000,432,17324000000,,0.000530863122549,-9.24718187889e-06,-0.000225407144171,3.15045267651e-10,5.70989332205e-11,3.32089954494e-12
17360000000,433,17360000000,,0.000563165405765,-2.60651245299e-06,-0.000225041556405,2.33508212766e-10,5.39120206811e-11,2.85720709245e-12
17400000000,434,17400000000,,0.000585953239352,4.01674378736e-06,-0.00022471867851,1.43412989817e-10,4.94672323936e-11,2.29929790485e-12
17441000000,435,17441000000,,0.000603513151873,1.13372843771e-05,-0.000224387826165,7.03004390812e-11,3.87543920566e-11,1.652921181e-12
17480000000,436,17480000000,,0.00061307346914,1.94922104129e-05,-0.000224049086682,1.2796771455e-11,2.34139114347e-11,9.52446021357e-13
17520000000,437,17520000000,,0.000612422008999,2.71902681561e-05,-0.000223738607019,-1.91880851486e-11,2.66028431922e-11,1.04426189917e-12
17562000000,438,17562000000,,0.000600352417678,3.58098404831e-05,-0.000223404393182,-1.07888094292e-10,5.12717507339e-11,1.98014304606e-12
17600000000,439,17600000000,,0.000574946869165,4.42987875431e-05,-0.000223074952373,-3.13129078222e-10,8.40430225413e-11,3.22711518966e-12
17641000000,440,17641000000,,0.000565009366255,4.67944810225e-05,-0.000222978749662,-3.89588333816e-10,9.29082991097e-11,3.59507454188e-12
17682000000,441,17682000000,,0.00048215087736,6.08482660027e-05,-0.000222423230298,-1.09167908047e-09,1.44934952928e-10,5.85408804765e-12
17731000000,442,17731000000,,0.000397642783355,6.97234354448e-05,-0.000222040922381,-1.98100469362e-09,1.73008038451e-10,7.70610485146e-12
17760000000,443,17760000000,,0.000338169949828,7.46552250348e-05,-0.000221824462642,-0.00223140884191,0.000170850908034,7.74478485255e-06
17800000000,444,17800000000,,0.000234500839724,8.1239209976e-05,-0.000221520444029,-0.00293404818512,0.000159007526236,7.48955972085e-06
17854000000,445,17854000000,,0.000160283059813,8.49253410706e-05,-0.000221333582886,-0.00298387627117,0.000131479842821,7.43568989492e-06
17881000000,446,17881000000,,-1.55329162226e-05,9.04170592548e-05,-0.000220937174163,-0.00343330390751,7.48296297388e-05,7.27259339328e-06
17920000000,447,17920000000,,-0.000143142257002,9.17007928365e-05,-0.000220662506763,-0.00322993588634,-1.15211128104e-06,7.22789400243e-06
17960000000,448,17960000000,,-0.000274430349236,8.99662773008e-05,-0.000220364760025,-0.00294320797548,-7.21564356354e-05,7.0771893661e-06
18000000000,449,18000000000,,-0.000385324994568,8.52423763718e-05,-0.000220074449317,-0.00250164302997,-0.000148459977936,6.98339590599e-06
18041000000,450,18041000000,,-0.00047739566071,7.83023788244e-05,-0.000219795678277,-0.00204693293199,-0.000194278676645,6.94861000738e-06
18080000000,451,18080000000,,-0.000549372343812,6.95939088473e-05,-0.000219518260565,-1.30008115384e-09,-1.97497213028e-10,5.53777900272e-12
18120000000,452,18120000000,,-0.000605532957707,5.95318160777e-05,-0.000219238645514,-6.51572074073e-10,-1.51597262521e-10,3.94385218927e-12
18160000000,453,18160000000,,-0.000633766874671,4.93470033689e-05,-0.000218968853005,-1.54880802627e-10,-7.45769279664e-11,1.94373553711e-12
18200000000,454,18200000000,,-0.000651296577416,3.83516016882e-05,-0.000218703804421,-1.0031319525e-10,-7.70977240383e-11,1.6716334263e-12
18240000000,455,18240000000,,-0.00066576723475,2.55611648754e-05,-0.000218449029489,-7.84574002988e-11,-7.84131856668e-11,1.52536501225e-12
18280000000,456,18280000000,,-0.000675643968862,1.12064199129e-05,-0.000218196233618,-3.54167910277e-11,-8.49440934259e-11,1.39699168032e-12
18320000000,457,18320000000,,-0.000678742188029,-5.53889003641e-06,-0.000217933775275,5.83485430111e-12,-8.61307414279e-11,1.32063002027e-12
18360000000,458,18360000000,,-0.000673344475217,-2.29799115914e-05,-0.000217684893869,7.04494795833e-11,-1.24421403735e-10,1.70177966771e-12
18400000000,459,18400000000,,-0.000657242548186,-4.20746910095e-05,-0.000217427572352,1.84063292386e-10,-1.67838243303e-10,2.20511131056e-12
18440000000,460,18440000000,,-0.000630598515272,-6.1889855715e-05,-0.000217177264858,3.83907183821e-10,-2.41652864386e-10,2.95323097574e-12
18482000000,461,18482000000,,-0.000589043600485,-8.34778256831e-05,-0.000216912798351,6.8462457925e-10,-3.14679310387e-10,3.76955107753e-12
18520000000,462,18520000000,,-0.000540453474969,-0.000103042526462,-0.000216680549784,1.10274800402e-09,-3.91864096727e-10,4.62438984675e-12
18564000000,463,18564000000,,-0.000486860342789,-0.000120114244055,-0.000216476226342,1.49475121169e-09,-4.50423615073e-10,5.31220119976e-12
18602000000,464,18602000000,,-0.000403621059377,-0.000142149016028,-0.000216213462409,0.0020995112136,-0.000474081549328,5.86896112509e-06
18640000000,465,18640000000,,-0.000309985800413,-0.000161340445629,-0.000215971042053,0.00265655410476,-0.000519757217262,6.31139118923e-06
18680000000,466,18680000000,,-0.000193153187865,-0.000181270181201,-0.000215716267121,0.00310823414475,-0.00045830977615,6.38316532786e-06
18720000000,467,18720000000,,-7.0926209446e-05,-0.000197109635337,-0.000215464213397,0.00304281618446,-0.000325847388012,6.24955418971e-06
18760000000,468,18760000000,,4.57436253782e-05,-0.000203372299438,-0.000215217631194,0.00268846657127,1.00070737972e-05,6.04444585406e-06
18800000000,469,18800000000,,0.000139147261507,-0.000195655593416,-0.000214981118916,0.00214031827636,0.00039900248521,6.12964549873e-06
18842000000,470,18842000000,,0.000221322436118,-0.000171520747244,-0.000214710598812,1.36349620483e-09,5.82273285143e-10,5.32921016344e-12
18880000000,471,18880000000,,0.000271310243988,-0.000144096717122,-0.00021448325424,6.22192020128e-10,4.49847853412e-10,3.46516630494e-12
18920000000,472,18920000000,,0.000305276131257,-0.000113921400043,-0.000214261526708,4.04875855065e-10,4.38940800374e-10,3.06425696449e-12
18960000000,473,18960000000,,0.00033378880471,-8.03679213277e-05,-0.000214036947,3.75374009653e-10,4.65062571786e-10,3.06887740047e-12
19000000000,474,19000000000,,0.000359635188943,-4.49991093774e-05,-0.000213813429582,3.76387504497e-10,5.58357138303e-10,3.39813095197e-12
19040000000,475,19040000000,,0.000386026251363,-4.46760668638e-06,-0.000213574181544,3.63557017824e-10,5.9173654865e-10,3.45077612318e-12
19080000000,476,19080000000,,0.000408622086979,3.75426425308e-05,-0.000213336781599,3.17136872319e-10,6.6432248591e-10,3.6159159434e-12
19122000000,477,19122000000,,0.000428841565736,8.26062241686e-05,-0.000213093284401,2.78619349814e-10,6.86193657451e-10,3.65838869615e-12
19163000000,478,19163000000,,0.000442882970674,0.000123282370623,-0.000212880855543,2.18439474842e-10,7.3121275701e-10,3.73346839555e-12
19202000000,479,19202000000,,0.00045378919458,0.000170754676219,-0.000212636092328,1.12601455937e-10,6.89288848221e-10,3.54904690705e-12
19240000000,480,19240000000,,0.00045817589853,0.000219345136429,-0.000212388928048,4.53579448306e-12,6.75159816943e-10,3.42203370675e-12
19280000000,481,19280000000,,0.000453564920463,0.000265145848971,-0.000212149258005,-1.17050230619e-10,6.42729758304e-10,3.37475468577e-12
19320000000,482,19320000000,,0.000441161828348,0.000309419527184,-0.000211916005355,-2.45122866449e-10,5.90176574278e-10,3.2083125219e-12
19362000000,483,19362000000,,0.000418807059759,0.000349855457898,-0.000211689199205,-3.99771521442e-10,5.76783787398e-10,3.34221344177e-12
19400000000,484,19400000000,,0.000385960564017,0.000385942868888,-0.000211471211514,-6.17227657873e-10,5.24268017887e-10,3.39393574009e-12
19440000000,485,19440000000,,0.000342183455359,0.000416796654463,-0.000211259393836,-8.5394730176e-10,4.92200391555e-10,3.65834185861e-12
19486000000,486,19486000000,,0.000275812693872,0.000444292818429,-0.000211025660974,-1.30038746438e-09,3.96646715473e-10,3.99582233621e-12
19521000000,487,19521000000,,0.000218564571696,0.000458096095826,-0.000210862330277,-1.65273827957e-09,3.00549030108e-10,4.30349722871e-12
19562000000,488,19562000000,,0.000143449797179,0.00046668300638,-0.000210689089727,-0.0020983859431,0.000120613476611,4.45353907708e-06
19600000000,489,19600000000,,4.73482068628e-05,0.000466194615001,-0.00021050113719,-0.00262133521028,-0.000124514714116,4.64258255306e-06
19641000000,490,19641000000,,-6.25707834843e-05,0.000455509871244,-0.000210317739402,-0.00279521313496,-0.000425728852861,4.54781320514e-06
19680000000,491,19680000000,,-0.0001728694333,0.000430633692304,-0.000210138139664,-0.00271174544469,-0.000775772728957,4.23043411502e-06
19720000000,492,19720000000,,-0.000276586128166,0.000393624475691,-0.00020996890089,-0.0023898370564,-0.00107230246067,4.12935196437e-06
19760000000,493,19760000000,,-0.000365515443264,0.000344836793374,-0.000209803372854,-0.00207000924274,-0.00128030881751,3.95135930376e-06
19800000000,494,19800000000,,-0.00043067111983,0.000297006074106,-0.000209664620343,-0.0016544557875,-0.00147126230877,3.98801194024e-06
19841000000,495,19841000000,,-0.000495909131132,0.000226011892664,-0.000209481469938,-1.167930197e-09,-1.49136591965e-09,3.73589397265e-12
19881000000,496,19881000000,,-0.000528628821485,7.04440826667e-05,-0.000208959259908,-0.000517394626513,-0.00413676677272,1.50789537656e-05
19920000000,497,19920000000,,-0.000541994406376,-0.000117966330436,-0.000208210025448,-0.00019608438015,-0.00632089702412,2.66710067081e-05
19960000000,498,19960000000,,-0.000543290865608,-0.000352644419763,-0.000207036820939,0.000112014553451,-0.00504219904542,3.33185234922e-05
20000000000,499,20000000000,,-0.000532480014954,-0.000423239456723,-0.000205572534469,0.000387855368899,0.00317003717646,3.39133948728e-05
20040000000,500,20040000000,,-0.000511683057994,-4.065772373e-05,-0.000204206153285,0.000640974496491,0.0166644603014,3.30483126163e-05
20080000000,501,20080000000,,-0.000481679919176,0.000970774388406,-0.000202842711587,0.000828549091239,0.0348762646317,3.5215227399e-05
20120000000,502,20120000000,,-0.000444883509772,0.0027529457584,-0.000201532660867,0.00105771457311,0.0545523203909,3.65326559404e-05
20160000000,503,20160000000,,-0.000401419092668,0.00542627694085,-0.000199983871426,0.00116737186909,0.0792909786105,4.53486100014e-05
20200000000,504,20200000000,,-0.000350684858859,0.00916362833232,-0.000198141948204,0.00128887873143,0.100524105132,5.36534134881e-05
20240000000,505,20240000000,,-0.000300463609165,0.013639042154,-0.000195835862542,0.00136439222842,0.128142505884,6.43769089947e-05
20281000000,506,20281000000,,-0.000242706300924,0.0194496382028,-0.000192845298443,0.00135433615651,0.148079156876,8.14025625004e-05
20322000000,507,20322000000,,-0.000192430554307,0.0255856830627,-0.000189530270291,0.00134824612178,0.173589244485,9.1006681032e-05
20360000000,508,20360000000,,-0.000142520599184,0.0322246216238,-0.000185748751392,0.00129635608755,0.187439337373,0.00011571689538
20403000000,509,20403000000,,-8.41288201627e-05,0.0416710153222,-0.000179960232344,0.00122147495858,0.208891183138,0.000125678780023
20440000000,510,20440000000,,-4.05680766562e-05,0.0495557971299,-0.000174680375494,0.00103338889312,0.221181318164,0.000156228503329
20480000000,511,20480000000,,-6.26655037195e-07,0.0582643076777,-0.000168756232597,0.00102609093301,0.230820223689,0.00015667246771
20522000000,512,20522000000,,3.93009686377e-05,0.0682782977819,-0.000161237170687,0.000832777586766,0.239319562912,0.00018612355052
20562000000,513,20562000000,,7.30149404262e-05,0.0779071524739,-0.000153964909259,0.000805253803264,0.235183730721,0.000188142133993
20600000000,514,20600000000,,9.75493603619e-05,0.0869956091046,-0.000146417616634,0.000642502738629,0.243248939514,0.000201259550522
20640000000,515,20640000000,,0.000120795921248,0.0965914130211,-0.000138516217703,0.000470567320008,0.232305213809,0.000202142487979
20680000000,516,20680000000,,0.000135528243845,0.105981074274,-0.000130213607918,0.000364252075087,0.235257908702,0.000201715170988
20720000000,517,20720000000,,0.000146166741615,0.115108378232,-0.000122186145745,0.000160408846568,0.220861881971,0.000203176939976
20760000000,518,20760000000,,0.000149670973769,0.12347060442,-0.000114486370876,4.39140130766e-05,0.21805909276,0.000193096202565
20803000000,519,20803000000,,0.000148874823935,0.131552100182,-0.000107049134385,-0.000142113174661,0.203207328916,0.000195277141756
20840000000,520,20840000000,,0.000140150194056,0.140152186155,-9.89216277958e-05,-0.000259212509263,0.192489743233,0.000176290457603
20880000000,521,20880000000,,0.000120961543871,0.14741127193,-9.19670710573e-05,-0.000811304838862,0.176859885454,0.000171877865796
20920000000,522,20920000000,,7.58739552111e-05,0.154349088669,-8.51603908814e-05,-0.00125533982646,0.156786993146,0.000153244865942
20960000000,523,20960000000,,1.61863154062e-05,0.160167515278,-7.91964921518e-05,-0.00153959600721,0.143978118896,0.000140184696647
21000000000,524,21000000000,,-4.83262774651e-05,0.165532529354,-7.42647098377e-05,-0.00167256884743,0.122605465353,0.000113202622742
21042000000,525,21042000000,,-0.000112619505671,0.170067206025,-7.01230528648e-05,-0.00155173230451,0.109988719225,9.41365142353e-05
21081000000,526,21081000000,,-0.00017186338664,0.173961371183,-6.69400396873e-05,-0.00147162983194,0.0906608402729,7.45659417589e-05
21125000000,527,21125000000,,-0.000224631963647,0.177253633738,-6.43201419734e-05,-0.00123342836741,0.0775972604752,5.6434830185e-05
21162000000,528,21162000000,,-0.000272894685622,0.180076390505,-6.20896826149e-05,-0.00105505704414,0.0588639527559,5.15495230502e-05
21203000000,529,21203000000,,-0.000307298440021,0.182009145617,-6.03191219852e-05,-0.000820718938485,0.0448471829295,4.42265154561e-05
21240000000,530,21240000000,,-0.000339044287102,0.183617800474,-5.84149020142e-05,-0.000580811931286,0.0279754828662,4.1511560994e-05
21282000000,531,21282000000,,-0.00035584307625,0.184401229024,-5.68777068111e-05,-0.000363592931535,0.0144813163206,3.80739402317e-05
21320000000,532,21320000000,,-0.000366703228792,0.18471942842,-5.53250065423e-05,-1.54878873615e-10,1.68678038204e-09,3.41377620616e-11
21360000000,533,21360000000,,-0.000370650843251,0.184572428465,-5.39129869139e-05,-3.80634446628e-05,-0.00863010436296,3.36317207257e-05
21400000000,534,21400000000,,-0.000367142871255,0.183940306306,-5.24887909705e-05,0.000148326391354,-0.0214760620147,3.66091371689e-05
21440000000,535,21440000000,,-0.000358821591362,0.182885169983,-5.09695455548e-05,0.000248783122515,-0.029824256897,3.56231066689e-05
21480000000,536,21480000000,,-0.000347161316313,0.181518539786,-4.95663225593e-05,0.00032790043042,-0.0388320758939,3.61903075827e-05
21521000000,537,21521000000,,-0.000332346942741,0.179793640971,-4.80874587083e-05,0.000389541644836,-0.0449127927423,3.31403061864e-05
21560000000,538,21560000000,,-0.000317348371027,0.177773877978,-4.66831988888e-05,0.000324509077473,-0.0516255348921,3.46643100784e-05
21600000000,539,21600000000,,-0.000307500915369,0.17569476366,-4.53924294561e-05,0.00022883847123,-0.0561927333474,3.11450858135e-05
21640000000,540,21640000000,,-0.000300314975902,0.173271209002,-4.39937030023e-05,0.00013150574523,-0.0598328895867,3.41867889802e-05
21682000000,541,21682000000,,-0.000294243131066,0.17067207396,-4.25884827564e-05,0.000145741680171,-0.0640995204449,3.17321937473e-05
21720000000,542,21720000000,,-0.00028859853046,0.168271794915,-4.12774243159e-05,0.000157870876137,-0.06418915838,3.50613190676e-05
21760000000,543,21760000000,,-0.000280326989014,0.165632620454,-3.99073614972e-05,0.000203541916562,-0.0676601827145,3.57717326551e-05
21800000000,544,21800000000,,-0.000271211145446,0.163083896041,-3.86486826756e-05,0.000262123823632,-0.0631214827299,2.67807445198e-05
21841000000,545,21841000000,,-0.000259270425886,0.160527288914,-3.7972087739e-05,0.000300350162433,-0.0637358948588,1.82132480404e-05
21880000000,546,21880000000,,-0.00024692461011,0.158044248819,-3.75799900212e-05,0.000328352442011,-0.0645575523376,8.99437054613e-06
21920000000,547,21920000000,,-0.000233454149566,0.155320465565,-3.73631846742e-05,0.000337128061801,-0.0723805502057,9.20377169678e-06
21960000000,548,21960000000,,-0.000220285917749,0.152277156711,-3.71313399228e-05,0.000365446205251,-0.0824302136898,2.34186632042e-06
22000000000,549,22000000000,,-0.000206637661904,0.148576855659,-3.69376975868e-05,0.000292063254165,-0.0967197418213,7.7437798609e-06
22040000000,550,22040000000,,-0.000194049833226,0.144488826394,-3.67473658116e-05,0.000340166821843,-0.115509361029,3.23664130519e-06
22080000000,551,22080000000,,-0.000183057913091,0.139487832785,-3.63173094229e-05,0.000246391660767,-0.130680516362,7.67903475207e-06
22120000000,552,22120000000,,-0.000171312116436,0.13393586874,-3.61359961971e-05,0.000234033272136,-0.154340147972,6.13139172856e-06
22160000000,553,22160000000,,-0.000162154479767,0.127271428704,-3.56564924004e-05,0.000241834044573,-0.168447270989,6.71564703225e-06
22200000000,554,22200000000,,-0.000152215099661,0.120182141662,-3.55035190296e-05,0.00019922600768,-0.192053303123,8.69527775649e-06
22240000000,555,22240000000,,-0.000144441437442,0.111895076931,-3.51455128111e-05,0.000220587811782,-0.204098165035,-1.47269773265e-07
22280000000,556,22280000000,,-0.000136195856612,0.10351139307,-3.51717717422e-05,0.000179924594704,-0.22218964994,9.50807225308e-06
22324000000,557,22324000000,,-0.00013130523439,0.0954605266452,-3.49923357135e-05,0.000197446235688,-0.228591918945,-4.82641871713e-06
22361000000,558,22361000000,,-0.000124118523672,0.0845642387867,-3.50749978679e-05,4.74317166663e-05,-0.236666828394,-2.59682792603e-07
22400000000,559,22400000000,,-0.000119477022963,0.0752451568842,-3.53198629455e-05,0.000208895580727,-0.244926035404,-1.6210044123e-05
22440000000,560,22440000000,,-0.000117611467431,0.0653745830059,-3.5246808693e-05,-4.06965809816e-05,-0.23993703723,-2.92880895358e-06
22480000000,561,22480000000,,-0.000113975387649,0.0556747056544,-3.56458294846e-05,-1.47156706589e-05,-0.24598236382,-9.35727530305e-06
22521000000,562,22521000000,,-0.000115024653496,0.0462334528565,-3.55063129973e-05,1.04152668428e-05,-0.233756184578,-1.94076301341e-06
22560000000,563,22560000000,,-0.000112723770144,0.0377579256892,-3.57548597094e-05,-5.62661916774e-05,-0.236127257347,-1.11385679702e-06
22600000000,564,22600000000,,-0.000113916190458,0.0277416873723,-3.54668554792e-05,2.01851908059e-05,-0.220039233565,2.51629239756e-06
22640000000,565,22640000000,,-0.000112150351924,0.01896177046,-3.52954230038e-05,1.56876103574e-05,-0.215276330709,1.68161041074e-05
22680000000,566,22680000000,,-0.000112364199595,0.0107728978619,-3.47086206602e-05,7.36038709874e-05,-0.199896961451,1.17814279292e-05
22720000000,567,22720000000,,-0.000110475673864,0.00292423483916,-3.39031066687e-05,1.97168337763e-05,-0.188212648034,3.03942888422e-05
22760000000,568,22760000000,,-0.000108558007923,-0.00437164306641,-3.28214591718e-05,0.000219034816837,-0.17292585969,2.15375639527e-05
22800000000,569,22800000000,,-0.000104315491626,-0.0109869223088,-3.12985102937e-05,6.81831515976e-05,-0.154400631785,4.77686844533e-05
22840000000,570,22840000000,,-9.68249005382e-05,-0.0167147871107,-2.95816607832e-05,0.000180527102202,-0.141894385219,4.31900771218e-05
22880000000,571,22880000000,,-9.06178029254e-05,-0.0221310611814,-2.73932691925e-05,0.000167882739333,-0.121099106967,5.74457590119e-05
22921000000,572,22921000000,,-8.30194185255e-05,-0.0263923425227,-2.53020352829e-05,0.00014915203792,-0.109566144645,6.04430206295e-05
22961000000,573,22961000000,,-7.77665190981e-05,-0.030025145039,-2.28611697821e-05,0.000148135775817,-0.0912996903062,6.92080793669e-05
23000000000,574,23000000000,,-7.01498938724e-05,-0.0339265838265,-1.94994117919e-05,0.000141430355143,-0.0744542330503,7.96542008175e-05
23040000000,575,23040000000,,-6.52853486827e-05,-0.0364534147084,-1.62613068824e-05,0.000132942790515,-0.0569374039769,8.54104946484e-05
23080000000,576,23080000000,,-6.00808671152e-05,-0.0384806394577,-1.25696060422e-05,0.000112969777547,-0.0415760874748,9.69103566604e-05
23120000000,577,23120000000,,-5.61827473575e-05,-0.0398046411574,-8.5640249381e-06,0.000108261112473,-0.026096964255,0.000102951555164
23160000000,578,23160000000,,-5.26442818227e-05,-0.0405499525368,-4.3177437874e-06,7.76927699917e-05,-0.0120679875836,0.000113361078547
23200000000,579,23200000000,,-4.99214984302e-05,-0.0407477580011,3.4429609741e-07,3.82493377249e-11,7.11875614012e-10,7.28945792616e-11
23240000000,580,23240000000,,-4.76488021377e-05,-0.0403382740915,4.91618538945e-06,5.71045275137e-05,0.0150034325197,0.000120241027616
23280000000,581,23280000000,,-4.59931434307e-05,-0.0393924191594,9.38751145441e-06,5.80386658839e-05,0.0270520821214,0.000119324788102
23320000000,582,23320000000,,-4.35219153587e-05,-0.0381458848715,1.42697090268e-05,4.82216455566e-05,0.0336164720356,0.000116694274766
23360000000,583,23360000000,,-4.1719784349e-05,-0.0366966351867,1.89000402315e-05,6.50503789075e-05,0.036591142416,0.000116129303933
23400000000,584,23400000000,,-3.93367117795e-05,-0.0353539213538,2.36490868701e-05,5.04107192683e-05,0.0313600301743,0.000118312447739
23442000000,585,23442000000,,-3.72283975594e-05,-0.0342532657087,2.86132872134e-05,5.70474403503e-05,0.0214903112501,0.000121050383314
23480000000,586,23480000000,,-3.24309476127e-05,-0.0337158180773,3.31955743604e-05,0.000206158292713,0.00757558969781,0.000127342544147
23520000000,587,23520000000,,-1.81539344339e-05,-0.0337913073599,3.83598126064e-05,0.000454018067103,-0.0116545893252,0.000126983431983
23560000000,588,23560000000,,3.45492435372e-06,-0.0346598960459,4.3288928282e-05,0.000583724176977,-0.0332247726619,0.000126768281916
23604000000,589,23604000000,,2.42989990511e-05,-0.036248460412,4.79486661789e-05,0.000589019851759,-0.0534048564732,0.000129608146381
23640000000,590,23640000000,,4.93106781505e-05,-0.0390493310988,5.3414991271e-05,0.000576230930164,-0.0781739875674,0.000123587014969
23680000000,591,23680000000,,6.96514834999e-05,-0.0427155271173,5.86215755902e-05,0.000456127774669,-0.097902558744,0.000124072248582
23720000000,592,23720000000,,8.76265330589e-05,-0.0471346266568,6.33893359918e-05,0.000332806550432,-0.122342392802,0.000118822892546
23760000000,593,23760000000,,9.98590039671e-05,-0.0524842664599,6.83106190991e-05,0.000283606117591,-0.136959061027,0.000112763154902
23800000000,594,23800000000,,0.000109671949758,-0.0582789890468,7.25072459318e-05,0.000179168157047,-0.156631350517,0.000110218541522
23841000000,595,23841000000,,0.000114686816232,-0.0648616999388,7.68497702666e-05,0.00014156823454,-0.166138529778,9.55136056291e-05
23882000000,596,23882000000,,0.000118200085126,-0.0716634988785,8.0560297647e-05,3.49188157998e-05,-0.178519874811,0.000101288525912
23920000000,597,23920000000,,0.000117622075777,-0.078634776175,8.4180093836e-05,6.93718975526e-05,-0.184057623148,8.37541665533e-05
23961000000,598,23961000000,,0.000115001217637,-0.0867474153638,8.80977822817e-05,-0.000203163857805,-0.186556130648,9.26846914808e-05
24000000000,599,24000000000,,0.000110981447506,-0.0938718244433,9.1337809863e-05,-8.27785406727e-05,-0.19184243679,7.9156801803e-05
24040000000,600,24040000000,,0.000102148507722,-0.10151642561,9.50213870965e-05,-0.000286210211925,-0.186260014772,9.34547715588e-05
24080000000,601,24080000000,,9.51378824539e-05,-0.109074763954,9.86962986644e-05,-0.00028360154829,-0.192261263728,9.85122533166e-05
24120000000,602,24120000000,,8.38236301206e-05,-0.116628475487,0.000103290563857,-0.00024103600299,-0.182861626148,0.000118546828162
24161000000,603,24161000000,,7.55864020903e-05,-0.124101109803,0.000108261709101,-0.000246646290179,-0.1790433079,0.000136511822348
24200000000,604,24200000000,,6.58633143757e-05,-0.130666866899,0.000113894682727,-0.000194434920559,-0.159042522311,0.000145580401295
24240000000,605,24240000000,,5.91772950429e-05,-0.136679500341,0.000119874508528,-0.000173822176293,-0.139445871115,0.000164507102454
24280000000,606,24280000000,,5.19003515365e-05,-0.141453877091,0.000126262355479,-0.000125213497085,-0.110260777175,0.000166777143022
24321000000,607,24321000000,,4.57154164906e-05,-0.145304381847,0.000133230176289,-0.000179047972779,-0.0765523687005,0.000175839217263
24360000000,608,24360000000,,4.17277988163e-05,-0.147648438811,0.000140403863043,1.65373148775e-05,-0.0402809120715,0.000175417182618
24400000000,609,24400000000,,4.59267939732e-05,-0.148547083139,0.000148262406583,0.000233499828028,-0.00554663594812,0.000224321716814
24440000000,610,24440000000,,5.77624668949e-05,-0.148112565279,0.000157523536473,0.000376251467969,0.0271414332092,0.000250726792729
24480000000,611,24480000000,,7.43034834159e-05,-0.146450549364,0.000167568476172,0.000442026474047,0.0561568811536,0.000267243332928
24520000000,612,24520000000,,9.09670125111e-05,-0.143526613712,0.000178540853085,0.000463664182462,0.0891427695751,0.000278966414044
24560000000,613,24560000000,,0.000108570071461,-0.139311701059,0.000190156992176,0.000373107293854,0.116306245327,0.000293021090329
24602000000,614,24602000000,,0.000120348740893,-0.134566664696,0.000200947746634,0.000341807579389,0.145222708583,0.000298257626127
24640000000,615,24640000000,,0.00013315860997,-0.127568423748,0.000214355299249,0.000169835795532,0.175330266356,0.000316632504109
24680000000,616,24680000000,,0.000139524636324,-0.119662411511,0.000227251977776,0.000150598294567,0.203483194113,0.000313004275085
24720000000,617,24720000000,,0.000142942764796,-0.111140809953,0.00024038227275,-0.000142991077155,0.226232886314,0.00034653863986
24760000000,618,24760000000,,0.000144139368786,-0.10164643079,0.000253687496297,0.000118839459901,0.240312829614,0.000334678567015
24800000000,619,24800000000,,0.000140510397614,-0.0917674452066,0.000267866736976,-6.57163909636e-05,0.259800314903,0.000366023974493
24841000000,620,24841000000,,0.000140466712764,-0.0814376920462,0.000281567394268,-1.47429072967e-05,0.261968016624,0.000358574150596
24880000000,621,24880000000,,0.000133640758577,-0.0704158023,0.000296738580801,-4.80684757349e-05,0.27366116643,0.000368551613064
24920000000,622,24920000000,,0.000129404026666,-0.0596426278353,0.000311241776217,-0.000195124710444,0.264919579029,0.000369097280782
24960000000,623,24960000000,,0.00011898460798,-0.0491225011647,0.00032571394695,-0.000203526346013,0.268795907497,0.000359006837243
25000000000,624,25000000000,,0.000110314955236,-0.0387184247375,0.000340080703609,-0.000307908368995,0.255482256413,0.000367196946172
25040000000,625,25040000000,,9.71117115114e-05,-0.0282392688096,0.000354872405296,-0.000287770322757,0.249021038413,0.000345712382114
25080000000,626,25080000000,,8.61585722305e-05,-0.0189292877913,0.000368602894014,-0.000431602617027,0.235152244568,0.000360824109521
25120000000,627,25120000000,,7.32200060156e-05,-0.00949122384191,0.000382696714951,-0.000215368010686,0.218565702438,0.00033494507079
25161000000,628,25161000000,,6.0921178374e-05,-0.00110562739428,0.000396338029532,-0.000325565662934,0.205979555845,0.000341678969562
25217000000,629,25217000000,,4.84701886307e-05,0.00958094280213,0.000414576759795,-0.000264568458078,0.176806539297,0.00032822691719
25247000000,630,25247000000,,3.99309756176e-05,0.0149852959439,0.000424574041972,-0.000216316024307,0.168923020363,0.000309740629746
25282000000,631,25282000000,,3.3333832107e-05,0.020112209022,0.000434237619629,-0.000226259639021,0.15109680593,0.000302019616356
25320000000,632,25320000000,,2.35795014305e-05,0.0258812345564,0.000446354039013,-0.000194293796085,0.136424183846,0.000292369717499
25360000000,633,25360000000,,1.63849872479e-05,0.0306106302887,0.000457324815216,-0.00020698721346,0.114651702344,0.000288597453618
25401000000,634,25401000000,,7.44846511225e-06,0.0350768826902,0.000469339836854,-0.000191039143829,0.0968185737729,0.000276064034551
25441000000,635,25441000000,,7.69341852447e-08,0.0384894795716,0.000480355753098,-0.000214677100303,0.0767255648971,0.000275829428574
25480000000,636,25480000000,,-7.61372893976e-06,0.041213825345,0.000491136568598,-0.000178922899067,0.0585783869028,0.000263098540017
25520000000,637,25520000000,,-1.47840110003e-05,0.0431653596461,0.00050162570551,-0.000194379405002,0.0410310961306,0.000260924251052
25560000000,638,25560000000,,-2.14776573557e-05,0.0444761365652,0.000512107217219,-0.000154508394189,0.0234680213034,0.000251203455264
25600000000,639,25600000000,,-2.76198461506e-05,0.0450856462121,0.000522111775354,-0.000137626935611,0.00824090372771,0.000246768147917
25640000000,640,25640000000,,-3.29244503519e-05,0.045111939311,0.000531643279828,-0.000138157163747,-0.00552123226225,0.000240635097725
25680000000,641,25680000000,,-3.79625707865e-05,0.0446016080678,0.000541211804375,-0.000118285403005,-0.0188048575073,0.000236063307966
25721000000,642,25721000000,,-4.30094260082e-05,0.0435598380864,0.000551024102606,-0.000116218383482,-0.0303986519575,0.00023052286997
25761000000,643,25761000000,,-4.69872902613e-05,0.0420916751027,0.000560157932341,-9.7078998806e-05,-0.042174205184,0.000229063763982
25802000000,644,25802000000,,-5.12266124133e-05,0.0402299538255,0.000569244904909,-8.89217262738e-05,-0.0505432710052,0.000221835172852
25841000000,645,25841000000,,-5.44115537195e-05,0.0380171462893,0.000578090199269,-8.6740248662e-05,-0.0589265562594,0.000222706992645
25880000000,646,25880000000,,-5.78992803639e-05,0.0356968156993,0.000586359063163,-5.58503015782e-05,-0.0653117150068,0.000214656363823
25920000000,647,25920000000,,-6.0720853071e-05,0.0328740514815,0.00059526989935,-9.34053750825e-05,-0.0700837895274,0.000216649103095
25960000000,648,25960000000,,-6.34405878372e-05,0.0300662908703,0.000603532011155,-4.4055730541e-05,-0.0753813460469,0.000209290417843
26000000000,649,26000000000,,-6.6076136136e-05,0.0269308816642,0.000612255767919,-7.76682354626e-05,-0.0762664973736,0.000211509192013
26040000000,650,26040000000,,-6.79764998495e-05,0.0237955003977,0.000620578008238,-4.4091088057e-05,-0.0802985131741,0.000209004414501
26080000000,651,26080000000,,-7.00127275195e-05,0.020702958107,0.000628766196314,-5.48429416085e-05,-0.0783587545156,0.000208194469451
26120000000,652,26120000000,,-7.10860913387e-05,0.0175080709159,0.000636998971459,-2.59157604887e-05,-0.0801446139812,0.000208958619623
26165000000,653,26165000000,,-7.25796708139e-05,0.0143888695166,0.000645321619231,-2.98581853713e-05,-0.0766662433743,0.000204403724638
26200000000,654,26200000000,,-7.28595550754e-05,0.0115427067503,0.000652863061987,-1.17494273582e-05,-0.0762190669775,0.000208515790291
26240000000,655,26240000000,,-7.38954768167e-05,0.00832544919103,0.000661920174025,1.00465035757e-06,-0.0717595368624,0.000201228540391
26280000000,656,26280000000,,-7.38189701224e-05,0.00556361768395,0.000669921166264,-1.05343906398e-05,-0.0681349784136,0.000207367163966
26320000000,657,26320000000,,-7.4341049185e-05,0.00294562568888,0.000678092823364,1.32588875204e-05,-0.0642293468118,0.000200870767003
26360000000,658,26360000000,,-7.4155832408e-05,0.000462176627479,0.000686338520609,-1.18487951113e-05,-0.058552172035,0.000206397831789
26400000000,659,26400000000,,-7.41998883313e-05,-0.00178865110502,0.000694504356943,1.70421899384e-05,-0.0547797083855,0.000203625182621
26440000000,660,26440000000,,-7.38688904676e-05,-0.00386281684041,0.000702809134964,-2.41307179749e-06,-0.0481938906014,0.000207132776268
26480000000,661,26480000000,,-7.33332853997e-05,-0.00570989213884,0.000711036031134,2.3699753001e-05,-0.0442993827164,0.000207449804293
26525000000,662,26525000000,,-7.26318903617e-05,-0.00734879402444,0.000719412171748,1.37690849442e-05,-0.0376552380621,0.000208712081076
26560000000,663,26560000000,,-7.13033368811e-05,-0.00877001602203,0.000727746111806,3.9851605834e-05,-0.0331305451691,0.000210753991269
26600000000,664,26600000000,,-6.98301228113e-05,-0.0099582169205,0.000736185000278,4.14836285927e-05,-0.0269525721669,0.000210391372093
26640000000,665,26640000000,,-6.74968614476e-05,-0.0109387878329,0.000744633609429,6.42822269583e-05,-0.0217935238034,0.000213188657654
26680000000,666,26680000000,,-6.48866771371e-05,-0.0116862254217,0.000753148575313,7.67043602536e-05,-0.0162634439766,0.000212480401387
26720000000,667,26720000000,,-6.1400271079e-05,-0.0122345425189,0.000761714298278,8.95061821211e-05,-0.0110020795837,0.000214995277929
26760000000,668,26760000000,,-5.76693528274e-05,-0.0125707928091,0.000770312035456,0.000101302466646,-0.00624055089429,0.000215423351619
26801000000,669,26801000000,,-5.33616112079e-05,-0.0127244945616,0.000778961693868,9.42721525843e-11,-1.54701274013e-09,1.91831314722e-10
26844000000,670,26844000000,,-4.9243815738e-05,-0.0127195194364,0.000787245633546,1.09129399961e-10,1.83202553128e-09,2.10392564481e-10
26880000000,671,26880000000,,-4.50000006822e-05,-0.0125423138961,0.00079636159353,9.88705432974e-05,0.00594382593408,0.000217767301365
26920000000,672,26920000000,,-4.04954444093e-05,-0.0122275128961,0.000805141287856,0.000130181448185,0.00963797140867,0.000220478745177
26960000000,673,26960000000,,-3.54648618668e-05,-0.0117734288797,0.000814225059003,0.0001076741828,0.0123841948807,0.000222986142035
27000000000,674,27000000000,,-3.22079249599e-05,-0.0112318350002,0.000822902482469,6.41554943286e-05,0.0150435315445,0.000221065842197
27040000000,675,27040000000,,-3.04776913254e-05,-0.0105966003612,0.00083175371401,2.97193346341e-05,0.0168917439878,0.000222377930186
27086000000,676,27086000000,,-2.9515776987e-05,-0.00975891109556,0.000842199544422,1.23318977785e-05,0.0181845910847,0.000222793212743
27120000000,677,27120000000,,-2.92556469503e-05,-0.00911541003734,0.000849784817547,-5.00582609675e-06,0.0202953983098,0.000221458001761
27161000000,678,27161000000,,-2.9622206057e-05,-0.00831760372967,0.000858121842612,-1.16842884381e-05,0.0209439415485,0.000219684588956
27200000000,679,27200000000,,-2.99136627291e-05,-0.00744687952101,0.000867189955898,-9.92712284642e-06,0.0218048449606,0.000221788475756
27241000000,680,27241000000,,-3.00424599118e-05,-0.00653188489377,0.000876443460584,5.4117849686e-06,0.021286951378,0.000221237613005
27280000000,681,27280000000,,-2.97054357361e-05,-0.00571222929284,0.000884893874172,9.31849808694e-06,0.0219454951584,0.000221309775952
27320000000,682,27320000000,,-2.89296240226e-05,-0.00488977087662,0.000893264543265,3.03703400277e-05,0.0211258307099,0.000220979665755
27365000000,683,27365000000,,-2.775813482e-05,-0.00412254594266,0.000901248771697,3.23214444506e-05,0.021379109472,0.0002207372454
27401000000,684,27401000000,,-2.56422390521e-05,-0.00313337775879,0.000911831972189,5.2115694416e-05,0.0202228613198,0.00022136507323
27442000000,685,27442000000,,-2.37123458646e-05,-0.00238469801843,0.000919989077374,5.82743123232e-05,0.0198008585721,0.000219060282689
27484000000,686,27484000000,,-2.12641461985e-05,-0.00162238639314,0.000928775058128,6.73819231451e-05,0.0187543537468,0.000220672314754
