%time,field
7000000,0.0
16000000,-6.64761920596e-26
28000000,1.59387573867e-21
41000000,3.26050305509e-22
42000000,1.31334650749e-21
53000000,-1.19952949975e-15
62000000,-1.27784997764e-15
75000000,-1.34598040419e-15
82000000,-1.4050419475e-15
91000000,-1.50498980288e-15
102000000,-1.5516392356e-15
111000000,-1.5907939878e-15
121000000,-1.62345316093e-15
128000000,-9.35677840924e-08
139000000,-7.92013763054e-07
162000000,-2.27919413619e-06
162000000,0.000935356059517
172000000,0.171718245848
185000000,0.159820230087
195000000,0.154846863887
202000000,0.140247726419
210000000,0.100187550153
222000000,0.0848426806143
232000000,0.0787575039752
242000000,0.0667577143183
252000000,0.0578440724397
255000000,0.0182305171723
255000000,0.0109821869169
281000000,0.00864828147879
287000000,0.00247692221822
300000000,0.05973470882
308000000,0.051696909228
321000000,0.0485250721108
321000000,0.0403484704692
340000000,0.0375231421663
350000000,0.0301555958499
366000000,0.00109024016542
367000000,-0.00366184196629
372000000,-0.00377333430039
390000000,-0.00803036696238
402000000,-0.0404156703408
408000000,-0.0409664651094
422000000,-0.0451092146997
429000000,-0.0422432011426
439000000,-0.0410232225002
450000000,-0.0363798118147
459000000,-0.0359118588302
470000000,-0.031881132543
483000000,-0.0283615283751
490000000,-0.0253452032629
499000000,-0.0298181467515
510000000,-0.0261885455449
520000000,-0.0227427318746
531000000,-0.0195188428236
542000000,-0.0272779963632
549000000,-0.0239170654277
561000000,-0.0207334467219
572000000,-0.0177608845575
582000000,-0.0256029487221
591000000,-0.0224719488975
599000000,-0.019501676662
612000000,-0.0167245762222
618000000,-0.0236874779907
631000000,-0.0207529703596
642000000,-0.0179758504603
650000000,-0.0153849347978
657000000,-0.021462067227
670000000,-0.0187595615066
679000000,-0.0162096551184
690000000,-0.013837241671
699000000,-0.0189334460178
710000000,-0.0164888680993
721000000,-0.0141930379079
731000000,-0.0120657359002
742000000,-0.0166471913947
752000000,-0.0144598597503
759000000,-0.0124122560463
770000000,-0.0105205191891
780000000,-0.0147566142924
792000000,-0.0128088384601
800000000,-0.0109866546398
809000000,-0.0149997003992
820000000,-0.0131465358787
831000000,-0.0113913947527
841000000,-0.00975275731674
850000000,-0.00824248618032
860000000,-0.00686726553044
871000000,-0.0106579271859
880000000,-0.00922770676929
887000000,-0.00789369478176
899000000,-0.0115905826478
910000000,-0.0102035106152
921000000,-0.00888202046991
932000000,-0.00764150918856
941000000,-0.010803412615
950000000,-0.00948185696631
961000000,-0.00822779756122
969000000,-0.007055010116
980000000,-0.00984057033762
991000000,-0.00861584638807
1001000000,-0.0074575961665
1008000000,-0.0063777500541
1022000000,-0.00876166673284
1031000000,-0.0076327867285
1041000000,-0.00657210843754
1048000000,-0.00558897705197
1061000000,-0.00782222026666
1069000000,-0.00681102594814
1078000000,-0.00586161320254
1087000000,-0.00498216768206
1101000000,-0.00707015376225
1110000000,-0.00617273879023
1118000000,-0.00532732157093
1129000000,-0.00454041917797
1140000000,-0.00664040645133
1149000000,-0.0058190158878
1159000000,-0.00504064146095
1171000000,-0.00431359543487
1180000000,-0.0223645905159
1192000000,-0.0205796008431
1200000000,-0.018711302902
1211000000,-0.0168192466746
1221000000,-0.0209813431126
1231000000,-0.0188028557966
1242000000,-0.016664413502
1251000000,-0.014605496209
1261000000,-0.014585339608
1271000000,-0.0126459128844
1282000000,-0.0108336317328
1288000000,-0.00916219428727
1301000000,-0.00898555001282
1312000000,-0.00752902632281
1319000000,-0.00621220255134
1333000000,-0.00503496419492
1340000000,-0.00553816353096
1349000000,-0.00453325565004
1361000000,-0.00363942163053
1367000000,-0.00285317321979
1381000000,-0.00382496895976
1391000000,-0.00314235739768
1401000000,-0.00253403787581
1407000000,-0.0019979065182
1418000000,-0.00319740410749
1429000000,-0.00269488268236
1441000000,-0.00223872011714
1451000000,-0.00182929618587
1460000000,-0.00286002710091
1470000000,-0.00245955504852
1482000000,-0.00208943843669
1490000000,-0.00274383154258
1496000000,-0.00237952230187
1511000000,-0.00204005169252
1520000000,-0.00172775681018
1527000000,-0.00144400924164
1540000000,-0.00178026529536
1550000000,-0.00153866726117
1561000000,-0.00130102360583
1570000000,-0.00107564335239
1577000000,-0.000884129063731
1585000000,-0.000715075303666
1601000000,-0.000567648367654
1610000000,-0.000440594527042
1619000000,-0.000332415968719
1630000000,0.000380940142473
1638000000,0.00041834402125
1647000000,0.000436082874885
1658000000,0.00169881084182
1667000000,0.00161554427397
1679000000,0.00151104800612
1690000000,0.00139245900613
1702000000,0.00329786745454
1711000000,0.00305312159179
1719000000,0.00278875569957
1730000000,0.00251474684004
1740000000,0.00223931465503
1751000000,0.0287483630802
1757000000,0.0268081012863
1770000000,0.024676129867
1775000000,0.0422290661264
1788000000,0.0387463934752
1802000000,0.0351310255425
1809000000,0.0314921431839
1819000000,0.0406905458301
1833000000,0.0364425898754
1840000000,0.0322764853969
1848000000,0.0282682339901
1848000000,0.0344787056253
1863000000,0.0303911076903
1863000000,0.0264876935875
1880000000,0.0228159330699
1880000000,0.0194089544537
1893000000,0.0221464426953
1893000000,0.0189839050483
1922000000,0.0160642448779
1936000000,0.0181433346585
1950000000,0.0154333994937
1957000000,0.0129501546627
1968000000,0.0107013955138
1972000000,0.0107273944334
1984000000,0.00881116979265
1995000000,0.00710263913813
2008000000,0.00559594503268
2021000000,0.00551715097245
2030000000,0.00431708181126
2031000000,0.00327358081424
2049000000,0.00237692343429
2058000000,0.00161608753402
2070000000,-0.0167352625405
2079000000,-0.0162906171759
2086000000,-0.0155781064981
2099000000,-0.0174395990825
2104000000,-0.0162286631257
2118000000,-0.0149116740262
2130000000,-0.0135404783804
2138000000,-0.009815367222
2151000000,-0.00859091096839
2160000000,-0.00743391457155
2164000000,-0.00635591104154
2180000000,-0.00536425176067
2180000000,-0.00142292365969
2201000000,-0.000814965135227
2201000000,-0.000317439984424
2222000000,0.00276957592391
2237000000,0.00291781280695
2237000000,0.00296972126505
2250000000,0.00294462129121
2262000000,0.0028595231665
2274000000,0.00496368866595
2283000000,0.00466651667589
2291000000,0.00432883048751
2298000000,0.0058959183179
2309000000,0.00539930818147
2321000000,0.00488822850583
2332000000,0.00598939402829
2342000000,0.00539337873401
2352000000,0.0048045655482
2352000000,0.00423476460543
2363000000,0.00369261577916
2378000000,0.00318437656632
2387000000,0.00271438918692
2400000000,0.00345008279902
2410000000,0.00408469130678
2420000000,0.00360259051412
2430000000,0.00314466315171
2437000000,0.00271601008255
2448000000,0.00231969965729
2455000000,0.00169277272771
2472000000,0.0013827500777
2481000000,0.00111029770644
2491000000,-0.0222282014598
2497000000,-0.0210432222573
2511000000,-0.0196348870822
2520000000,-0.0180825376076
2530000000,-0.0330347176512
2539000000,-0.0304499316336
2548000000,-0.0277283649053
2561000000,-0.02495957768
2570000000,-0.0328203783543
2578000000,-0.0295202602023
2592000000,-0.0262553397959
2600000000,-0.0230921578448
2600000000,-0.0200798108871
2617000000,-0.0172537097061
2628000000,-0.0230308281473
2637000000,-0.0204046489012
2650000000,-0.024360876956
2654000000,-0.0214115439917
2664000000,-0.0186050326723
2680000000,-0.0159745531019
2691000000,-0.013541493176
2701000000,-0.0154273554075
2711000000,-0.0131900918887
2722000000,-0.0111287094036
2723000000,-0.0113763850863
2740000000,-0.00956340475142
2747000000,-0.00791880227304
2767000000,-0.00644367790413
2778000000,-0.00513513068636
2778000000,-0.00398707060438
2778000000,-0.00299109731431
2801000000,-0.00384371234908
2808000000,-0.00301860941173
2820000000,-0.00321461376377
2831000000,-0.00254138260487
2835000000,-0.00195267188158
2838000000,-0.00144381101225
2861000000,0.017827655073
2872000000,0.0170626094469
2878000000,0.0160790834489
2878000000,0.0149454298886
2902000000,0.0175066918845
2907000000,0.0160222525071
2922000000,0.0144944173869
2932000000,0.0116482955735
2942000000,0.010231127723
2951000000,0.00888651768972
2962000000,0.00762913746073
2967000000,0.00646833920799
2979000000,0.00303846744866
2987000000,0.00222637839441
3000000000,0.00153743052345
3012000000,0.000960960658486
3020000000,0.000486028856514
3031000000,0.000101760832137
3039000000,-0.00259974357879
3047000000,-0.00267479213429
3061000000,-0.00563993037198
3070000000,-0.0053886220266
3079000000,-0.00506941592251
3088000000,-0.00470394771321
3096000000,-0.00431016545186
3114000000,-0.00590575452464
3114000000,-0.0053691651241
3133000000,-0.00482600349358
3141000000,-0.00672637520998
3150000000,-0.00605498088884
3151000000,-0.00539040808011
3168000000,-0.0047460712768
3168000000,-0.00413217768881
3189000000,-0.00604987250984
3202000000,-0.00536686380933
3211000000,-0.00470886320575
3220000000,-0.00651239577223
3228000000,-0.00577796167801
3241000000,-0.0050704811752
3251000000,-0.00440014838159
3260000000,-0.00594113504364
3272000000,-0.005231220546
3277000000,-0.00455563911314
3277000000,-0.00392234383215
3302000000,-0.00512925556281
3317000000,-0.00454780929871
3317000000,-0.00394641375277
3328000000,-0.00338563894646
3328000000,-0.0028694029336
3351000000,-0.00352756591874
3360000000,-0.00303630612702
3369000000,-0.00338106350846
3381000000,-0.00292017532074
3389000000,-0.00249366161725
3404000000,-0.00210399158101
3412000000,-0.00175194804076
3424000000,-0.0014644280367
3432000000,-0.00118497046926
3443000000,-0.000940704121468
3455000000,-0.000729983804561
3459000000,-0.000550436337622
3472000000,-0.000399648245039
3481000000,0.00040303375246
3487000000,0.000465915114421
3500000000,0.025924801594
3504000000,0.0242784820017
3518000000,0.0224343780321
3527000000,0.020475616811
3538000000,0.0356491566167
3551000000,0.0325972109517
3558000000,0.0294597548823
3558000000,0.0263251093083
3583000000,0.0232627695149
3589000000,0.0325161198991
3589000000,0.0289627886825
3599000000,0.0255112548827
3599000000,0.0222170883737
3628000000,0.026659588058
3639000000,0.0232972370691
3651000000,0.0201236482837
3661000000,0.0229113427213
3670000000,0.0198214618772
3680000000,0.0169402999758
3691000000,0.0174256137269
3699000000,0.0148383701481
3711000000,0.012465358498
3715000000,0.0103144879016
3715000000,0.00838683698007
3715000000,0.00667806073706
3751000000,0.00673444826653
3759000000,0.00535133197168
3768000000,0.00414010255844
3779000000,0.0032878965032
3791000000,0.00237840262914
3798000000,0.00160732614425
3808000000,0.000962541880641
3822000000,-0.0171618787121
3831000000,-0.0164416624334
3838000000,-0.0155071142106
3850000000,-0.0176687230198
3860000000,-0.0164090442245
3872000000,-0.014972474211
3876000000,-0.0135060224414
3886000000,-0.0120488823887
3900000000,-0.00918906311286
3911000000,-0.00792536044544
3919000000,-0.00675266999423
3919000000,-0.00567784483236
3940000000,-0.00244045741733
3948000000,-0.0017073017779
3957000000,-0.00109173621697
3957000000,-0.000582551463902
3957000000,0.00203344136196
3957000000,0.00223111809521
3999000000,0.00233688801438
3999000000,0.00236791894987
3999000000,0.00233939738864
3999000000,0.00425796668377
4039000000,0.00401827163771
4039000000,0.00373974225999
4059000000,0.00535150747652
4073000000,0.00491625393707
4082000000,0.004463672387
4092000000,0.00400764460882
4101000000,0.00355915815981
4112000000,0.00489388321099
4121000000,0.00436633456218
4132000000,0.00546898039853
4141000000,0.00487437480136
4151000000,0.00429766701178
4159000000,0.00374809799662
4167000000,0.00323226929134
4181000000,0.00405979606208
4191000000,0.0035431692554
4198000000,0.00305838558619
4207000000,0.00260962066578
4219000000,0.00305962425599
4230000000,0.00263571027556
4242000000,0.00224440562796
4247000000,0.00220308396476
4260000000,0.00186298595468
4270000000,0.00155560301469
4285000000,0.00128104218566
4289000000,0.000636564527932
4301000000,0.000448848571261
4311000000,0.000293265376461
4320000000,0.000166641589333
4329000000,6.60143202935e-05
4343000000,-0.0213449499796
4352000000,-0.0199821633621
4361000000,-0.0184581456083
4365000000,-0.0334016619415
4381000000,-0.0307533350595
4391000000,-0.0279752330326
4402000000,-0.0251567618139
4408000000,-0.0327074938142
4417000000,-0.029400326873
4428000000,-0.0261330844156
4434000000,-0.0229712736587
4448000000,-0.019963065031
4460000000,-0.0171432391685
4461000000,-0.0219584958736
4461000000,-0.0190804732925
4472000000,-0.0163826769687
4472000000,-0.0182906094312
4509000000,-0.0157238578236
4522000000,-0.0133472580767
4529000000,-0.0111739821222
4540000000,-0.0124719493309
4549000000,-0.0105195935765
4562000000,-0.00874366251195
4571000000,-0.00470112353211
4571000000,-0.00341775595316
4588000000,-0.00232903785907
4602000000,-0.00141773673039
4622000000,-0.000666664366003
4632000000,-5.8574960145e-05
4632000000,0.000423111786634
4644000000,0.0210834037553
4645000000,0.0202264635298
4658000000,0.0281300481222
4669000000,0.0262827432837
4701000000,0.0242393383512
4701000000,0.0220874148645
4710000000,0.0198981125873
4710000000,0.0128558228276
4711000000,0.0110166370964
4711000000,0.00932135559598
4723000000,0.00777790281941
4747000000,0.00246414366241
4748000000,0.001442069219
4771000000,0.000605156092255
4776000000,-0.00886166236643
4791000000,-0.00887181195703
4801000000,-0.00868011723006
4807000000,-0.00833379704383
4821000000,-0.0115236292549
4831000000,-0.0107642626674
4839000000,-0.00992379664751
4851000000,-0.01143873484
4862000000,-0.0104034635735
4870000000,-0.00935362810357
4877000000,-0.00831630638262
4890000000,-0.00731199562498
4899000000,-0.00635621715868
4909000000,-0.00785667287504
4921000000,-0.00687095420999
4929000000,-0.00873486864043
4939000000,-0.00770722763863
4951000000,-0.00672456289854
4960000000,-0.00579935843848
4972000000,-0.00783455788732
4980000000,-0.00686510223575
4990000000,-0.00594730958667
5000000000,-0.00509074823301
5004000000,-0.00717548101343
5022000000,-0.00628887551185
5032000000,-0.00544962393079
5040000000,-0.00466656475734
5051000000,-0.00394536200284
5060000000,-0.00588090210543
5070000000,-0.00512126768857
5078000000,-0.00440857444464
5089000000,-0.00374898851993
5100000000,-0.00541289607489
5109000000,-0.0048093643906
5120000000,-0.00417304862041
5129000000,-0.00357936082638
5143000000,-0.00488488802728
5149000000,-0.00428408837244
5158000000,-0.00371597900693
5169000000,-0.00318659269132
5176000000,-0.0039451403625
5191000000,-0.00343321619214
5201000000,-0.00295478086697
5209000000,-0.00251375172898
5218000000,-0.0021121316386
5229000000,-0.00227144481996
5240000000,-0.00191496065191
5241000000,-0.00159353780558
5260000000,-0.0013070726555
5270000000,-0.000759917303223
5276000000,-0.000559106983479
5291000000,-0.000391411835911
5300000000,0.022801899908
5312000000,0.0215281762574
5318000000,0.0200395261574
5330000000,0.0184148520492
5342000000,0.0333969360292
5350000000,0.030572248006
5359000000,0.0276585991534
5370000000,0.0247398920486
5381000000,0.0340237310526
5389000000,0.0305177851547
5397000000,0.0270687816613
5411000000,0.0237418312354
5420000000,0.0298006905679
5431000000,0.0262954543047
5437000000,0.0229412255452
5450000000,0.0197813918004
5460000000,0.0236655284468
5472000000,0.0205537539269
5480000000,0.0176387840487
5480000000,0.0149439019902
5480000000,0.0124828361687
5509000000,0.0102612485987
5516000000,0.0127077303965
5516000000,0.0106627443498
5542000000,0.0138275582885
5552000000,0.0118537407129
5559000000,0.0100306941096
5566000000,0.00836725531788
5580000000,0.00766645173243
5588000000,0.00628385667916
5588000000,0.00505213048519
5613000000,0.00455497313362
5613000000,0.00357432291352
5630000000,0.00272007882939
5643000000,0.00198449506076
5649000000,0.00135885751635
5661000000,0.000834007065526
5669000000,-0.0178437723928
5679000000,-0.0170035230729
5690000000,-0.0159618823411
5701000000,-0.0153655031573
5711000000,-0.0140765414697
5723000000,-0.0127469125283
5730000000,-0.0114147898065
5740000000,-0.00771600655164
5744000000,-0.00662211630985
5759000000,-0.00561267495827
5770000000,-0.00469236714769
5779000000,-0.00386293679382
5787000000,-0.00154404535963
5801000000,-0.000995396506455
5811000000,-0.000541401538408
5820000000,-0.00017197839208
5827000000,0.00242672709651
5841000000,0.00251724374065
5852000000,0.00253180015267
5858000000,0.00248619692755
5871000000,0.00484153910355
5883000000,0.0045618957243
5889000000,0.00423935142842
5899000000,0.00389027200947
5912000000,0.00599161824038
5913000000,0.00546960581175
5931000000,0.00493594183759
5939000000,0.00440519839885
5945000000,0.00629914398704
5960000000,0.00564496712354
5970000000,0.00500357590241
5981000000,0.00671608256699
5991000000,0.00598025183494
5999000000,0.00526730131422
6007000000,0.00458844910614
6020000000,0.00606756976869
6030000000,0.00534869408847
6037000000,0.00466355209062
6045000000,0.00402046319341
6060000000,0.00517014791122
6069000000,0.00451395320022
6079000000,0.00389743554015
6092000000,0.00332619711344
6096000000,0.00405226689126
6110000000,0.00350113977798
6119000000,0.00299033649117
6130000000,0.00252289025476
6139000000,0.00266990786818
6149000000,0.00226048981895
6159000000,0.00188981855929
6173000000,0.00143968058376
6180000000,0.00115314673592
6190000000,0.000904056740892
6196000000,0.000690288859162
6208000000,0.000509262811729
6218000000,-0.0234665403946
6231000000,-0.0220644748527
6236000000,-0.020462164744
6238000000,-0.0187381540396
6262000000,-0.0333723897118
6270000000,-0.0304927935363
6282000000,-0.0275379140158
6292000000,-0.0245894467537
6301000000,-0.0217120646899
6308000000,-0.0302576379456
6317000000,-0.0269334171137
6327000000,-0.0237083561377
6341000000,-0.0299631680085
6352000000,-0.0265149705039
6358000000,-0.0232010629171
6367000000,-0.0200671848735
6379000000,-0.0226532790411
6389000000,-0.0196404434066
6402000000,-0.016824326832
6408000000,-0.0142263328778
6420000000,-0.0118583060315
6428000000,-0.0142643670363
6438000000,-0.012060248365
6450000000,-0.0100509498496
6461000000,-0.010165591757
6469000000,-0.00843644444091
6482000000,-0.00688339180831
6490000000,-0.00550374330753
6497000000,-0.00563209168326
6510000000,-0.00449144976877
6512000000,-0.00349034959215
6528000000,-0.00262157908227
6541000000,0.0188476661223
6551000000,0.0182320569762
6563000000,0.0173397256922
6575000000,0.0162494736295
6589000000,0.0190924373235
6589000000,0.0175675836325
6604000000,0.0159735416195
6610000000,-0.279636141057
6621000000,-0.264376073319
6629000000,-0.246426468367
6642000000,-0.226767889276
6655000000,-0.206202922638
6660000000,-0.615525160661
6670000000,-0.568562616871
6679000000,-0.51883417373
6680000000,-0.468044704779
6698000000,-0.86176189984
6712000000,-0.784783477942
6719000000,-0.706574553737
6731000000,-1.05870855286
6742000000,-0.959661315036
6750000000,-0.860113493108
6767000000,-0.762452927059
6772000000,-0.668469120012
6781000000,-0.93399751339
6790000000,-0.827352092984
6797000000,-0.724851789811
6811000000,-0.62791992277
6816000000,-0.53755176148
6829000000,-0.722363145221
6842000000,-0.632079281696
6849000000,-0.546896964374
6858000000,-0.614658745149
6869000000,-0.532987410874
6879000000,-0.456809113807
6889000000,-0.386672274938
6901000000,-0.402120479762
6910000000,-0.339767678952
6920000000,-0.283152583183
6931000000,-0.232334270415
6939000000,-0.158744030742
6950000000,-0.121000119511
6962000000,-0.0887165391236
6969000000,-0.0614714887259
6977000000,0.0635008410991
6991000000,0.0753954512918
6999000000,0.0829041960465
7010000000,0.0867783357025
7020000000,0.0876761236382
7030000000,0.278000292798
7039000000,0.263156903655
7051000000,0.245348952988
7060000000,0.490480984211
7070000000,0.454886463228
7078000000,0.416402658649
7078000000,0.376503197762
7093000000,0.336376896727
7112000000,0.583687035398
7118000000,0.527727017078
7131000000,0.866374522173
7145000000,0.801085466104
7152000000,0.72204186868
7159000000,0.643314495929
7170000000,0.884200977568
7179000000,0.792117931712
7191000000,0.701518524714
7200000000,0.614171139028
7211000000,0.531336169622
7219000000,0.874069063008
7232000000,0.7767937534
7236000000,0.682434395335
7236000000,0.592496663972
7237000000,0.508041553658
7268000000,0.75887125115
7282000000,0.665878270379
7291000000,0.998087524464
7300000000,0.890480301205
7312000000,0.785432972252
7321000000,0.684767361077
7329000000,0.58979944675
7341000000,0.81988684506
7352000000,0.719260159418
7357000000,0.623593873197
7357000000,0.533975102911
7379000000,0.781233040481
7388000000,0.684815259829
7388000000,0.593205688783
7388000000,0.507435854091
7415000000,0.428254050559
7433000000,0.647630748545
7440000000,0.56457944978
7440000000,0.413298730784
7468000000,0.346310861414
7477000000,0.285489103219
7491000000,0.451389262787
7502000000,0.388341751935
7511000000,0.607782193806
7517000000,0.536908931077
7532000000,0.46878425445
7539000000,0.404367263818
7545000000,0.456645023032
7555000000,0.394511387514
7558000000,0.336532412069
7558000000,0.283112917328
7590000000,0.390958066476
7593000000,0.337142605906
7598000000,0.286984578423
7618000000,0.275221670345
7629000000,0.231399166482
7638000000,0.19154418624
7639000000,0.155691282158
7660000000,0.17699149381
7669000000,0.145725086011
7678000000,0.117666292794
7690000000,0.0618638054828
7701000000,0.0417457875174
7714000000,0.0248563275067
7717000000,0.0108786196405
7722000000,-0.00048905617827
7741000000,0.252114212772
7747000000,0.230775383875
7763000000,0.208719639604
7771000000,0.523250390674
7780000000,0.483152085387
7790000000,0.440712831261
7801000000,0.397347853197
7811000000,0.686366871784
7818000000,0.626250837145
7829000000,0.564854636923
7841000000,0.503797340654
7843000000,0.444394200962
7861000000,0.387637888803
7871000000,0.601653706795
7880000000,0.536045463778
7890000000,0.65479689029
7899000000,0.58262864861
7911000000,0.512761252181
7922000000,0.446285594709
7932000000,0.450275199763
7942000000,0.388501419731
7952000000,0.331214107707
7960000000,0.278760777406
7971000000,0.23130740083
7982000000,0.167601217597
7991000000,0.131497028652
8002000000,0.10024684489
8011000000,-0.0737760609088
8020000000,-0.0868712996271
8028000000,-0.0950591652047
8040000000,-0.0991735574937
8048000000,-0.0999735643321
8060000000,-0.330282763329
8066000000,-0.311530787714
8078000000,-0.289553190967
8091000000,-0.573967129013
8095000000,-0.529874059186
8108000000,-0.482974218839
8121000000,-0.434905830475
8131000000,-0.386968492157
8142000000,-0.748326820799
8151000000,-0.679081107101
8156000000,-0.609017440329
8169000000,-0.539866041343
8180000000,-0.95244985458
8190000000,-0.858668420108
8202000000,-0.765164163719
8208000000,-0.673992221876
8218000000,-1.13937983641
8226000000,-1.02321522015
8241000000,-0.908434486454
8249000000,-0.797263462196
8257000000,-1.22636333328
8269000000,-1.09279600992
8279000000,-0.962672685758
8289000000,-0.838261692251
8298000000,-1.38522444344
8312000000,-1.23388300258
8328000000,-1.08661645056
8332000000,-0.945834018356
8341000000,-1.29091776957
8352000000,-1.13723959164
8362000000,-0.990349186653
8371000000,-1.46492708478
8381000000,-1.29973725952
8391000000,-1.14010046381
8403000000,-0.988377639283
8410000000,-0.846292091697
8419000000,-0.714958344538
8429000000,-0.595120340859
8442000000,-0.937054944891
8451000000,-1.44176945568
8462000000,-1.29144707617
8472000000,-1.14368308946
8486000000,-1.0012711798
8489000000,-0.866244761751
8502000000,-0.740116852119
8511000000,-0.908852846238
8516000000,-0.784371999201
8534000000,-0.668414398277
8543000000,-0.561723531172
8551000000,-0.773695838729
8556000000,-0.666708762801
8572000000,-0.567147489876
8591000000,-0.737689022949
8597000000,-0.640076671998
8610000000,-0.548553654203
8628000000,-0.463847040683
8628000000,-0.386410734343
8633000000,-0.316438198886
8644000000,-0.456522053084
8653000000,-0.388916375484
8663000000,-0.605554608923
8669000000,-0.533011482139
8683000000,-0.463665409329
8692000000,-0.440246727435
8701000000,-0.377027249035
8702000000,-0.318527244704
8712000000,-0.265123496052
8729000000,-0.216933902337
8741000000,-0.26875205999
8750000000,-0.225601164277
8763000000,-0.186362099477
8769000000,-0.151088978709
8779000000,-0.0865968659958
8792000000,-0.0611841921059
8799000000,-0.039669699841
8799000000,-0.0217017204628
8820000000,-0.00693267623947
8831000000,0.0223081003671
8866000000,0.0307022304791
8866000000,0.0407959139887
8869000000,0.0431397223027
8881000000,0.114632667211
8888000000,0.244435320871
8900000000,0.23050453322
8912000000,0.214431586023
8920000000,0.197027205734
8928000000,0.178956229929
8941000000,0.297775319551
8951000000,0.271799687028
8962000000,0.245268058556
8973000000,0.393548469967
8981000000,0.35762338778
8988000000,0.321314992013
9002000000,0.285512897573
9011000000,0.250897239767
9021000000,0.217985051612
9030000000,0.380115579848
9040000000,0.338749880114
9051000000,0.298536213564
9058000000,0.491258878761
9068000000,0.44123480116
9076000000,0.391884193191
9090000000,0.344169044828
9100000000,0.298804648571
9112000000,0.514498609184
9123000000,0.458328395842
9127000000,0.403725501027
9139000000,0.605220818826
9147000000,0.539587482611
9161000000,0.475706662388
9171000000,0.701294740626
9180000000,0.628117403218
9191000000,0.556316463616
9200000000,0.487171250276
9207000000,0.421663132788
9220000000,0.629263054631
9231000000,0.555670018749
9242000000,0.485131584379
9247000000,0.418574010451
9261000000,0.356632909666
9269000000,0.871055718391
9282000000,0.782771315232
9287000000,0.69553908294
9297000000,1.29243747793
9312000000,1.16846961641
9320000000,1.04450107592
9328000000,0.923304778635
9343000000,0.806991030593
9350000000,1.4171571536
9362000000,1.27358045071
9370000000,1.81784020043
9376000000,1.63587465526
9386000000,1.45576384983
9397000000,1.28114740366
9410000000,1.11475670151
9420000000,1.49874323058
9431000000,1.3181314809
9441000000,1.14620517333
9450000000,1.47245229953
9461000000,1.29666513471
9470000000,1.12910628507
9479000000,0.971729231265
9479000000,0.825905941463
9499000000,1.008418869
9508000000,0.869618077441
9515000000,0.740737767837
9526000000,0.622586253332
9540000000,0.733975562662
9550000000,0.624094239218
9557000000,0.523543514044
9569000000,0.432609182783
9582000000,0.472371208271
9593000000,0.393204357178
9599000000,0.322071594369
9614000000,0.258869741839
9621000000,0.204818349138
9627000000,0.156504472226
9637000000,0.115024185414
9651000000,0.0798689985654
9651000000,0.0504949110515
9670000000,-0.10005945928
9678000000,-0.111632079463
9690000000,-0.339589727663
9698000000,-0.329792633441
9709000000,-0.31454470821
9720000000,-0.295309931215
9733000000,-0.273350606131
9740000000,-0.511894116727
9746000000,-0.470067494005
9762000000,-0.42639518748
9768000000,-0.382229220822
9781000000,-0.656015180499
9792000000,-0.596484968719
9799000000,-0.535999209465
9811000000,-0.881598130333
9822000000,-0.800270142029
9823000000,-0.718026556883
9843000000,-0.636899456001
9847000000,-0.949091024851
9859000000,-0.851519686561
9869000000,-0.755260767964
9877000000,-0.662220652801
9895000000,-1.03104153335
9903000000,-0.921428452877
9913000000,-0.814155125695
9921000000,-0.711090165559
9931000000,-1.04039220163
9941000000,-0.925073082706
9951000000,-0.813169407702
9959000000,-0.706533773838
9968000000,-0.606415305861
9981000000,-0.992363421272
9991000000,-0.875585255335
9997000000,-0.763643539309
10010000000,-0.658012802023
10019000000,-0.955690187767
10028000000,-0.841120698988
10037000000,-0.731743524506
10046000000,-0.628901639648
10058000000,-0.962315884734
10069000000,-0.850280688457
10080000000,-0.742638952065
10089000000,-0.640864771272
10102000000,-0.919148203425
10107000000,-0.810576255951
10123000000,-0.706608738665
10131000000,-0.608596802204
10141000000,-0.517437240064
10149000000,-0.746894180111
10161000000,-0.650049758232
10171000000,-0.863074223816
10181000000,-0.760255097413
10190000000,-0.661977473096
10201000000,-0.569479471538
10210000000,-0.483574490658
10221000000,-0.593226283796
10230000000,-0.50951180813
10241000000,-0.431883726414
10250000000,-0.591246887955
10261000000,-0.51439811876
10265000000,-0.442148905382
10274000000,-0.375098018615
10274000000,-0.313639882696
10279000000,-0.339238578131
10311000000,-0.284383976342
10318000000,-0.234629808251
10318000000,-0.190009318495
10318000000,-0.150429604074
10318000000,-0.115700142111
10359000000,-0.208164904608
10368000000,-0.175480211324
10392000000,-0.145606391509
10392000000,-0.11866881177
10408000000,-0.119743600954
10412000000,-0.0969473715504
10427000000,-0.0888447591907
10427000000,-0.0702178921544
10427000000,-0.0538429675221
10451000000,-0.271250522863
10460000000,-0.245763798876
10472000000,-0.220099012281
10483000000,-0.194868203083
10492000000,-0.522784138397
10502000000,-0.48046198664
10511000000,-0.436321489755
10521000000,-0.39170665937
10527000000,-0.668345365056
10539000000,-0.60619373112
10551000000,-0.543623791722
10559000000,-0.482132139696
10567000000,-0.422868102198
10568000000,-0.366696313022
10585000000,-0.314228370619
10594000000,-0.265862585815
10594000000,-0.464437295433
10612000000,-0.411230843006
10627000000,-0.360137719317
10639000000,-0.311865253238
10644000000,-0.266910380274
10660000000,-0.225586993331
10660000000,-0.18806260684
10660000000,-0.154377879036
10693000000,-0.124478763406
10704000000,-0.0982423266417
10713000000,-0.0754904527073
10723000000,-0.0560153079369
10750000000,-0.0395677090778
10750000000,-0.0258896967875
10754000000,-0.0146984178636
10762000000,-0.00571350194001
10772000000,0.00131586601796
10785000000,0.00663548294685
10793000000,0.107766206814
10805000000,0.104883772464
10809000000,0.100007887987
10809000000,0.0936819584462
10809000000,0.0863782802633
10809000000,0.0784449543273
10809000000,0.07018211046
10809000000,0.274302185622
10863000000,0.253539760302
10879000000,0.927596957791
10885000000,0.859892977832
10901000000,1.32325203197
10912000000,1.21358820864
10919000000,1.09970590407
10931000000,0.985014954267
10932000000,1.22106872715
10944000000,1.08997830573
10966000000,0.961903506743
10970000000,0.839139747569
10982000000,1.24310326211
10990000000,1.10068102705
11001000000,0.963449890754
11010000000,1.32841016705
11026000000,1.17580179168
11034000000,1.02881742318
11034000000,0.889624378075
11053000000,1.33355108855
11061000000,1.18092584516
11061000000,1.03380065141
11061000000,0.894301907331
11097000000,1.29675222567
11097000000,1.14738970488
11116000000,1.00370001137
11116000000,0.867668661137
11116000000,0.740683056944
11147000000,0.623655363965
11147000000,0.517049896378
11162000000,0.987809140608
11162000000,0.86906897346
11175000000,0.755658255197
11175000000,0.55014959214
11175000000,1.11683696431
11175000000,0.998816840926
11176000000,0.883132145329
11221000000,0.771807950778
11238000000,1.18286143727
11255000000,1.05429479534
11272000000,1.43226983684
11278000000,1.28361037977
11291000000,1.13735103145
11298000000,1.24382533701
11311000000,1.09581939657
11321000000,0.954294992429
11329000000,0.821132859286
11339000000,0.977738483706
11350000000,0.848740531927
11357000000,0.72777069727
11368000000,0.615824585532
11378000000,0.62195506353
11390000000,0.52287425684
11397000000,0.432833221028
11409000000,0.351954967252
11422000000,0.447399465005
11433000000,0.373760821416
11437000000,0.307097299752
11450000000,0.257151541765
11460000000,0.203819115433
11469000000,0.15700786329
11479000000,0.116434049376
11487000000,0.0816674755812
11497000000,0.0859242314591
11512000000,0.0591889268508
11521000000,0.0366148752613
11529000000,0.0178353049007
11540000000,-0.0613274036065
11552000000,-0.0693556176165
11560000000,-0.0742484637226
11570000000,-0.076557451303
11581000000,-0.155491775064
11587000000,-0.14912232352
11606000000,-0.140863014376
11606000000,-0.131295890651
11620000000,-0.275064214528
11627000000,-0.254938820823
11632000000,-0.233422713786
11649000000,-0.211289780256
11658000000,-0.386744095363
11667000000,-0.352974754517
11680000000,-0.318488777106
11688000000,-0.495983441852
11698000000,-0.449876304258
11710000000,-0.403468841932
11722000000,-0.357859308679
11723000000,-0.313893549603
11740000000,-0.50878371551
11749000000,-0.454349643881
11756000000,-0.401245976576
11769000000,-0.35037407122
11779000000,-0.558843576324
11791000000,-0.499851243185
11800000000,-0.442110968674
11810000000,-0.669114257412
11821000000,-0.59932213298
11827000000,-0.530821496057
11841000000,-0.464878994422
11852000000,-0.69703141351
11862000000,-0.621419930493
11872000000,-0.547829172197
11883000000,-0.477465811618
11892000000,-0.411217599306
11900000000,-0.612538417378
11912000000,-0.540314793845
11918000000,-0.471199936715
11927000000,-0.406074208803
11940000000,-0.664459720103
11951000000,-0.590162792983
11959000000,-0.518263668038
11971000000,-0.449859018827
11978000000,-0.673692343355
11991000000,-0.595599084587
12003000000,-0.520599033946
12010000000,-0.44971231733
12021000000,-0.383636764294
12030000000,-0.322823813661
12039000000,-0.267515862296
12051000000,-0.521879743444
12062000000,-0.805159428766
12072000000,-0.722821298934
12079000000,-0.641618885871
12090000000,-0.563118286899
12101000000,-0.488490209313
12110000000,-0.660462796074
12121000000,-0.582609222648
12131000000,-0.508107710839
12138000000,-0.695418160671
12148000000,-0.614681789383
12156000000,-0.537158861181
12171000000,-0.463887577351
12171000000,-0.395611981702
12183000000,-0.513921726354
12194000000,-0.445950393137
12210000000,-0.382288753425
12216000000,-0.323439297468
12229000000,-0.479235007306
12238000000,-0.417016387358
12250000000,-0.489309014139
12256000000,-0.427737968062
12263000000,-0.369497186319
12277000000,-0.315232495757
12292000000,-0.265306017979
12301000000,-0.356455626733
12311000000,-0.306724772885
12321000000,-0.260550437986
12332000000,-0.289600559519
12342000000,-0.246665812159
12358000000,-0.207227880014
12364000000,-0.171424340529
12384000000,-0.139285671689
12384000000,-0.110748350505
12396000000,-0.0856835909386
12408000000,-0.0639214991428
12412000000,-0.110297886876
12421000000,-0.0902489389513
12421000000,-0.0723656520518
12442000000,-0.0920172611626
12453000000,-0.0904664789943
12460000000,-0.0751277000603
12471000000,-0.0612920501024
12482000000,-0.0489503974499
12495000000,-0.0380736033289
12504000000,-0.0286103522537
12508000000,-0.00594204221092
12522000000,9.97455917441e-05
12528000000,0.055126261763
12540000000,0.0558255783331
12550000000,0.0551652672931
12560000000,0.0534440732166
12563000000,0.050910467989
12582000000,0.102468678554
12588000000,0.095459432231
12597000000,0.0878179724577
12612000000,0.0798464545895
12621000000,0.0717899206328
12631000000,0.145365449831
12642000000,0.132247135427
12652000000,0.210194017436
12661000000,0.19169351844
12671000000,0.172820053435
12696000000,0.154072915616
12705000000,0.11842231688
12712000000,0.202878546004
12726000000,0.181466016025
12734000000,0.160510730727
12740000000,0.14038299522
12750000000,0.229202093264
12764000000,0.204417033043
12773000000,0.180278754165
12782000000,0.157189192147
12791000000,0.251091903859
12796000000,0.223481749241
12806000000,0.196684966598
12820000000,0.303231047727
12824000000,0.271641341229
12841000000,0.24061773977
12851000000,0.210736175261
12861000000,0.308835041248
12867000000,0.274473127975
12882000000,0.241205183557
12891000000,0.314086816641
12898000000,0.277968734513
12912000000,0.243229324874
12917000000,0.210351169974
12930000000,0.306088941545
12942000000,0.269759150136
12950000000,0.235040461113
12973000000,0.202365056379
12973000000,0.172025098238
12981000000,0.144205705472
12992000000,0.221673966574
13014000000,0.192248841865
13014000000,0.164707058474
13023000000,0.139261859181
13031000000,0.232174676154
13039000000,0.204235126172
13051000000,0.274201584067
13061000000,0.243877242323
13071000000,0.214472989521
13074000000,0.186451830029
13088000000,0.160142828356
13099000000,0.233060003991
13109000000,0.205042200689
13120000000,0.178312430093
13131000000,0.153196199702
13137000000,0.199872719097
13145000000,0.173913729433
13160000000,0.149514679929
13173000000,0.194241973628
13182000000,0.16947084199
13189000000,0.14609968141
13200000000,0.124357164728
13210000000,0.104383319875
13221000000,0.13733221257
13230000000,0.11815215787
13237000000,0.100347239987
13242000000,0.0840241776281
13256000000,0.109182472754
13270000000,0.0935825658885
13278000000,0.0791461343496
13291000000,0.0659579531488
13301000000,0.0540546843912
13302000000,0.0434277665252
13314000000,0.0688116908615
13315000000,0.0582997546886
13341000000,0.0486729885111
13354000000,0.0646272829043
13361000000,0.0551881945581
13375000000,0.0464889648886
13383000000,0.0538253207099
13390000000,0.0458388279427
13400000000,0.0384880530722
13413000000,0.0318051139736
13422000000,0.0186224687374
13431000000,0.0137358154878
13441000000,0.00955901863485
13449000000,0.00603539783198
13462000000,-0.000405359546599
13469000000,-0.00271094034052
13480000000,-0.00440235440993
13490000000,-0.00565335579743
13501000000,-0.00652899494135
13511000000,-0.0271568564901
13520000000,-0.0261597267362
13529000000,-0.0247975868962
13540000000,-0.0454721669144
13548000000,-0.0423463590617
13560000000,-0.0389419745803
13567000000,-0.0353935177329
13580000000,-0.0643917899385
13590000000,-0.058855055621
13601000000,-0.0531753032164
13610000000,-0.047509293368
13620000000,-0.0419803117879
13632000000,-0.072461427096
13638000000,-0.0653135309579
13646000000,-0.0582145026303
13662000000,-0.051311731936
13672000000,-0.0937474051217
13680000000,-0.0846642739093
13694000000,-0.119257215944
13701000000,-0.107792471193
13708000000,-0.0963343186429
13729000000,-0.0851368626238
13741000000,-0.0743961278055
13741000000,-0.0642551055414
13752000000,-0.0994985078528
13758000000,-0.0880727805253
13771000000,-0.124821203105
13779000000,-0.111615049485
13787000000,-0.0986917680255
13794000000,-0.0862826025061
13806000000,-0.0745571190706
13819000000,-0.110283141056
13831000000,-0.0973052025269
13842000000,-0.0848798917896
13851000000,-0.0731681638626
13861000000,-0.104912100736
13870000000,-0.0922989334374
13883000000,-0.0802756919466
13887000000,-0.0689848719119
13902000000,-0.0585233845275
13907000000,-0.0952477802821
13922000000,-0.0834992572942
13933000000,-0.112297225169
13941000000,-0.0993615227038
13950000000,-0.0869253157743
13960000000,-0.0751595920812
13970000000,-0.105249142167
13980000000,-0.092896296838
13991000000,-0.0810633605416
13997000000,-0.0699007186134
14007000000,-0.0925256643585
14022000000,-0.0810518052506
14028000000,-0.070176339127
14037000000,-0.0600152872852
14051000000,-0.0506437233186
14061000000,-0.0421016544889
14061000000,-0.0643312235169
14062000000,-0.0554795166365
14062000000,-0.0472412251915
14098000000,-0.0676268394156
14110000000,-0.0591153963345
14120000000,-0.0510655703697
14131000000,-0.0670760998961
14140000000,-0.0595525483039
14151000000,-0.0517085986239
14160000000,-0.0443487763413
14171000000,-0.0607765585997
14181000000,-0.0532224771773
14187000000,-0.0460609284006
14196000000,-0.0393684332393
14211000000,-0.0331945451911
14218000000,-0.0389475868853
14227000000,-0.0331347717344
14242000000,-0.0277980698646
14262000000,-0.0229569929394
14284000000,-0.018614248056
14284000000,-0.0113786683546
14305000000,-0.00844383241978
14305000000,-0.00592705409695
14313000000,-0.0186298362375
14323000000,-0.0226300687838
14344000000,-0.0197368313976
14344000000,-0.0170042537233
14354000000,-0.0144583048147
14365000000,-0.01964752158
14402000000,-0.0170482177973
14402000000,-0.0102914356238
14432000000,-0.00842959465527
14432000000,-0.00676602398417
14444000000,-0.00529668002903
14444000000,0.000440679008093
14457000000,0.00125657595627
14484000000,0.00187478792495
14484000000,0.00262890241885
14498000000,0.00281415253919
14503000000,0.0121098560564
14511000000,0.0115872756187
14522000000,0.0235198242929
14523000000,0.0219092474243
14539000000,0.0338415949949
14550000000,0.031182199774
14556000000,0.0283886189753
14570000000,0.0255514381728
14581000000,0.0492133289136
14589000000,0.0448647747552
14601000000,0.0404320599173
14609000000,0.0360322195312
14620000000,0.033525065217
14629000000,0.0293363504516
14641000000,0.0253760373347
14649000000,0.0216841598972
14663000000,0.0134503940594
14670000000,0.0106565634267
14680000000,0.00821268958222
14690000000,0.00609887708022
14701000000,0.00429213460289
14711000000,0.0241215871719
14721000000,0.0216283421037
14729000000,0.0191730786864
14739000000,0.037195555744
14751000000,0.0338312187485
14759000000,0.0304190706834
14773000000,0.0270431734096
14778000000,0.0428068907802
14791000000,0.038597504766
14816000000,0.0344085077789
14816000000,0.0303293994864
14823000000,0.0264292881589
14830000000,0.040232751487
14838000000,0.0357263796029
14850000000,0.0482714045429
14861000000,0.0431108757736
14871000000,0.0380708903871
14882000000,0.0332383554742
14891000000,0.0445619740893
14900000000,0.0392819747592
14911000000,0.0342343264471
14915000000,0.0294826007327
14932000000,0.0384831277932
14942000000,0.0336667852302
14955000000,0.0291086480447
14961000000,0.0248563664205
14971000000,0.0209421135987
14981000000,0.0173812945328
14993000000,0.0271405087259
15007000000,0.0234277196534
15016000000,0.0199687046922
15024000000,0.0283817074028
15037000000,0.0248559850506
15047000000,0.0215153704496
15052000000,0.0314110334729
15064000000,0.0278206256368
15073000000,0.0243622099788
15082000000,0.0210830828375
15093000000,0.0263109044762
15102000000,0.0229427819743
15112000000,0.0197679876058
15120000000,0.0168174444637
15129000000,0.0141091789641
15142000000,0.0116522617542
15150000000,0.00944762292045
15155000000,0.0158142503759
15172000000,0.0135435028702
15172000000,0.0114442642413
15190000000,0.0158736224223
15199000000,0.0137552878756
15210000000,0.0167802876808
15217000000,0.0146607167481
15232000000,0.0126560175084
15240000000,0.0107869672237
15250000000,0.00906686248051
15260000000,0.00750416420282
15270000000,0.00936503125198
15297000000,0.00793477908725
15297000000,0.0066251853892
15299000000,0.00543997541986
15311000000,0.00571750081073
15318000000,0.00469895154549
15325000000,0.00378778304698
15325000000,0.00227653004051
15367000000,0.00166650142597
15377000000,0.00114495652469
15377000000,0.00173273791077
15391000000,0.000338399778669
15403000000,3.45283993125e-05
15403000000,-0.000207616098612
15403000000,-0.000395782233814
15440000000,-0.000537130606136
15455000000,-0.000638536284037
15455000000,-0.000705826008037
15455000000,-0.00297273917752
15467000000,-0.00674093684873
15481000000,-0.00635343971063
15491000000,-0.0260351171589
15498000000,-0.0242626063949
15506000000,-0.022323418234
15521000000,-0.0202961967103
15527000000,-0.0212946087448
15540000000,-0.0190867746258
15541000000,-0.0169197998885
15559000000,-0.0148334860914
15567000000,-0.0107994766301
15576000000,-0.00908069530587
15590000000,-0.00752276780646
15600000000,-0.00612622920939
15611000000,-0.00200249563715
15621000000,-0.00109000806804
15631000000,-0.000345816188654
15642000000,0.000249237303286
15651000000,0.000713552208706
15661000000,0.00369715128299
15671000000,0.00379678374111
15678000000,0.00379183755461
15691000000,0.00370469802849
15692000000,0.00573249348686
15708000000,0.00539987679705
15720000000,0.00501878407
15732000000,0.00635094131038
15733000000,0.00582461784845
15750000000,0.0052822606917
15761000000,0.00473956681591
15771000000,0.00527539280299
15778000000,0.00469579093235
15791000000,0.00413694537523
15802000000,0.00360731554615
15809000000,-0.0204554036586
15820000000,-0.0194325137822
15830000000,-0.0181874013443
15838000000,-0.0167957424741
15838000000,-0.015319695032
15839000000,-0.0138100727239
15870000000,-0.0299839987082
15880000000,-0.027365641994
15890000000,-0.024685534345
15895000000,-0.0351042482113
15910000000,-0.0317360181178
15918000000,-0.0283678731911
15928000000,-0.0250750229157
15940000000,-0.0330826612624
15947000000,-0.0294268345175
15958000000,-0.0258829636552
15971000000,-0.0225065254476
15975000000,-0.0193381140608
15991000000,-0.0164052674639
15993000000,-0.0214547782564
16008000000,-0.0185152149389
16018000000,-0.0157801673603
16027000000,-0.0219538048481
16038000000,-0.0191627073934
16051000000,-0.0165298004167
16062000000,-0.0180978891164
16070000000,-0.0156150157081
16077000000,-0.0133058660378
16084000000,-0.0111850104179
16099000000,-0.00926006033269
16112000000,-0.0101164929457
16127000000,-0.0084145711098
16133000000,-0.00688281781231
16142000000,-0.00799484386077
16147000000,-0.00663599548543
16161000000,-0.00541415872638
16170000000,-0.00471938328491
16172000000,-0.00374021165681
16189000000,-0.0028823550107
16200000000,-0.00213998875424
16211000000,-0.00219933995428
16221000000,-0.00162040942478
16228000000,-0.00112624338321
16240000000,-0.000709784445177
16252000000,-0.000363949805551
16260000000,0.00093486963871
16269000000,0.00110120302428
16290000000,0.00120868175271
16290000000,0.00126749037987
16299000000,0.0198483181231
16308000000,0.0186233673042
16318000000,0.0172424166131
16331000000,0.019511861661
16347000000,0.017794653177
16349000000,0.0160442919145
16365000000,0.0143066557829
16374000000,0.0126179219852
16383000000,0.0110055762572
16391000000,0.00831244772806
16399000000,0.00697692147696
16400000000,0.00576919599494
16415000000,0.00245555541422
16430000000,0.00162787881444
16440000000,0.00093980546844
16451000000,-0.00186057667869
16461000000,-0.00216852084097
16470000000,-0.00236203275485
16484000000,-0.00246105819927
16484000000,-0.00248360597407
16497000000,-0.00244553679216
16509000000,-0.00236053754953
16509000000,-0.00224051418657
16509000000,-0.00209557773302
16537000000,-0.00708721600154
16549000000,-0.00661954708669
16566000000,-0.00610261421465
16570000000,-0.00759662436828
16581000000,-0.00691353670119
16591000000,-0.00622085672873
16603000000,-0.00553616170462
16612000000,-0.00704305647565
16625000000,-0.00628766926754
16630000000,-0.00555223010456
16643000000,-0.00484917135794
16652000000,-0.00418738951797
16662000000,-0.00562199451452
16672000000,-0.00492758732711
16685000000,-0.00427117770653
16691000000,-0.00365939159275
16702000000,-0.00485717588174
16712000000,-0.00422841159639
16723000000,-0.00363960298688
16732000000,-0.00309558308244
16743000000,-0.00396934141885
16752000000,-0.00343227697182
16762000000,-0.00293405030617
16772000000,-0.00247771806993
16782000000,-0.00282340336757
16792000000,-0.00240601119967
16808000000,-0.00202531264902
16812000000,-0.00168217425052
16821000000,-0.00147014418191
16831000000,-0.00119524550683
16841000000,-0.000954528327307
16851000000,-0.000746256180474
16860000000,1.93625180031e-05
16869000000,0.000132293111908
16888000000,0.000215502812084
16892000000,0.000273150754041
16901000000,0.0252397473416
16911000000,0.0237595224761
16919000000,0.0220573984544
16938000000,0.0202192640936
16939000000,0.0183151686988
16951000000,0.0336608728324
16961000000,0.0306999643412
16974000000,0.0276759337456
16987000000,0.0246701316181
16998000000,0.0332457486827
17006000000,0.029760830438
17012000000,0.0263458651711
17020000000,0.0318794992078
17030000000,0.0282434655558
17039000000,0.0247428969573
17050000000,0.0261955415577
17062000000,0.0228273426007
17072000000,0.0196594400825
17080000000,0.0167210823637
17087000000,0.0140292257521
17093000000,0.0115918710879
17109000000,0.012641209373
17117000000,0.0105101267684
17117000000,0.00859349903135
17142000000,0.00785487576087
17149000000,0.00629793287301
17155000000,0.00492865348372
17170000000,0.00373792617523
17179000000,-0.0185076472686
17188000000,-0.0181916244215
17195000000,-0.0175343489949
17212000000,-0.0166252840521
17220000000,-0.0198405469014
17227000000,-0.018390234361
17240000000,-0.0168366697878
17252000000,-0.0152366537517
17261000000,-0.0136359156252
17272000000,-0.0105125682736
17281000000,-0.00911139755631
17286000000,-0.0078041928255
17309000000,-0.00394301877725
17316000000,-0.00301041867923
17324000000,-0.00220890772875
17331000000,-0.00152867746614
17342000000,0.00150284727778
17351000000,0.00181790900007
17358000000,0.00202481067213
17362000000,0.00214201776796
17380000000,0.00218592948052
17392000000,0.0021711157013
17400000000,0.00450188467784
17411000000,0.00425324759251
17412000000,0.0070048512688
17433000000,0.00651996313828
17443000000,0.00599217135862
17452000000,0.00741237988674
17460000000,0.00674420174142
17470000000,0.00606672875742
17481000000,0.00539721522078
17487000000,0.00474914983498
17501000000,0.00620956116711
17515000000,0.0054986211097
17528000000,0.00481582075155
17528000000,0.00417055043245
17542000000,0.00560552206875
17554000000,0.00492762559722
17559000000,0.00428407936934
17570000000,0.00368214339199
17580000000,0.00490964784178
17591000000,0.00430330968301
17613000000,0.00373018211955
17613000000,0.0031963238467
17613000000,0.00270556942343
17613000000,0.00225991891077
17641000000,0.00185997940194
17652000000,0.00447743377887
17661000000,0.00398642868604
17670000000,0.00351217055521
17676000000,0.00306182283501
17687000000,0.00264063449048
17696000000,0.00225206577316
17704000000,0.00189809587979
17720000000,0.00157948050191
17727000000,0.00129553372897
17739000000,-0.00149365958386
17752000000,-0.00156163617985
17764000000,-0.00157730789883
17772000000,-0.00155106374863
17780000000,-0.0269959394046
17791000000,-0.0254507152507
17804000000,-0.0236594656174
17824000000,-0.0217154848324
17824000000,-0.0196944297268
17838000000,-0.0176577879972
17854000000,-0.0342120654522
17854000000,-0.0311890517495
17862000000,-0.0412744793661
17871000000,-0.0374759161632
17881000000,-0.0336395340068
17891000000,-0.039072992928
17898000000,-0.0348580616537
17911000000,-0.0307531198112
17922000000,-0.0268268420162
17931000000,-0.0231292218564
17942000000,-0.0245051425552
17949000000,-0.021035419459
17961000000,-0.0178281831235
17971000000,-0.0185280078166
17981000000,-0.0156763988337
17991000000,-0.0130759364081
17999000000,-0.0107317457122
18011000000,-0.00988443259708
18019000000,-0.00796318309169
18029000000,-0.00626955259247
18039000000,-0.00479317256034
18048000000,-0.00352102165545
18056000000,-0.00243825541174
18067000000,-0.0015290478433
18078000000,-0.000668920137496
18090000000,-6.48938593364e-05
18090000000,0.000413186040223
18109000000,0.000781365897366
18120000000,0.0197765746467
18128000000,0.0189452968607
18128000000,0.017868863945
18138000000,0.0243661335478
18157000000,0.0224952503011
18157000000,0.0205176417121
18157000000,0.0185002885397
18191000000,0.0164967466639
18192000000,0.0100901365868
18209000000,0.00852679830052
18219000000,0.00230157368711
18230000000,0.00131677440611
18235000000,0.000511306640928
18251000000,-0.00177497542778
18260000000,-0.00223652984641
18271000000,-0.00251073352968
18280000000,-0.00267071216781
18291000000,-0.00430479555946
18299000000,-0.00420612337428
18311000000,-0.00403452153752
18320000000,-0.00380938114377
18335000000,-0.00509327926661
18349000000,-0.00470688392199
18354000000,-0.00429775967775
18359000000,-0.00387988602929
18370000000,-0.00346455206353
18375000000,-0.00461055598393
18391000000,-0.00412953849952
18399000000,-0.00365908315466
18413000000,-0.00320757865526
18419000000,-0.00278126303315
18431000000,-0.00375527942404
18441000000,-0.00330454185982
18450000000,-0.00287683252829
18460000000,-0.00351058232633
18460000000,-0.00307381068382
18477000000,-0.00266239889333
18487000000,-0.0022803479012
18497000000,-0.00193018921826
18498000000,-0.00209520773039
18519000000,-0.00178489418379
18531000000,-0.00150247086322
18532000000,-0.00123757358005
18537000000,-0.00101222711971
18564000000,-0.000814360565538
18564000000,-0.000642896408086
18582000000,-7.6412699923e-05
18596000000,2.29306914558e-05
18602000000,9.79655634928e-05
18612000000,0.000152314120306
18620000000,0.000188940329928
18629000000,0.000210635972959
18642000000,0.0236640665222
18650000000,0.0221009676474
18659000000,0.0432193427545
18669000000,0.040087166375
18679000000,0.0367183573178
18688000000,0.0332389876845
18699000000,0.0297503376014
18711000000,0.0348599568552
18722000000,0.03102784725
18726000000,0.0326490037522
18739000000,0.0288001408119
18748000000,0.0251204424519
18760000000,0.0216565463001
18769000000,0.0184402321152
18778000000,0.0154908949455
18792000000,0.00931035655729
18800000000,0.00713529414691
18808000000,0.00525976984625
18817000000,0.00111299658753
18828000000,-7.5401351358e-05
18845000000,-0.00101121207572
18851000000,-0.00172722140087
18858000000,-0.00225406444262
18871000000,-0.022127598277
18880000000,-0.0212129203881
18891000000,-0.0237383529296
18900000000,-0.0221418599691
18904000000,-0.0203886675597
18921000000,-0.018551679766
18932000000,-0.0149192083546
18938000000,-0.0131761505654
18951000000,-0.0115083103866
18955000000,-0.00993725386894
18969000000,-0.00847750799641
18980000000,-0.00713816967795
18989000000,-0.00351553189412
19001000000,-0.00258706900886
19011000000,0.000393636229369
19022000000,0.000997856674738
19028000000,0.0013987097173
19038000000,0.00168271551115
19048000000,0.00186831138785
19060000000,0.00197217519733
19070000000,0.00200928733654
19081000000,0.00406201793631
19081000000,0.00388823047019
19100000000,0.0036637649184
19100000000,0.00340448237599
19119000000,0.00570917781866
19135000000,0.00526233430007
19135000000,0.00667439420663
19153000000,0.0060934552669
19163000000,0.00549937681248
19181000000,0.00490808092995
19181000000,0.00433225684713
19182000000,0.00580622197032
19195000000,0.00516884683733
19211000000,0.00668539468927
19220000000,0.00596856991977
19231000000,0.00527036200085
19246000000,0.00460256836706
19246000000,0.00397371578131
19246000000,0.00338963939487
19246000000,0.00285397895049
19280000000,0.00432692480022
19280000000,0.00376391606659
19297000000,0.00549012913257
19311000000,0.0048587099771
19320000000,0.00425324029337
19320000000,0.00368169367682
19342000000,0.00418735707108
19346000000,0.00362943755431
19349000000,0.00310954757979
19371000000,0.00263140468408
19380000000,0.00305203317953
19390000000,0.00261295940767
19399000000,0.00220972753252
19411000000,0.00227367456451
19421000000,0.00192195991808
19430000000,0.00160333839742
19441000000,0.00131809901024
19449000000,0.00106569621272
19457000000,0.000844964153427
19457000000,0.000517256560459
19457000000,0.000362120048967
19491000000,0.000233694700664
19499000000,0.000129269542684
19511000000,-0.00102815932371
19517000000,-0.00102190874665
19533000000,-0.00233996182824
19540000000,-0.00221583384366
19548000000,-0.00206599659863
19558000000,-0.00189922252043
19571000000,-0.00172275385538
19581000000,-0.00154232091683
19591000000,-0.0261224185039
19600000000,-0.0244935122995
19611000000,-0.0395749502615
19621000000,-0.0366260487827
19627000000,-0.0334800046711
19642000000,-0.0302491026015
19652000000,-0.0270235239066
19662000000,-0.0324878327629
19663000000,-0.0288954336013
19680000000,-0.0254150924474
19692000000,-0.0278653294531
19702000000,-0.0244359160049
19712000000,-0.0211840057569
19722000000,-0.0181454224452
19727000000,-0.0179294113513
19743000000,-0.0152199599099
19748000000,-0.0127421009529
19761000000,-0.0105024772876
19772000000,-0.00850133673535
19782000000,-0.00827591016343
19791000000,-0.00663557736307
19794000000,-0.00519307222186
19818000000,-0.00356221662152
19822000000,-0.0025081038437
19831000000,-0.00162018728128
19841000000,-0.000883644017536
19859000000,-0.000283344699834
19869000000,0.014210703059
19873000000,0.0136513417262
19881000000,0.0129051673593
19892000000,0.012028497443
19901000000,0.0110685493325
19911000000,0.0105239788529
19921000000,0.00947699009593
19921000000,0.00843960697606
19940000000,0.00867144794454
19948000000,0.00764053220374
19958000000,0.00665678508038
19971000000,0.00573218722813
19980000000,0.00711905499197
19991000000,0.0061958933239
19999000000,0.005329108142
20011000000,0.00452610686552
20022000000,0.00661422092171
20029000000,0.00578365317287
20041000000,0.00499873511119
20048000000,0.00426727422247
20061000000,0.00681216196811
20068000000,0.00601538497321
20075000000,0.00525208757165
20086000000,0.00453131267911
20101000000,0.00386085815905
20109000000,0.0060755532192
20121000000,0.00532699560373
20130000000,0.00461708062017
20143000000,0.00395281886496
20152000000,0.00691208767205
20160000000,0.0061424243553
20170000000,0.00539697087449
20178000000,0.00468728835695
20184000000,0.00682789120272
20201000000,0.0060477057353
20211000000,0.00529560190301
20219000000,0.00458327582117
20226000000,0.00683611709799
20241000000,0.00604269949831
20251000000,0.00528094391512
20260000000,0.00717466133053
20270000000,0.00634671978505
20281000000,0.00555102740732
20290000000,0.00479858839863
20298000000,0.00409653793691
20309000000,0.00344921279713
20319000000,0.00472279142965
20331000000,0.00407207180319
20341000000,0.00566141254878
20356000000,0.00498088010105
20361000000,0.00433140380312
20372000000,0.0037221742606
20378000000,0.00404502816631
20391000000,0.00350440995006
20404000000,0.00297749434027
20413000000,0.00249298857831
20421000000,0.00306915974068
20430000000,0.00261137695586
20440000000,0.0021919445752
20451000000,0.0018092434628
20457000000,0.00100635048697
20468000000,0.000731858370396
20476000000,0.000496803127064
20490000000,0.00126464350894
20501000000,0.00104217675674
20512000000,0.000843163369234
20519000000,0.000665521940627
20532000000,0.000509426404927
20542000000,-0.000102548643306
20550000000,-0.000189409544103
20562000000,-0.000254462305987
20569000000,-0.000299403714551
20577000000,0.000317413939706
20592000000,0.000259557619417
20599000000,0.000204986299879
20610000000,0.000158840926282
20623000000,-0.000492869217089
20632000000,-0.000488690914803
20640000000,-0.000472396866659
20650000000,-0.000449848069904
20660000000,-0.00158006050913
20670000000,-0.0014814747258
20681000000,-0.00136975227597
20689000000,-0.00211221952336
20697000000,-0.00193964047094
20705000000,-0.00175821563406
20712000000,-0.00157652389347
20712000000,-0.00139738455282
20713000000,-0.00122642008014
20713000000,-0.00106355526642
20739000000,-0.00275465704062
20739000000,-0.0024962056323
20739000000,-0.00223573809026
20791000000,-0.001979723335
20796000000,-0.00369636819719
20810000000,-0.00333253225588
20815000000,-0.00546789262515
20830000000,-0.00497227232659
20837000000,-0.00447045391818
20850000000,-0.00397395991758
20862000000,-0.00349143165784
20871000000,-0.00454475317469
20878000000,-0.00401443009436
20891000000,-0.0233724005744
20900000000,-0.0216714788973
20909000000,-0.0198446210101
20920000000,-0.0179601591964
20927000000,-0.0265613089819
20942000000,-0.0240394489678
20952000000,-0.0215119025854
20958000000,-0.0190387176721
20969000000,-0.0166610088099
20980000000,-0.0209849223024
20990000000,-0.0184774378399
20998000000,-0.0160851191212
20999000000,-0.0138388889445
21019000000,-0.0162709580368
21028000000,-0.0140898537698
21039000000,-0.012053642079
21050000000,-0.0101775583688
21061000000,-0.00847053529865
21070000000,-0.00851435841067
21096000000,-0.00704818782489
21096000000,-0.00573373133731
21116000000,-0.00456908383074
21116000000,-0.00354776953072
21125000000,-0.0026621307089
21135000000,-0.00190384683865
21150000000,-0.00254592024433
21158000000,-0.00193273376903
21162000000,-0.00121535166523
21172000000,-0.000778725443436
21185000000,-0.00041678800813
21196000000,0.000747942616222
21203000000,0.000935636839328
21219000000,0.00106294938981
21227000000,0.00114004595128
21232000000,0.00117559081676
21242000000,0.00271070051572
21252000000,0.00489918251829
21257000000,0.00459070195045
21272000000,0.00424516653385
21279000000,0.00387802036339
21293000000,0.003502079978
21301000000,0.00497555573328
21307000000,0.00449204438423
21307000000,0.00401042549087
21307000000,0.00354117538274
21307000000,0.00309219537911
21307000000,0.00266925482815
21307000000,0.00625614817719
21307000000,0.00567302223375
21378000000,0.00664101487012
21389000000,0.00597930439531
21401000000,0.00532401168222
21409000000,0.00588860603687
21420000000,0.00520412583629
21427000000,0.00454790164794
21440000000,0.00392859176087
21450000000,0.00468540185267
21459000000,0.00407384209555
21473000000,0.00350043395624
21481000000,0.00296945454435
21490000000,0.00377220322158
21503000000,0.00325306746618
21511000000,0.00277031140451
21521000000,0.0023273935381
21527000000,0.00312853854006
21541000000,0.00269721273233
21550000000,0.00229628649767
21561000000,0.00192884077659
21569000000,0.0015963501178
21582000000,-0.00260157859152
21590000000,-0.00262101976113
21603000000,-0.00257808199594
21610000000,-0.00248597722714
21619000000,-0.00426635599471
21628000000,-0.00399087614871
21642000000,-0.00368406107588
21647000000,-0.00467147545625
21647000000,-0.00425578042338
21651000000,-0.00383338839984
21678000000,-0.00341436480169
21678000000,-0.0030081263155
21700000000,-0.00277594717149
21710000000,-0.00240334980899
21719000000,-0.00205655262539
21719000000,-0.00173758259959
21741000000,-0.00145653395061
21751000000,-0.0011953397919
21770000000,-0.000963006593942
21777000000,-0.000759101054984
21785000000,-0.000171849286621
21792000000,-4.33125018896e-05
21802000000,5.82616262887e-05
21812000000,0.000811555346566
21821000000,0.000830134349803
21831000000,0.000826213740643
21842000000,0.000803660157202
21850000000,0.00138538586383
21860000000,0.00130345285626
21870000000,0.0012086680801
21877000000,0.00110656879022
21890000000,0.00100053402383
21902000000,0.00140825609352
21912000000,0.00126988601579
21917000000,0.00113206006888
21931000000,0.000998401682571
21941000000,0.0012268625763
21951000000,0.0010852547709
21960000000,0.000948600870189
21970000000,0.00134274307821
21981000000,0.0011939328475
21993000000,0.00104964748525
22005000000,0.000913061591567
22012000000,0.000783658927292
22022000000,0.000174219205005
22031000000,9.37798905764e-05
22039000000,2.8890090727e-05
22051000000,-2.33794864019e-05
22060000000,-6.49196291735e-05
22072000000,-9.56450465039e-05
22081000000,0.000325372232686
22090000000,0.000281890430574
22102000000,-0.00041275788781
22112000000,-0.000410476712995
22122000000,-0.00039912146599
22125000000,-0.00080090146878
22140000000,-0.000755872295088
22151000000,-0.00070351016727
22160000000,-0.000648008403744
22170000000,-0.000627558927381
22180000000,-0.000567262970244
22192000000,-0.000505055458341
22195000000,-0.000446707880296
22210000000,-0.000390500745434
22220000000,-0.00077791497669
22228000000,-0.000700844515315
22238000000,-0.000624131616253
22244000000,-0.000551224278632
22258000000,-0.00047858181678
22268000000,-0.000372486664342
22281000000,-0.00031399757695
22291000000,-0.000712007463857
22302000000,-0.000639957304299
22307000000,-0.000568441901822
22307000000,-0.000500732366325
22332000000,-0.000433860144816
22343000000,-0.000462438516314
22361000000,-0.000400515591315
22361000000,-0.000340945682155
22372000000,-0.00201068384726
22383000000,-0.00186858260405
22391000000,-0.0017158712775
22401000000,-0.00155622833173
22413000000,-0.000350435725338
22426000000,-0.000255021553471
22426000000,-0.000172947352641
22439000000,-0.00010400821421
22449000000,-4.92530073935e-05
22460000000,-0.00246333279402
22471000000,-0.00227498650295
22481000000,-0.00207248820196
22490000000,-0.00264433325312
22499000000,-0.00239836313531
22510000000,-0.00214883921714
22522000000,-0.00190733307477
22530000000,-0.00167375905228
22540000000,-0.00166769977558
22550000000,-0.00144501157612
22561000000,-0.00123918479707
22569000000,-0.00104944048754
22578000000,-0.00187191923831
22594000000,-0.00165349065827
22598000000,-0.00144381909801
22611000000,-0.00124750741635
22621000000,-0.000901953262259
22630000000,-0.000743365808178
22643000000,-0.000602597339193
22652000000,-0.000476538549641
22658000000,-0.000598300487852
22669000000,-0.000492078694181
22681000000,-0.000398111428879
22691000000,-0.000314376205584
22701000000,-1.72497022652e-06
22710000000,4.51733369548e-05
22718000000,8.20462880766e-05
22726000000,0.000109516014921
22742000000,-0.000564827111359
22742000000,-0.000508010646871
22758000000,-0.00045271729971
22758000000,-0.000396666063829
22758000000,-0.000345590618011
22790000000,0.00332199402897
22798000000,0.00313587863334
22798000000,0.0029165537963
22818000000,0.00195961964072
22828000000,0.00175706249942
22838000000,0.00156023307722
22850000000,0.00136882518727
22861000000,0.00118699714998
22872000000,0.00163382413025
22881000000,0.00144194812483
22891000000,0.00113109520443
22901000000,0.000964730173735
22912000000,0.000812927931538
22921000000,0.00067491621575
22931000000,0.000192952143282
22936000000,0.00010534117104
22948000000,3.35228540993e-05
22961000000,-2.44025496573e-05
22973000000,-6.97754495876e-05
22982000000,-0.000344678729026
22990000000,-0.000352662745504
23000000000,-0.000351991348761
23000000000,-0.0003434485516
23000000000,-0.000549663393382
23000000000,-0.000517849510125
23000000000,-0.00048121133268
23000000000,-0.00044205942646
23056000000,-0.000678652416154
23067000000,-0.000621372854647
23081000000,-0.000562405432869
23091000000,-0.000503105533523
23102000000,-0.000445801978143
23112000000,-0.000779905291297
23119000000,-0.000702118284781
23127000000,-0.000624850109995
23138000000,-0.000550346206769
23151000000,-0.00077256768363
23161000000,-0.000687167015857
23174000000,-0.00115379344799
23182000000,-0.00104475659454
23189000000,-0.00093551961443
23201000000,-0.000828579718987
23211000000,-0.0018505267975
23221000000,-0.00168290746611
23229000000,-0.00151327344905
23240000000,-0.00134588803314
23251000000,-0.0010713504792
23264000000,-0.000924399707037
23273000000,-0.000787908119207
23281000000,-0.000663221651754
23290000000,-0.000549908233094
23300000000,-0.000448376631252
23309000000,-0.000447208475709
23321000000,-0.00036232000115
23329000000,-0.000287558976907
23341000000,-0.000482633473529
23350000000,-0.0004113428169
23362000000,-0.000345765560559
23370000000,-0.000286417972639
23377000000,-0.00023369885393
23387000000,-0.000225867720251
23401000000,-0.000182330355051
23411000000,-0.000143946250059
23422000000,-0.0003754417094
23431000000,-0.000332740346775
23439000000,-0.000291557737635
23448000000,-0.000253254367849
23459000000,-0.000317758404759
23464000000,-0.000279548203651
23476000000,-0.000243638372625
23491000000,-0.000210510066763
23503000000,0.00743611607102
23510000000,0.00697544440268
23521000000,0.00645567224011
23532000000,0.0104723518236
23546000000,0.00960384324426
23550000000,0.00870399528783
23565000000,0.00779927731967
23577000000,0.00691181920873
23581000000,0.00872851445006
23595000000,0.00776957115763
23604000000,0.00683976594782
23618000000,0.00595256193638
23625000000,0.00511994682711
23632000000,0.00538620987977
23640000000,0.00461768588797
23648000000,0.00390775111688
23661000000,0.00326017070253
23669000000,0.00321227739313
23682000000,0.00265606093524
23689000000,0.00215802992939
23702000000,0.00102019260281
23708000000,0.000676179266935
23721000000,0.000389832684591
23727000000,0.000154308439136
23738000000,-0.00114043301329
23752000000,-0.00121652207587
23761000000,-0.00125009521213
23772000000,-0.00180428763334
23778000000,-0.00174447592637
23790000000,-0.00165711257972
23797000000,-0.00155286233789
23811000000,-0.00143525661632
23822000000,-0.00232480188007
23831000000,-0.00213227294833
23839000000,-0.00193273898781
23839000000,-0.00173302914818
23860000000,-0.00217418763231
23869000000,-0.00194678478621
23877000000,-0.00172371916732
23877000000,-0.00150767053236
23900000000,-0.00259362495814
23911000000,-0.00233342221928
23916000000,-0.00207729953664
23919000000,-0.00182568419475
23941000000,-0.00168625597452
23950000000,-0.00145715559098
23959000000,-0.00124177568111
23969000000,-0.00104667010098
23981000000,-0.00394225267024
23989000000,-0.00361207127807
23995000000,-0.00326851309308
24008000000,-0.00292453298798
24020000000,-0.00258892095867
24029000000,-0.0021458104646
24042000000,-0.00184831197584
24047000000,-0.00157300713052
24057000000,-0.00365520852563
24071000000,-0.00329269444408
24081000000,-0.00293143421057
24089000000,-0.00258277463401
24099000000,-0.00324485367695
24108000000,-0.00287203291502
24120000000,-0.00251593537767
24120000000,-0.0021786463711
24120000000,-0.00202954192975
24149000000,-0.0017280676002
24161000000,-0.00145348373656
24169000000,-0.00120415594684
24181000000,-0.00135924534957
24189000000,-0.00113991183854
24204000000,-0.000940880197868
24211000000,-0.000763952459772
24220000000,-0.000477119274804
24231000000,-0.000345997771051
24240000000,-0.000235158663386
24248000000,-0.000141034634048
24261000000,-6.52112558308e-05
24270000000,4.71737790748e-05
24281000000,9.19722973433e-05
24291000000,0.000126481499437
24297000000,0.00015086674977
24309000000,-0.000436972614196
24321000000,-0.000389174103963
24328000000,-0.00034349027261
24340000000,-0.000300229308152
24350000000,-0.00107315223415
24360000000,-0.000982206870843
24371000000,-0.000888605049074
24381000000,-0.000795537501452
24390000000,0.00660504627403
24398000000,0.00624323786755
24411000000,0.0058178549774
24423000000,0.00980622462764
24430000000,0.00906830568197
24440000000,0.0082838657054
24450000000,0.00747994272692
24462000000,0.00936496083011
24468000000,0.00843267050965
24480000000,0.00750949629576
24490000000,0.00661331501194
24501000000,0.00737831391185
24508000000,0.00653194555747
24520000000,0.00568061020041
24539000000,0.00488232760533
24543000000,0.00414242374019
24550000000,0.0045068044917
24566000000,0.00383027556893
24585000000,0.00321170777211
24585000000,0.00265047040124
24585000000,0.00214835191806
24586000000,0.00170510417862
24616000000,0.00121477840515
24616000000,0.000885983576844
24616000000,0.000674670372161
24641000000,0.000437481818591
24650000000,0.00024003179861
24662000000,-0.00119322393905
24670000000,-0.00123709120379
24675000000,-0.0012448507064
24690000000,-0.00122405392795
24699000000,-0.00148425799186
24710000000,-0.00140194682665
24719000000,-0.00130482230436
24719000000,-0.00120282764062
24741000000,-0.00409905995868
24746000000,-0.00380397369608
24761000000,-0.00348856586751
24770000000,-0.00315855667806
24778000000,-0.00282846739524
24791000000,-0.00250338336324
24800000000,-0.000295310524575
24811000000,-0.000128378643416
24821000000,-0.000757829922297
24828000000,-0.000604210253288
24841000000,-0.00046672128797
24852000000,-0.000518008277601
24860000000,-0.000405272672731
24871000000,-0.000309195155219
24876000000,-0.000227395337117
24876000000,-0.000155534679663
24897000000,-0.000664745539643
24910000000,-0.000583876995538
24921000000,-0.000505367767623
24931000000,-0.00214830153529
24938000000,-0.00196845649238
24951000000,-0.00178504087154
24956000000,-0.00159802306951
24957000000,-0.00141538211225
24982000000,-0.00209590539041
24991000000,-0.00187511603284
25002000000,-0.00165923684138
25013000000,-0.0029657758701
25020000000,-0.00267939578981
25032000000,-0.00239118289898
25040000000,-0.00211031494584
25054000000,-0.00184362040792
25063000000,-0.00214972151971
25075000000,-0.00188000024393
25082000000,-0.00162357694674
25093000000,-0.0034169048778
25102000000,-0.00308765577539
25111000000,-0.00275852968497
25134000000,-0.00243912396419
25134000000,-0.00213033209527
25141000000,-0.0018392679723
25149000000,-0.0002430017335
25158000000,-7.86867784994e-05
25158000000,5.27639101214e-05
25158000000,0.000156351841611
25158000000,0.000233204648966
25158000000,0.000289743225523
25158000000,0.000328369725907
25158000000,-0.000716749116459
25158000000,-0.000645144805768
25241000000,-0.00057505191182
25251000000,-0.000955365755092
25255000000,-0.00054552046189
25272000000,-0.000473662053755
25279000000,-0.000405175085135
25292000000,-0.00034195429418
25299000000,-0.000284108074101
25310000000,-0.00023335127159
25320000000,-0.000205638261013
25331000000,-0.000163694079543
25341000000,-7.14476453857e-05
25349000000,-4.20562541636e-05
25358000000,-1.79892176836e-05
25364000000,2.08586049655e-06
25377000000,-0.000301334819749
25387000000,-0.000269534440159
25397000000,-0.000238164502022
25397000000,-0.00020862746129
25421000000,-0.00017974870191
25429000000,-0.000362550549594
25436000000,-0.000323918756577
25436000000,-0.000286493630199
25461000000,-0.000824899074415
25468000000,-0.00075829823274
25483000000,-0.000688817616675
25489000000,-0.000618320745518
25497000000,-0.000609262986406
25512000000,-0.000537972568577
25520000000,-0.000469651624585
25530000000,-0.000834038010235
25542000000,-0.000747698997199
25547000000,-0.000662821479207
25561000000,-0.000581059787374
25571000000,-0.000482099761322
25587000000,-0.00041077043161
25588000000,-0.000345278687327
25602000000,-0.000285985988002
25612000000,-0.000302105726992
25619000000,-0.000250666697554
25629000000,-0.00020435858635
25642000000,-0.000163259676114
25651000000,-0.000398918217302
25661000000,-0.000350475685866
25671000000,-0.000304245888796
25677000000,-0.000260836775142
25691000000,-0.000220668495462
25699000000,-0.000315139951882
25711000000,-0.000274527769539
25717000000,-0.000236321485484
25718000000,-0.00020095740248
25736000000,-0.000168517176592
25750000000,-0.000404758103798
25762000000,-0.0003607324681
25768000000,-0.000440470335746
25781000000,-0.00039209452815
25793000000,-0.000345408747208
25799000000,-0.000300945754859
25802000000,-0.000259234680661
25802000000,-0.000220237535441
25830000000,-0.000376890521568
25841000000,-0.000332659650997
25848000000,-0.000289911341952
25856000000,-0.000249980922414
25871000000,-0.000479420389639
25879000000,-0.000430299582653
25888000000,-0.000381347276994
25901000000,-0.000331533487281
25907000000,-0.00028701827934
25911000000,-0.00024498956096
25911000000,-0.000206685565196
25911000000,-0.000171937274307
25952000000,-0.000747490349552
25956000000,-0.000680704498271
25957000000,-0.000612815653729
25958000000,-0.000545693216311
25992000000,-0.000400779067573
26000000000,-0.000343552253574
26010000000,-0.000290906527032
26025000000,-0.000786251497941
26028000000,-0.000709686292562
26040000000,-0.000633247673491
26048000000,-0.000559023730602
26056000000,-0.000487797712798
26070000000,-0.000464340750083
26082000000,-0.000399621236935
26090000000,-0.000339943561595
26101000000,-0.000624823412564
26111000000,-0.000552646570819
26118000000,-0.000483587682348
26129000000,-0.000418291296731
26140000000,-0.000369823697908
26151000000,-0.000313245006607
26159000000,-0.000261831578953
26171000000,-0.000215761009308
26183000000,-0.000442996357723
26196000000,-0.000391548134861
26202000000,-0.000342259156697
26209000000,-0.00029548849041
26221000000,-0.000333114402359
26232000000,-0.000288179945031
26238000000,-0.000246648341024
26252000000,-0.000208209329951
26261000000,-0.000263144612784
26269000000,-0.000225860839397
26280000000,-0.000191203762656
26291000000,-0.000486342406504
26302000000,-0.000449522833178
26308000000,-0.000402881605841
26319000000,-0.000357142980882
26330000000,-0.00031300427257
26337000000,-0.000316219292279
26350000000,-0.000274309815412
26358000000,-0.000235077429588
26370000000,-0.00066316134022
26375000000,-0.000605102964191
26388000000,-0.000546087183284
26396000000,-0.000487294692219
26412000000,-0.000430079230166
26421000000,-0.000397185532834
26431000000,-0.000344161049521
26442000000,-0.000294801938411
26451000000,-0.00024945427771
26461000000,-0.000588831963664
26471000000,-0.000530336087319
26482000000,-0.000472340398439
26492000000,-0.000430919332722
26497000000,-0.000376258753189
26510000000,-0.000324789189938
26525000000,-0.000277030217138
26533000000,-0.000233343053206
26548000000,-0.000193740852867
26551000000,-0.000424157213209
26562000000,-0.000378027673379
26571000000,-0.000333219973123
26580000000,-0.000244878487156
26593000000,-0.000207683760322
26600000000,-0.000173857255602
26607000000,-0.000143403614026
26622000000,-0.000206621003211
26631000000,-0.000177088324012
26639000000,-0.000149896029431
26648000000,-0.000125143586934
26659000000,1.50115868574e-05
26669000000,2.80203919512e-05
26680000000,3.74409059725e-05
26691000000,4.38640550755e-05
26701000000,4.78423510859e-05
26711000000,0.000132631892133
26716000000,0.00012751920578
26731000000,0.000120482653466
26741000000,0.000221232151706
26750000000,0.000204582164681
26761000000,0.000186690977059
26770000000,0.000289415690744
26782000000,0.000263997027923
26793000000,0.000237915102062
26818000000,0.000211868189995
26837000000,0.000161995211421
26837000000,0.000138941559301
26844000000,0.000117462523943
26855000000,-0.000948718210329
26866000000,-0.00152590360002
26870000000,-0.0014266504963
26879000000,-0.00131670305585
26889000000,-0.00120076819449
26902000000,8.98190280321e-05
26909000000,0.000142659409176
26918000000,0.00018106885197
26932000000,0.00020724237955
26940000000,0.000976042478113
26951000000,0.000933196411438
26959000000,0.000878436886044
26966000000,0.000815503881415
26975000000,-0.000529453906449
26986000000,-0.000530031848281
27003000000,-0.000518882937908
27013000000,-0.000498536359759
27020000000,-0.00118907446137
27029000000,-0.00110948805867
27031000000,-0.00102200586671
27031000000,-0.00093027055508
27070000000,-0.00083731566709
27070000000,-0.000745484961619
27070000000,-0.000656467579712
27102000000,-0.000571772020024
27102000000,-0.000492368175538
27115000000,-0.000877810193835
27119000000,-0.00114533299037
27132000000,-0.00131356754168
27139000000,-0.00118456735809
27145000000,-0.00105627450026
27171000000,-0.0009315097176
27171000000,-0.000812441412384
27183000000,-0.000780194841747
27189000000,-0.000671726436331
27203000000,-0.000571140688934
27212000000,-0.000517151732671
27222000000,-0.000431689864776
27232000000,-0.000354619944254
27242000000,-0.000286083795041
27252000000,-0.000225657995581
27267000000,-0.000172978902098
27267000000,-0.000127512760106
27279000000,1.95489748019e-05
27293000000,0.00010909385882
27302000000,0.000124329085222
27312000000,0.000133458556298
27324000000,0.000137597461588
27327000000,0.000137779994514
27344000000,0.000321656361857
27353000000,0.00030474154976
27371000000,0.000284372422932
27373000000,0.000261966239447
27380000000,0.000302929927295
27392000000,0.000275047714771
27393000000,0.000246880671637
27413000000,0.000473137555059
27422000000,0.000432219592238
27433000000,0.00039006483924
27433000000,0.000348142346047
27450000000,0.000470876944573
27460000000,0.000422678308059
27470000000,0.000375268312582
27479000000,0.000329459719058
27489000000,0.000286042164658
27500000000,0.000429096932435
27505000000,0.00038058171769
27505000000,0.000333875907902
27505000000,0.000289361142096
27542000000,0.000326166948314
27542000000,0.000282682776541
27542000000,0.000242043063181
27570000000,0.000356489446776
27582000000,0.000312877128741
27592000000,0.000271493868224
27602000000,0.000232586937087
27608000000,0.000196557815701
