%time,field
7000000,0.0
16000000,1.03848347526e-27
28000000,-1.81042315512e-26
41000000,7.58431097896e-25
42000000,2.85711056922e-24
53000000,3.94540810518e-19
62000000,1.11319487687e-18
75000000,1.87366605146e-18
79000000,2.67142663272e-18
91000000,3.52342796136e-18
102000000,4.43887957846e-18
112000000,5.38043243853e-18
121000000,6.34176853376e-18
130000000,7.18879548819e-10
143000000,1.27349178057e-08
151000000,5.15603790261e-08
151000000,-5.28724492776e-07
171000000,0.000337444216428
185000000,0.00198081924983
195000000,0.00353989205572
201000000,0.00499851889992
210000000,0.00648227281114
222000000,0.00804289794112
232000000,0.0094654781432
242000000,0.0107495121086
251000000,0.0118905085383
259000000,0.012786294607
272000000,0.0131148414972
282000000,0.0133502388925
287000000,0.0135038308033
300000000,0.0134194245503
312000000,0.0130271870971
321000000,0.0126203667025
331000000,0.0121964127165
340000000,0.0117812053525
350000000,0.0113691676689
360000000,0.0110059053786
366000000,0.0106742350453
379000000,0.0103705730664
396000000,0.0100882138564
399000000,0.0097739257635
408000000,0.00943085061601
421000000,0.00914297461727
431000000,0.00890130073549
436000000,0.00868909333774
451000000,0.00850491883398
461000000,0.00830795170383
470000000,0.00813258573594
480000000,0.00798283898636
490000000,0.00785572700191
499000000,0.0076665897089
509000000,0.00748213803661
521000000,0.00732240723289
530000000,0.0071857307069
541000000,0.00701022626835
549000000,0.00679905792167
561000000,0.00661297113217
571000000,0.00645080940852
579000000,0.00625789009438
592000000,0.00603707622862
602000000,0.00584218809682
612000000,0.00567208958704
620000000,0.00546147750294
629000000,0.00524967834957
642000000,0.00506379257781
650000000,0.00490248604137
659000000,0.00470848878054
668000000,0.00451576435838
681000000,0.00434762817959
689000000,0.00420262593831
702000000,0.0040244327073
712000000,0.0038558861754
720000000,0.00370975878712
730000000,0.00358456841024
737000000,0.00342334905889
751000000,0.00327704915794
760000000,0.00315075287103
770000000,0.00304304441608
779000000,0.00290249628068
792000000,0.00277485033113
801000000,0.00266485998418
811000000,0.00256101666414
820000000,0.00243292075904
832000000,0.00232153163571
841000000,0.00222580218813
851000000,0.00214455669372
861000000,0.00207654249579
870000000,0.00198014117682
880000000,0.00189247374217
892000000,0.0018172739458
898000000,0.00174943689346
910000000,0.00165599867823
922000000,0.00157451448029
930000000,0.00150427206555
939000000,0.00141979726641
949000000,0.00133590835035
960000000,0.00126301923602
971000000,0.00120043073261
980000000,0.00112943595819
990000000,0.00105654962923
1002000000,0.000993451091477
1011000000,0.000939479038918
1020000000,0.000868937950478
1030000000,0.000807551060583
1041000000,0.000754752643645
1051000000,0.000709904695223
1060000000,0.000657407108913
1071000000,0.000605960625586
1081000000,0.000561806910564
1090000000,0.000524392173812
1102000000,0.000484048100265
1109000000,0.000440835251373
1119000000,0.000403743894988
1131000000,0.000372307329549
1140000000,0.000339167809159
1152000000,0.000301054574444
1159000000,0.000268176865587
1172000000,0.000240165219921
1179000000,0.00020813111265
1189000000,0.000177104554258
1201000000,0.000150505172011
1211000000,0.000127989991215
1222000000,0.0001040563466
1231000000,8.04408228644e-05
1242000000,6.03694247377e-05
1250000000,4.35328292111e-05
1261000000,2.6284471149e-05
1270000000,9.65230698914e-06
1281000000,-4.31221691011e-06
1289000000,-1.58639157077e-05
1302000000,-9.90656576081e-05
1310000000,-0.000206779143291
1324000000,-0.000305845577738
1333000000,-0.000395878332301
1341000000,-0.000491915402139
1349000000,-0.000587880201123
1359000000,-0.000673490522355
1359000000,-0.000749023686006
1380000000,-0.000814801177286
1392000000,-0.000871241129637
1396000000,-0.000919290870875
1411000000,-0.000959650699304
1420000000,-0.000991113145239
1430000000,-0.00101456960432
1437000000,-0.00103275126517
1451000000,-0.00104636809759
1458000000,-0.00105473565935
1468000000,-0.00105792263813
1477000000,-0.00105858144207
1488000000,-0.00105562470294
1490000000,-0.00104964341162
1505000000,-0.00104270874105
1516000000,-0.0010351770475
1516000000,-0.00102734345237
1542000000,-0.0010191147883
1550000000,-0.00100799496613
1560000000,-0.000997352494062
1577000000,-0.000986228855456
1577000000,-0.00097161046044
1577000000,-0.000958092734107
1595000000,-0.000945745266017
1595000000,-0.000934599119272
1596000000,-0.000924645451756
1613000000,-0.000912408750161
1639000000,-0.000898130382953
1639000000,-0.00088533903958
1661000000,-0.000871546384929
1670000000,-0.000853709210911
1679000000,-0.000837713245849
1679000000,-0.00082352625175
1699000000,-0.000809116910052
1710000000,-0.000788835593803
1720000000,-0.000770690698626
1729000000,-0.000754636005634
1740000000,-0.000740588486478
1749000000,-0.00068409109813
1759000000,-0.00061348996286
1766000000,-0.000548703013511
1782000000,-0.000464748054051
1792000000,-0.000371783770393
1802000000,-0.000287532942604
1812000000,-0.000212037087761
1821000000,-0.000119892006708
1830000000,-2.69837566566e-05
1841000000,5.5704415141e-05
1850000000,0.000128495524262
1860000000,0.00019385214662
1868000000,0.000267713088534
1880000000,0.000332182119184
1891000000,0.000387804098715
1898000000,0.000435206815269
1911000000,0.000480161493642
1917000000,0.000529727994255
1927000000,0.000572105552601
1937000000,0.000615227838867
1948000000,0.000652690062673
1961000000,0.000684190124447
1971000000,0.000710284571421
1979000000,0.000738027361483
1984000000,0.000761782917874
2002000000,0.000781282276209
2011000000,0.000796994770742
2019000000,0.000809518285745
2030000000,0.000819711984381
2038000000,0.000827354860324
2049000000,0.000832814985532
2061000000,0.0008364307548
2071000000,0.0008356956976
2078000000,0.000809210036649
2086000000,0.00078340850533
2102000000,0.000757583256535
2110000000,0.000732145749329
2120000000,0.000708502436814
2122000000,0.000686801495671
2138000000,0.000669626173932
2139000000,0.000657999077321
2161000000,0.000647969374994
2172000000,0.000639422371104
2182000000,0.000632234155302
2190000000,0.000633452397502
2208000000,0.000635338503357
2208000000,0.000637707837994
2222000000,0.000644146585462
2237000000,0.000652991614445
2237000000,0.00066152012723
2237000000,0.000669607028042
2260000000,0.000677163933978
2267000000,0.000686724811944
2277000000,0.000698038458867
2291000000,0.000708387922694
2299000000,0.000721288818259
2310000000,0.000733849288245
2321000000,0.000745142527419
2332000000,0.000756978490472
2341000000,0.000769245668223
2353000000,0.00078012903889
2363000000,0.00078967827177
2374000000,0.000797960008609
2378000000,0.000805056482402
2378000000,0.0008110594744
2387000000,0.000816807495256
2412000000,0.000823538936417
2420000000,0.000831382543147
2430000000,0.000838207917567
2438000000,0.000844078354732
2448000000,0.000849061327066
2458000000,0.000852931406901
2472000000,0.000855889017426
2482000000,0.000858222152397
2491000000,0.000834868655338
2499000000,0.000788032298798
2511000000,0.000744031387866
2519000000,0.000703249748586
2530000000,0.000659894594517
2539000000,0.000596982367941
2549000000,0.000539465550677
2560000000,0.000487488296406
2574000000,0.000430368809378
2581000000,0.000368879568795
2594000000,0.000313939384328
2600000000,0.000265386607626
2600000000,0.000222952866163
2617000000,0.000186290169802
2628000000,0.000151644084538
2637000000,0.000114507212442
2654000000,7.89501244855e-05
2655000000,4.31457623822e-05
2674000000,1.2298266175e-05
2680000000,-1.39557110067e-05
2692000000,-3.60017723674e-05
2700000000,-5.49172513806e-05
2704000000,-7.30265651973e-05
2722000000,-8.79064542295e-05
2723000000,-0.00010101752962
2739000000,-0.000113147200532
2747000000,-0.000122890131794
2767000000,-0.000130533678438
2778000000,-0.000136351745801
2784000000,-0.000140601003232
2784000000,-0.000143517305037
2797000000,-0.000145209082096
2809000000,-0.000145880285015
2822000000,-0.000145504292365
2830000000,-0.000144111512064
2834000000,-0.000142328562587
2848000000,-0.000140278143112
2861000000,-0.000122057813176
2872000000,-8.9104997043e-05
2878000000,-5.81949672215e-05
2878000000,-2.95867381699e-05
2902000000,-2.02347863917e-06
2907000000,2.84388830294e-05
2922000000,5.59550308994e-05
2930000000,8.01505969775e-05
2942000000,0.000100633791391
2952000000,0.0001184538491
2961000000,0.00013377682511
2970000000,0.000146786603244
2979000000,0.000156114836345
2988000000,0.000162098504986
2999000000,0.000166578702051
3011000000,0.000169774305173
3022000000,0.000171886948468
3030000000,0.000173099524641
3042000000,0.000170174895078
3050000000,0.000166854455793
3062000000,0.000159800069633
3071000000,0.000152001418017
3079000000,0.000144499558366
3088000000,0.000137400426497
3096000000,0.000130778278382
3114000000,0.00012205833541
3114000000,0.000113404312618
3131000000,0.000105528366774
3139000000,9.54813805512e-05
3151000000,8.51553601283e-05
3154000000,7.58663232233e-05
3170000000,6.76031804045e-05
3170000000,6.03337697055e-05
3188000000,5.17923147443e-05
3200000000,4.20845932733e-05
3212000000,3.34855464784e-05
3219000000,2.26950868687e-05
3225000000,1.17478149588e-05
3241000000,2.05073189767e-06
3248000000,-6.44363449043e-06
3257000000,-1.69242950551e-05
3266000000,-2.74804314832e-05
3274000000,-3.67603918902e-05
3287000000,-4.4826751588e-05
3287000000,-5.21850150863e-05
3317000000,-6.22288553713e-05
3317000000,-7.10536142976e-05
3328000000,-7.87209299825e-05
3340000000,-8.53059212286e-05
3352000000,-9.31269354591e-05
3362000000,-0.000101353435389
3372000000,-0.000110138147951
3382000000,-0.000119409695993
3391000000,-0.000127542133931
3404000000,-0.000134595408698
3412000000,-0.000140642917104
3421000000,-0.000148097941766
3432000000,-0.000154560205777
3443000000,-0.000160094965436
3455000000,-0.000164774685161
3463000000,-0.000168675632892
3472000000,-0.000171875651153
3483000000,-0.000174959671475
3492000000,-0.000178613492645
3497000000,-0.00016202349886
3505000000,-0.000143957911707
3518000000,-0.000126899900868
3527000000,-0.000111010109301
3537000000,-8.5336393859e-05
3551000000,-5.44666995681e-05
3558000000,-2.6141382114e-05
3558000000,-4.46171272903e-07
3558000000,2.2604302257e-05
3589000000,0.000120626380874
3594000000,0.000230388764377
3609000000,0.000331269489073
3609000000,0.000422889010896
3626000000,0.000562386838912
3639000000,0.000695427603442
3639000000,0.000815263158003
3660000000,0.000950998608726
3671000000,0.00107541925569
3679000000,0.00118552946495
3692000000,0.00128556113317
3701000000,0.001386675554
3711000000,0.00147456296882
3712000000,0.00155006557773
3713000000,0.00161411786241
3713000000,0.00166771102934
3751000000,0.00171195197573
3759000000,0.00174857287851
3768000000,0.00177768469276
3779000000,0.00179437482085
3791000000,0.00180574288115
3799000000,0.00181266187513
3811000000,0.00181591822353
3820000000,0.00175742178825
3832000000,0.00169376080515
3839000000,0.00163273498743
3840000000,0.00157351738339
3860000000,0.00150361938066
3868000000,0.00143908636584
3879000000,0.0013802249406
3879000000,0.00132714917141
3898000000,0.00127902712576
3910000000,0.00123620290123
3918000000,0.00119878704576
3930000000,0.00116647085327
3939000000,0.00113990783911
3949000000,0.001118066392
3955000000,0.00110007896547
3955000000,0.00108553014323
3982000000,0.00107442432863
3988000000,0.00106633937956
3995000000,0.00106048339393
3995000000,0.001056517261
3996000000,0.00105412796416
4029000000,0.00105318425298
4037000000,0.00105329156575
4050000000,0.00105421043373
4061000000,0.00105573111468
4071000000,0.00105769533191
4079000000,0.00105997132439
4089000000,0.00106244138051
4102000000,0.00106500743202
4112000000,0.00106730670168
4122000000,0.00106957870792
4130000000,0.00107124168311
4142000000,0.00107277065129
4152000000,0.00107420586393
4169000000,0.00107553487336
4169000000,0.00107674850576
4178000000,0.0010770424151
4191000000,0.00107674554258
4201000000,0.00107642091113
4209000000,0.00107608174332
4217000000,0.00107414737444
4231000000,0.00107127692317
4242000000,0.00106858561538
4251000000,0.00106417316264
4258000000,0.00105821598528
4272000000,0.00105272599218
4281000000,0.00104772837583
4290000000,0.00103980437015
4300000000,0.00103034929838
4307000000,0.00102174030343
4320000000,0.00101398884383
4331000000,0.00100708695645
4343000000,0.000928648429709
4350000000,0.000855383944255
4361000000,0.000787837983214
4367000000,0.000700110208027
4381000000,0.000594518273338
4382000000,0.000498351061081
4400000000,0.000411764680505
4408000000,0.000321025419499
4421000000,0.000220354281898
4432000000,0.000130621822345
4437000000,5.15136068805e-05
4437000000,-1.74526597913e-05
4461000000,-7.68836835531e-05
4471000000,-0.000143130416342
4477000000,-0.000200321713506
4491000000,-0.000249093507032
4501000000,-0.000299623531945
4510000000,-0.000342597564412
4519000000,-0.000378632834424
4519000000,-0.00040838855694
4540000000,-0.000433101662052
4551000000,-0.000453370714324
4561000000,-0.000469215173086
4569000000,-0.000473013067322
4579000000,-0.000442027549896
4591000000,-0.000410758420196
4610000000,-0.00037996398958
4610000000,-0.000350232000089
4632000000,-0.000322001239073
4632000000,-0.000295583773351
4639000000,-0.000262381231222
4648000000,-0.00019752031342
4658000000,-0.000130269850743
4671000000,-5.78766687206e-05
4681000000,8.04648633407e-06
4681000000,6.73953688781e-05
4701000000,0.000120234870748
4701000000,0.000165722742523
4719000000,0.000196146384769
4719000000,0.000221544324749
4719000000,0.000242418324628
4719000000,0.000258586687939
4746000000,0.000265332168295
4770000000,0.000269384836098
4781000000,0.000270147240888
4790000000,0.000267612191552
4798000000,0.000263836466363
4798000000,0.000259172218896
4820000000,0.000253525837393
4831000000,0.000247174146635
4841000000,0.000240722008888
4851000000,0.00023428877456
4861000000,0.000227871660062
4870000000,0.000221756686814
4880000000,0.000216019772634
4890000000,0.000210712557016
4899000000,0.000205863147014
4912000000,0.000201464796842
4923000000,0.000197532964403
4930000000,0.000194138404786
4940000000,0.000191357213319
4950000000,0.000188970670632
4962000000,0.000186953387442
4972000000,0.000185879196424
4980000000,0.000185324954143
4989000000,0.000184982164689
5000000000,0.000184812859191
5001000000,0.000185468226544
5021000000,0.000187194848694
5031000000,0.000188902097273
5037000000,0.000190556772396
5052000000,0.000192133129734
5061000000,0.000195921167733
5070000000,0.000199709027375
5081000000,0.000203202488073
5087000000,0.000206382267695
5098000000,0.000209610690578
5108000000,0.000215678462379
5121000000,0.000221228841248
5127000000,0.000226246506827
5136000000,0.000231592197382
5152000000,0.000239721581099
5162000000,0.000247083252789
5170000000,0.000253678000494
5179000000,0.000260584245152
5196000000,0.000270836552706
5198000000,0.000280082177539
5210000000,0.000288326249135
5210000000,0.000295595152816
5230000000,0.000307806727976
5237000000,0.000318783102138
5237000000,0.000328546275441
5237000000,0.000337135296944
5271000000,0.000349338714359
5279000000,0.000362186778094
5279000000,0.000373615521008
5302000000,0.000407558183152
5311000000,0.000462056496768
5319000000,0.000512258796863
5331000000,0.000557952743409
5342000000,0.000621495129996
5350000000,0.000679149698482
5362000000,0.000730871651789
5371000000,0.000776758072185
5381000000,0.000823940783479
5390000000,0.000868308839229
5400000000,0.000907035056943
5411000000,0.000940447162477
5420000000,0.000968160593089
5432000000,0.000990647120309
5443000000,0.00100912389788
5450000000,0.00102402378805
5459000000,0.00103243050982
5470000000,0.00103612019909
5478000000,0.00103780689683
5491000000,0.00103787602621
5500000000,0.00103666784497
5511000000,0.00103447924388
5522000000,0.00102099024286
5530000000,0.00100763341302
5542000000,0.000984094124336
5551000000,0.000957372413843
5560000000,0.000932405439173
5571000000,0.000909379883429
5572000000,0.000886000955056
5588000000,0.000855495387946
5589000000,0.000827784514098
5606000000,0.000796840129389
5606000000,0.000763132543831
5631000000,0.000732888743403
5638000000,0.000706051660514
5638000000,0.000682500621526
5639000000,0.000662066912466
5669000000,0.000663492427965
5679000000,0.000668513131181
5679000000,0.000674551804327
5702000000,0.00068175161122
5711000000,0.000693640623518
5718000000,0.000705368614377
5731000000,0.000716707609497
5736000000,0.000725378042033
5749000000,0.000733490168396
5759000000,0.000740980770281
5770000000,0.000747812264671
5770000000,0.000753970655556
5786000000,0.000755613926156
5797000000,0.000756424569108
5797000000,0.000756907590655
5798000000,0.000757118344028
5829000000,0.000754298822845
5838000000,0.000748732039073
5839000000,0.000743391844869
5839000000,0.000738350711554
5871000000,0.000729089196627
5878000000,0.000718574025996
5889000000,0.000708886739232
5889000000,0.000700066508222
5907000000,0.000685917378533
5914000000,0.000671497448056
5914000000,0.000658442091335
5942000000,0.000646756118595
5949000000,0.000627508801405
5964000000,0.000610091369918
5970000000,0.000594502172399
5977000000,0.000571103118787
5992000000,0.000548960553089
6001000000,0.000529166443498
6005000000,0.000511668308702
6020000000,0.000489162735539
6021000000,0.000464481628512
6039000000,0.000442516429848
6051000000,0.000423182095352
6060000000,0.000395761952057
6069000000,0.000368747041732
6081000000,0.000344798487686
6094000000,0.000323804787236
6100000000,0.000295565441546
6111000000,0.000266342399787
6117000000,0.000240475062851
6129000000,0.000217830555041
6142000000,0.000195126542161
6151000000,0.000163341766793
6161000000,0.000135124260794
6169000000,0.000104011381518
6183000000,6.72731795675e-05
6189000000,3.45940490974e-05
6199000000,5.84548062528e-06
6207000000,-1.91623465098e-05
6219000000,-9.77504614741e-05
6230000000,-0.000183573602032
6237000000,-0.000261637735586
6245000000,-0.000331838110857
6261000000,-0.000428214071038
6272000000,-0.000515109160056
6276000000,-0.00059250464574
6276000000,-0.00066067925538
6276000000,-0.000720057787414
6312000000,-0.000779161016726
6319000000,-0.000832073056646
6328000000,-0.000877308765655
6341000000,-0.000912427792923
6341000000,-0.000938329670806
6358000000,-0.000958848326587
6370000000,-0.000974663282182
6379000000,-0.000979989564777
6389000000,-0.000972836277525
6401000000,-0.000963785667476
6408000000,-0.000953436403527
6420000000,-0.000942292303777
6428000000,-0.000912559922479
6434000000,-0.000883889816692
6447000000,-0.000856698304754
6460000000,-0.000819161674245
6467000000,-0.000772501777825
6478000000,-0.000729471836696
6491000000,-0.000690260205792
6491000000,-0.000634973838897
6503000000,-0.000582581384755
6516000000,-0.000535436679858
6530000000,-0.000493484098911
6541000000,-0.000479191855555
6541000000,-0.000490662905565
6542000000,-0.000503692829751
6575000000,-0.000517656532524
6589000000,-0.000534399774105
6589000000,-0.000560205440932
6604000000,-0.00058497602634
6612000000,-0.000608008341727
6624000000,-0.000628619066459
6630000000,-0.000647547108909
6642000000,-0.000664721060587
6655000000,-0.000680126005312
6660000000,-0.000635539249731
6670000000,-0.00055489207066
6679000000,-0.000478995069321
6694000000,-0.000408546855693
6702000000,-0.000295839512491
6713000000,-0.000171963513733
6721000000,-5.8717965038e-05
6731000000,5.7457140204e-05
6742000000,0.000193845199934
6751000000,0.000316690984592
6766000000,0.000426105370414
6772000000,0.00052249192564
6782000000,0.000630791301896
6791000000,0.000725952695839
6798000000,0.000808628617073
6808000000,0.000879609575328
6822000000,0.000939780397484
6822000000,0.000991865386777
6839000000,0.00105061867056
6840000000,0.00110036242635
6852000000,0.00114416375842
6859000000,0.00118264050568
6877000000,0.00121422160324
6885000000,0.00123965691321
6900000000,0.00126241139534
6912000000,0.00128142623505
6924000000,0.00129613068353
6930000000,0.00130710736135
6931000000,0.00131090054539
6931000000,0.0013112713554
6931000000,0.00130974043196
6965000000,0.00130673803413
6974000000,0.00129813133642
6991000000,0.00128854943637
7000000000,0.00127881560183
7009000000,0.00126917813747
7020000000,0.00125982961829
7030000000,0.00124619172605
7039000000,0.00122876654213
7049000000,0.00121254850003
7059000000,0.00119429548744
7070000000,0.00116986275847
7074000000,0.00114752181904
7087000000,0.00112732830714
7087000000,0.00110927503812
7111000000,0.00108571196846
7117000000,0.00106142073442
7129000000,0.001037967944
7145000000,0.00100109788718
7151000000,0.000967757831376
7162000000,0.000937945481219
7171000000,0.000908257134427
7179000000,0.000877212358546
7192000000,0.000849802551821
7199000000,0.000825871606395
7207000000,0.000805236047266
7222000000,0.000778451691405
7230000000,0.00074895909528
7234000000,0.000723003855172
7245000000,0.000700414197777
7245000000,0.000680977520857
7271000000,0.000657068834112
7282000000,0.00063549344985
7288000000,0.000612135747353
7301000000,0.000584857653523
7312000000,0.000560861283836
7321000000,0.000539985248106
7332000000,0.000522031778458
7342000000,0.00050062930301
7347000000,0.000478083546132
7363000000,0.0004584500507
7372000000,0.000441542806452
7381000000,0.000412444892086
7381000000,0.000380388986486
7402000000,0.000351813000339
7411000000,0.000326609294157
7424000000,0.00030463592598
7430000000,0.000275010291201
7468000000,0.000241883916581
7468000000,0.000186723628995
7468000000,0.000164364320895
7477000000,0.000145192644574
7491000000,0.000116033428264
7498000000,9.03556623198e-05
7512000000,4.66468722445e-05
7518000000,-1.72069126272e-06
7528000000,-4.51838132272e-05
7542000000,-8.38096556788e-05
7545000000,-0.00012817846785
7561000000,-0.000174261278348
7570000000,-0.00021503273102
7580000000,-0.000250713820683
7590000000,-0.000296090501085
7600000000,-0.000339650922152
7612000000,-0.000377874727357
7621000000,-0.000411899751108
7630000000,-0.000448708439274
7643000000,-0.000480625651153
7651000000,-0.000507973493789
7660000000,-0.00053494368584
7672000000,-0.000561585306718
7680000000,-0.00058428051334
7691000000,-0.00060450552613
7700000000,-0.000625864541908
7710000000,-0.000643933490148
7722000000,-0.000658997581873
7736000000,-0.000671362552044
7741000000,-0.000681802308821
7751000000,-0.000694289825251
7763000000,-0.000704643967412
7770000000,-0.000713394317848
7780000000,-0.000723137020266
7789000000,-0.000731198167331
7801000000,-0.000737758600824
7810000000,-0.000743361761755
7818000000,-0.000751032561395
7832000000,-0.000757470343251
7841000000,-0.000762791605403
7843000000,-0.000767117887017
7861000000,-0.000770556276839
7871000000,-0.000775458549823
7882000000,-0.000781741480115
7890000000,-0.000790977109751
7899000000,-0.000800776884093
7906000000,-0.000809480240822
7921000000,-0.000817124815194
7928000000,-0.000827237119685
7939000000,-0.000837651629365
7951000000,-0.000846869470747
7959000000,-0.000854937995967
7970000000,-0.000861918246849
7982000000,-0.000873934057727
7986000000,-0.0008846447582
8001000000,-0.000894092271102
8007000000,-0.000905422413284
8020000000,-0.000916183656785
8030000000,-0.000925632352542
8040000000,-0.000933833138979
8048000000,-0.000940864111675
8059000000,-0.000951805243238
8067000000,-0.000962675633872
8081000000,-0.000972252596959
8091000000,-0.000983081820879
8092000000,-0.000994217572384
8108000000,-0.00100400270484
8119000000,-0.00101250056116
8131000000,-0.00101978913711
8140000000,-0.00102851755068
8149000000,-0.00103859711777
8159000000,-0.00104743699732
8169000000,-0.00105509942585
8179000000,-0.0010649767701
8191000000,-0.00107445904371
8202000000,-0.00108273157776
8211000000,-0.00108984930524
8216000000,-0.00109758339226
8230000000,-0.00110533751083
8239000000,-0.00111203674228
8246000000,-0.001117755637
8258000000,-0.00112618557461
8270000000,-0.00113445443239
8279000000,-0.00114166295697
8292000000,-0.00114789945784
8300000000,-0.00114768974803
8312000000,-0.00114562380402
8328000000,-0.00114326378581
8332000000,-0.00114072069678
8341000000,-0.00114517592316
8349000000,-0.00115210220153
8362000000,-0.00115840726007
8371000000,-0.00116367066113
8382000000,-0.00116791470182
8391000000,-0.00117161404797
8401000000,-0.00117479889181
8410000000,-0.00117750215972
8419000000,-0.00117975769187
8430000000,-0.00118159981773
8442000000,-0.00118462200644
8451000000,-0.00119461541026
8462000000,-0.00120719047048
8472000000,-0.00121870317976
8486000000,-0.00122911552225
8488000000,-0.00123842272606
8502000000,-0.00124663481926
8511000000,-0.00125618845959
8523000000,-0.0012648899447
8524000000,-0.0012725086328
8543000000,-0.00127910401843
8553000000,-0.00128514307441
8556000000,-0.001290370588
8568000000,-0.00129474564696
8582000000,-0.00129846814143
8582000000,-0.00130172461408
8597000000,-0.00130436326048
8610000000,-0.00130645663594
8610000000,-0.00130806946402
8610000000,-0.00130926443544
8644000000,-0.00131034437573
8653000000,-0.00131128138273
8663000000,-0.00131023839416
8668000000,-0.00130515769922
8683000000,-0.00130024247285
8692000000,-0.00129698450364
8703000000,-0.001294524228
8703000000,-0.001292250165
8712000000,-0.00129017864346
8712000000,-0.00128832765824
8738000000,-0.00128624066571
8752000000,-0.0012805135001
8758000000,-0.00127523860143
8759000000,-0.00127043620811
8780000000,-0.00126678487794
8792000000,-0.00126372885508
8800000000,-0.00126108959784
8810000000,-0.00125882932827
8810000000,-0.00125691653196
8830000000,-0.00125511063235
8866000000,-0.00125329413873
8866000000,-0.00125048774439
8869000000,-0.00124945478423
8881000000,-0.00124763480881
8888000000,-0.00124523577381
8901000000,-0.00124189764857
8910000000,-0.00123889693593
8924000000,-0.0012362291144
8929000000,-0.00123388256036
8941000000,-0.00123047963321
8949000000,-0.00122544558629
8961000000,-0.00122089108157
8972000000,-0.00121587942033
8981000000,-0.00121002291164
8988000000,-0.00120476544699
9000000000,-0.00120009868498
9007000000,-0.00119600803644
9021000000,-0.00119246306709
9030000000,-0.00118576079605
9039000000,-0.00117974763745
9051000000,-0.00117441287683
9058000000,-0.00117945283547
9068000000,-0.00119401195536
9081000000,-0.00120790708212
9093000000,-0.0012209641541
9100000000,-0.00123533142325
9110000000,-0.00125768953496
9122000000,-0.00127831014558
9132000000,-0.00129706607744
9139000000,-0.00131542475816
9151000000,-0.00133199129443
9161000000,-0.00134663480315
9171000000,-0.0013545712486
9182000000,-0.00131849106895
9191000000,-0.00128370496991
9199000000,-0.00125072114549
9211000000,-0.00121989828186
9222000000,-0.0011638335981
9231000000,-0.00110521856193
9241000000,-0.00105147754395
9246000000,-0.00100278214078
9263000000,-0.00095915253493
9271000000,-0.000905314949234
9282000000,-0.000853476769779
9290000000,-0.000807449059119
9300000000,-0.00075602051116
9312000000,-0.000707877870319
9319000000,-0.00066563030883
9329000000,-0.000628975058735
9343000000,-0.000597549374113
9351000000,-0.000569593053824
9362000000,-0.000543031584913
9371000000,-0.000520063350769
9380000000,-0.00050090272931
9386000000,-0.000485228686487
9399000000,-0.000472656276637
9409000000,-0.000462810641707
9416000000,-0.000456402510621
9429000000,-0.00045197096543
9442000000,-0.000449207027685
9450000000,-0.000448685751711
9461000000,-0.000456903661975
9468000000,-0.000465471336256
9475000000,-0.000474123590934
9488000000,-0.000482651807565
9493000000,-0.000490824712062
9503000000,-0.000498438803375
9503000000,-0.000505574829429
9529000000,-0.000512162080014
9541000000,-0.000522868050475
9550000000,-0.000533848625829
9558000000,-0.000543852727639
9562000000,-0.000552864784443
9580000000,-0.000561448979942
9593000000,-0.000569289091247
9600000000,-0.000576164334238
9614000000,-0.000582124935614
9622000000,-0.000593668490905
9631000000,-0.000613454759173
9641000000,-0.000631507026664
9651000000,-0.00064778859018
9656000000,-0.000662309860405
9667000000,-0.000671639506469
9678000000,-0.000678088148789
9692000000,-0.000683111851291
9700000000,-0.000685191697773
9709000000,-0.000686463953367
9721000000,-0.000687070268499
9730000000,-0.0006871372629
9742000000,-0.000684696030752
9751000000,-0.000682069081683
9759000000,-0.000679350050487
9771000000,-0.000676620442123
9777000000,-0.000677115973593
9790000000,-0.00070532388581
9798000000,-0.000731756742909
9808000000,-0.00076106266239
9818000000,-0.000799059401266
9828000000,-0.00083388568194
9843000000,-0.000865432558938
9847000000,-0.000897928169763
9858000000,-0.000933217107707
9870000000,-0.000964719141243
9876000000,-0.000992517643976
9889000000,-0.00101412593616
9903000000,-0.00102865683513
9913000000,-0.00104052673687
9923000000,-0.00105003460728
9932000000,-0.0010589379829
9932000000,-0.00106929894896
9952000000,-0.0010777832027
9964000000,-0.00108462932158
9968000000,-0.00109003614933
9981000000,-0.00108784988864
9991000000,-0.00108495887356
9995000000,-0.00108157191101
10011000000,-0.00107786528229
10020000000,-0.00107236033489
10030000000,-0.00106585972487
10043000000,-0.00105961014048
10052000000,-0.0010536844862
10062000000,-0.00104573723683
10072000000,-0.00103287913543
10078000000,-0.00102096606885
10085000000,-0.00101005537421
10100000000,-0.000996958127398
10106000000,-0.000980368708344
10122000000,-0.000965316749667
10130000000,-0.000951808174314
10142000000,-0.000939814634922
10151000000,-0.000920431167788
10161000000,-0.000902962872142
10171000000,-0.000870236468303
10181000000,-0.000823689479866
10191000000,-0.00078112033859
10199000000,-0.000742631127216
10212000000,-0.000708219613389
10220000000,-0.00065917827962
10230000000,-0.000613058250841
10240000000,-0.000571930396393
10251000000,-0.000533240811875
10261000000,-0.000477991389847
10266000000,-0.000428577182135
10275000000,-0.000384869116395
10276000000,-0.000346633766103
10283000000,-0.000310546509026
10311000000,-0.000277481740764
10319000000,-0.000249165800341
10319000000,-0.000225248071223
10319000000,-0.000205319498938
10319000000,-0.000188980065783
10359000000,-0.00017365402577
10372000000,-0.000152769156371
10380000000,-0.000134993434758
10392000000,-0.000120058161159
10408000000,-0.000104641302142
10414000000,-9.13905353064e-05
10444000000,-7.66629431391e-05
10444000000,-6.4203747422e-05
10444000000,-5.38087806446e-05
10451000000,-4.35652617303e-05
10460000000,-3.11896253597e-05
10470000000,-2.0638068842e-05
10483000000,-1.17572277706e-05
10490000000,-3.89181382422e-06
10501000000,6.93608410215e-06
10512000000,1.62636562629e-05
10520000000,2.42005086298e-05
10529000000,3.41254043331e-05
10540000000,4.48146495413e-05
10548000000,5.41128060781e-05
10548000000,6.21104968249e-05
10548000000,6.89040443134e-05
10548000000,7.45972027582e-05
10548000000,7.92959152856e-05
10595000000,8.31062121518e-05
10595000000,8.71005914651e-05
10621000000,9.4140747131e-05
10631000000,0.000106405471788
10641000000,0.000117460188436
10645000000,0.000127313840196
10660000000,0.000135999691007
10667000000,0.000143569157266
10677000000,0.000152373711286
10693000000,0.000163421634826
10704000000,0.000173220307525
10713000000,0.000184987431916
10713000000,0.000196730843794
10750000000,0.000207107409465
10750000000,0.000216172239645
10754000000,0.00022398890193
10772000000,0.000235645885056
10772000000,0.000248038200441
10785000000,0.000259005575766
10793000000,0.000269701111857
10802000000,0.000283305941396
10817000000,0.00029536571572
10817000000,0.000305920914333
10817000000,0.000315074792197
10840000000,0.000322927794548
10852000000,0.000329573099359
10858000000,0.000338073100747
10859000000,0.000349721781807
10879000000,0.000366388759016
10888000000,0.000382907425498
10901000000,0.00040351108091
10912000000,0.000423495105603
10922000000,0.000441349076869
10931000000,0.0004571255918
10942000000,0.000473040350786
10944000000,0.000487462130813
10962000000,0.000499938628365
10968000000,0.000510592269903
10981000000,0.000518875349061
10992000000,0.000525704620591
11001000000,0.000531233799873
11005000000,0.000540269998759
11020000000,0.000549962026227
11027000000,0.000558331751996
11027000000,0.000565438428264
11053000000,0.00056712937463
11061000000,0.000558210006673
11061000000,0.000549280704351
11081000000,0.000540543705128
11091000000,0.000533527181587
11100000000,0.000538982387016
11116000000,0.000544095568396
11117000000,0.000548900331666
11127000000,0.000553345203935
11147000000,0.000557396508001
11147000000,0.000561049115567
11175000000,0.000563209088598
11175000000,0.00056344701469
11205000000,0.000563440393095
11205000000,0.000563056718858
11205000000,0.000563817817432
11205000000,0.000573947210026
11206000000,0.000583382423796
11206000000,0.000592055089122
11250000000,0.000602669953652
11261000000,0.000616365665204
11272000000,0.00063028253496
11277000000,0.000646083272301
11277000000,0.000660362613591
11301000000,0.00067371533508
11308000000,0.000686898697589
11318000000,0.000698515848162
11318000000,0.000708617693029
11336000000,0.000716409282837
11344000000,0.00071923039507
11356000000,0.00072116253167
11371000000,0.000722350584579
11379000000,0.000725602615838
11380000000,0.000729935665766
11401000000,0.000733539296021
11411000000,0.000736549431967
11422000000,0.000731246007644
11432000000,0.000722668537624
11444000000,0.000714395518488
11450000000,0.00070810798271
11460000000,0.000708342587914
11466000000,0.000708630131772
11480000000,0.000708974001689
11491000000,0.000709371856217
11501000000,0.000677105635221
11512000000,0.000643277837694
11519000000,0.000611911122926
11530000000,0.000583185444635
11541000000,0.000540972942806
11546000000,0.00050245860967
11558000000,0.000467749220667
11569000000,0.000436802931766
11582000000,0.000402220753198
11590000000,0.00036852110562
11599000000,0.000338795931548
11611000000,0.000312868216174
11620000000,0.000288715359305
11628000000,0.000266259588434
11632000000,0.000247075113404
11648000000,0.000230895745011
11656000000,0.000216827002829
11668000000,0.000204846663602
11680000000,0.000195116294031
11691000000,0.000188678514969
11705000000,0.000185182349097
11710000000,0.000183026240233
11723000000,0.000181972228752
11735000000,0.000181810591095
11742000000,0.000184833632036
11750000000,0.000188522220729
11757000000,0.000192430480863
11758000000,0.000196421920445
11780000000,0.000201171651097
11791000000,0.000208813115922
11802000000,0.00021604468016
11812000000,0.000224037936879
11821000000,0.000232235453369
11829000000,0.00023974196056
11839000000,0.000246538306866
11851000000,0.000254885005361
11861000000,0.000264636786538
11872000000,0.000273422662825
11883000000,0.000281250593744
11891000000,0.000288150981548
11901000000,0.000294310007242
11909000000,0.000299733236126
11919000000,0.00030436151693
11928000000,0.00030826033749
11939000000,0.00031236179885
11949000000,0.000317752308897
11961000000,0.000322442236148
11967000000,0.000326476265145
11980000000,0.00033013962482
11992000000,0.000333256270058
12001000000,0.000335843814661
12012000000,0.000337962605874
12021000000,0.000339663559714
12030000000,0.000340999344972
12042000000,0.000342019337722
12051000000,0.000343932832775
12061000000,0.000346104768391
12069000000,0.000348067563064
12077000000,0.000349737188706
12078000000,0.000351138478524
12078000000,0.000352297691369
12078000000,0.000353293872609
12105000000,0.000354546515571
12127000000,0.000355618871036
12141000000,0.000356692454691
12149000000,0.000357781864704
12160000000,0.000358700162512
12160000000,0.000359462234764
12161000000,0.000360087454231
12191000000,0.000356490314836
12198000000,0.000349050271526
12204000000,0.000342031554902
12222000000,0.000335503694555
12231000000,0.000330695966446
12242000000,0.000326501204001
12251000000,0.000321371619008
12252000000,0.000311291272446
12274000000,0.000302089000206
12281000000,0.000293770863189
12290000000,0.0002863282269
12300000000,0.000279049398755
12311000000,0.000272563478092
12321000000,0.000266912849912
12330000000,0.000259771174806
12336000000,0.00025294662369
12352000000,0.000246984333671
12364000000,0.000241819614723
12384000000,0.000237406470457
12384000000,0.000233684471373
12396000000,0.000230591313937
12403000000,0.000228064988285
12412000000,0.000226199772743
12433000000,0.000224795106899
12433000000,0.000223750987775
12442000000,0.000222713932876
12453000000,0.000222683245497
12464000000,0.00022304391625
12473000000,0.000223546009654
12482000000,0.000224148563721
12482000000,0.000224824360064
12504000000,0.000225531661565
12508000000,0.000226847151683
12520000000,0.000228704912554
12533000000,0.000231368482565
12542000000,0.000234744329537
12550000000,0.000237877479598
12556000000,0.000240752518834
12570000000,0.000243355191298
12582000000,0.00024885146391
12588000000,0.000254678324157
12598000000,0.000259983117369
12599000000,0.000264758326099
12621000000,0.000269009825583
12632000000,0.00027362334608
12642000000,0.000277699128176
12652000000,0.000281861438563
12662000000,0.000286385248402
12674000000,0.000290363739094
12696000000,0.000293823593779
12696000000,0.000296797712835
12705000000,0.000299322312561
12712000000,0.000302518625633
12718000000,0.000305983543172
12719000000,0.000309001445947
12740000000,0.00031159936966
12748000000,0.000314767617768
12749000000,0.000317625840428
12749000000,0.000320089475713
12749000000,0.00032218329925
12788000000,0.000326165842659
12802000000,0.000330267118243
12809000000,0.000333910972233
12822000000,0.000337679188274
12832000000,0.000342280955188
12840000000,0.000346371223261
12852000000,0.000349963510727
12860000000,0.000355119316764
12868000000,0.000360569992271
12882000000,0.000365423594622
12890000000,0.000370102869125
12902000000,0.000374468871314
12909000000,0.000378271961434
12922000000,0.000381544825607
12930000000,0.000386680795543
12941000000,0.000391807869886
12951000000,0.00039633451663
12973000000,0.000400286119143
12973000000,0.000403696086392
12974000000,0.000406602203591
12992000000,0.000411078146642
13014000000,0.000415001442119
13014000000,0.000418413409842
13014000000,0.000421347206824
13029000000,0.000423460626739
13043000000,0.000424824076734
13051000000,0.00042664418307
13056000000,0.000431221931914
13071000000,0.000435316585903
13071000000,0.000438944587842
13084000000,0.000442129854714
13101000000,0.000445315474044
13110000000,0.000448699718976
13120000000,0.000451652077967
13132000000,0.000454197670375
13139000000,0.000459932846058
13151000000,0.000465121047985
13160000000,0.000469773778497
13173000000,0.000474820051619
13182000000,0.000480185044984
13192000000,0.000484930891021
13200000000,0.000489081162901
13211000000,0.000492666667433
13216000000,0.000496918937903
13228000000,0.000502401049351
13231000000,0.000507256662486
13244000000,0.000511508850802
13256000000,0.000515748305863
13270000000,0.000520237716728
13276000000,0.000524147519783
13291000000,0.000527504704052
13297000000,0.000530359366089
13301000000,0.000532756825085
13301000000,0.000537100755051
13329000000,0.000540929805412
13338000000,0.000544266659991
13351000000,0.000548911911265
13362000000,0.000553016212667
13375000000,0.000556602317555
13383000000,0.00055984171026
13394000000,0.000563147724389
13401000000,0.000565997931428
13411000000,0.000568424646617
13422000000,0.000571160439707
13431000000,0.000573792749787
13443000000,0.000576037809259
13451000000,0.000577935584808
13461000000,0.000579374830164
13470000000,0.000579251114407
13480000000,0.000578961082844
13492000000,0.000578546238827
13501000000,0.000578041976419
13511000000,0.00057873725295
13526000000,0.000579630644434
13530000000,0.000580406998889
13541000000,0.00058102719984
13550000000,0.000581503310889
13560000000,0.00058189190675
13571000000,0.000582202668646
13580000000,0.000583092789415
13590000000,0.000584304494863
13601000000,0.000585396538667
13611000000,0.000586369193885
13622000000,0.000587225541712
13631000000,0.000587842188952
13639000000,0.000588236838334
13646000000,0.000588550632171
13662000000,0.000588790459392
13672000000,0.000587959806606
13679000000,0.000585660436218
13692000000,0.000583812248817
13701000000,0.000582411015733
13710000000,0.000581123166735
13729000000,0.000579953255698
13730000000,0.000578899566683
13730000000,0.000577962349323
13752000000,0.000577521734302
13762000000,0.000577414788675
13771000000,0.000577095144289
13779000000,0.00057644216917
13791000000,0.000575869991415
13800000000,0.000575372900433
13811000000,0.000574944460495
13819000000,0.000574208582635
13831000000,0.000573398890031
13842000000,0.000572678070716
13849000000,0.00057204395678
13862000000,0.000570691374691
13870000000,0.000569124724791
13884000000,0.000567702293057
13892000000,0.000566427829905
13902000000,0.000565298613901
13913000000,0.00056297063366
13922000000,0.000560856237829
13932000000,0.000558326422709
13941000000,0.000555783881015
13950000000,0.000553502901726
13960000000,0.000551480686427
13970000000,0.000549595800677
13981000000,0.000546967154014
13991000000,0.000544626906048
14001000000,0.000542566925901
14012000000,0.000540533369404
14022000000,0.000538410655055
14028000000,0.000536555479426
14036000000,0.000534954533694
14061000000,0.00053358945385
14076000000,0.000532440715703
14076000000,0.000530591706017
14080000000,0.000528973917199
14080000000,0.000527574676618
14098000000,0.000526256376568
14110000000,0.000524865330639
14125000000,0.000523668725674
14129000000,0.000522556967446
14138000000,0.000520784845656
14150000000,0.00051921933128
14161000000,0.00051785243712
14171000000,0.000516727809104
14181000000,0.000515906071144
14187000000,0.000515231524957
14197000000,0.000514687709146
14211000000,0.000514259390523
14221000000,0.000512803229953
14230000000,0.000511380515454
14242000000,0.00051011579202
14262000000,0.0005090025703
14284000000,0.000508035795464
14284000000,0.000506502213338
14305000000,0.000505914748581
14305000000,0.000505432339848
14313000000,0.000504362828775
14323000000,0.000502401715894
14344000000,0.000500250525824
14344000000,0.000498304086111
14354000000,0.000496562400841
14365000000,0.000494144539769
14402000000,0.000491606043126
14402000000,0.000485549380113
14432000000,0.000484019690599
14432000000,0.000482710590016
14444000000,0.000481605267399
14444000000,0.000479441847419
14457000000,0.000477385595057
14484000000,0.00047556800809
14484000000,0.000472615108097
14498000000,0.000471453388725
14503000000,0.000470419637229
14510000000,0.00046941282511
14519000000,0.000467995941353
14528000000,0.00046676332644
14539000000,0.00048848574037
14546000000,0.000531223190744
14555000000,0.000571180522516
14569000000,0.000608052147256
14570000000,0.000637493543361
14589000000,0.000661151362213
14601000000,0.000681964596122
14610000000,0.00070007378233
14620000000,0.000713751053648
14631000000,0.000723345278861
14641000000,0.000731037762183
14646000000,0.000737059230739
14658000000,0.000741051464717
14666000000,0.000743453428035
14676000000,0.000744859881291
14677000000,0.000745453446104
14677000000,0.000745392809202
14680000000,0.000748786267606
14715000000,0.000760577301993
14715000000,0.000771255413176
14742000000,0.000781570990819
14748000000,0.000797372108104
14759000000,0.000811668318563
14773000000,0.000824458034091
14779000000,0.000834773808702
14793000000,0.000841459574309
14816000000,0.000847015222843
14816000000,0.000851554993951
14823000000,0.000855188867717
14832000000,0.000855469393218
14840000000,0.000854145761618
14850000000,0.000849827116945
14861000000,0.000842848163312
14871000000,0.000836064666926
14881000000,0.000829586784565
14888000000,0.000819361071314
14898000000,0.00080937484487
14911000000,0.000800174743462
14919000000,0.000791799291904
14932000000,0.00078267820683
14942000000,0.000770880382038
14955000000,0.000760214048165
14961000000,0.000750677479507
14974000000,0.000742241329445
14981000000,0.000734864327586
14991000000,0.00072444121079
15007000000,0.000715193069354
15016000000,0.000707078002495
15024000000,0.000699508786006
15037000000,0.000688336894203
15047000000,0.000678406668115
15052000000,0.000669197954986
15064000000,0.000656943879536
15079000000,0.000646049450228
15082000000,0.000636470507178
15093000000,0.000624485895162
15102000000,0.0006134861483
15112000000,0.000603846039055
15119000000,0.000595492843316
15119000000,0.00058834268502
15119000000,0.000582299998239
15151000000,0.000577265256159
15156000000,0.000569613444277
15156000000,0.000562983480859
15178000000,0.000557306116668
15189000000,0.000550834219557
15193000000,0.000544176769635
15210000000,0.000537659758225
15222000000,0.000530296387133
15227000000,0.000523862805319
15240000000,0.00051830657001
15249000000,0.000513565945887
15257000000,0.000509570824522
15268000000,0.000505975122416
15297000000,0.000501891977059
15297000000,0.000498437010286
15298000000,0.000495554923466
15309000000,0.000492384073207
15325000000,0.000488936359582
15354000000,0.000485994460523
15354000000,0.000481467358101
15367000000,0.00047979541786
15377000000,0.000478460311119
15382000000,0.000477210903831
15391000000,0.000474967612669
15403000000,0.000472929784079
15426000000,0.000471184841643
15426000000,0.0004697122889
15440000000,0.000468487016851
15440000000,0.00046748401719
15440000000,0.000466679296376
15440000000,0.000465524729001
15472000000,0.000464237032297
15482000000,0.000463169071414
15489000000,0.000466802901035
15498000000,0.000471423008288
15507000000,0.000475800954191
15521000000,0.000479890462832
15527000000,0.000484127488987
15539000000,0.000488455607926
15549000000,0.000492379108322
15560000000,0.000495898889452
15571000000,0.000498684062246
15577000000,0.000500887039675
15588000000,0.000502764238906
15602000000,0.00050434322678
15612000000,0.000505204129075
15621000000,0.000505410138509
15633000000,0.000505457526359
15639000000,0.000505381145172
15650000000,0.000505208624187
15660000000,0.000504590118698
15670000000,0.000503396208569
15679000000,0.000502228377484
15687000000,0.000501105892763
15697000000,0.000499418437893
15708000000,0.0004975814872
15719000000,0.000495883676582
15726000000,0.000493976042152
15739000000,0.000491718529332
15750000000,0.000489668512629
15761000000,0.000487827536744
15770000000,0.000485470423964
15777000000,0.000483278839655
15791000000,0.000481331824839
15802000000,0.00047962090889
15810000000,0.000478422038602
15820000000,0.000477536816431
15832000000,0.000476819046801
15838000000,0.000476245610282
15838000000,0.000475801489699
15838000000,0.00047547071701
15872000000,0.000475348377342
15879000000,0.000475312719051
15879000000,0.000475336548952
15898000000,0.000476030983611
15909000000,0.000477632949009
15918000000,0.00047915987621
15929000000,0.000480596232564
15941000000,0.000482392928171
15948000000,0.000484502757009
15958000000,0.00048643791896
15958000000,0.000488192230422
15958000000,0.000489762668898
15988000000,0.00049115165282
15997000000,0.000494404405872
15997000000,0.000497384089208
15997000000,0.00050007165868
16032000000,0.000503080496652
16038000000,0.000506664834988
16038000000,0.000509881437361
16062000000,0.000513424525242
16070000000,0.00051759066032
16087000000,0.000521318026388
16093000000,0.000524615845545
16100000000,0.000527501363251
16107000000,0.000530816217838
16119000000,0.000533807110216
16132000000,0.000536398151838
16142000000,0.000539915023018
16153000000,0.000543329975743
16162000000,0.000546326150544
16169000000,0.000549328259203
16179000000,0.000552333050836
16190000000,0.000554943243593
16203000000,0.000557180679789
16212000000,0.0005590956186
16221000000,0.000560707912712
16226000000,0.000562038344718
16242000000,0.00056311660876
16249000000,0.000563972192875
16259000000,0.000565146442323
16272000000,0.000566870830793
16280000000,0.000568367056184
16280000000,0.000569654104154
16301000000,0.000565474389665
16310000000,0.000560864129643
16323000000,0.000556491731706
16331000000,0.000552275868151
16341000000,0.000547252926946
16350000000,0.000542637119494
16365000000,0.00053844955744
16366000000,0.000534693855315
16374000000,0.000531362263496
16393000000,0.000528610584509
16399000000,0.000526403385297
16404000000,0.000524536298503
16420000000,0.000523225456162
16426000000,0.000522746632513
16440000000,0.000522466162099
16452000000,0.000523126946248
16460000000,0.000524061158724
16471000000,0.000525032772405
16484000000,0.000526012001433
16491000000,0.000526972972896
16509000000,0.000527897353472
16509000000,0.000528775918926
16509000000,0.000529598523401
16529000000,0.000530358326499
16530000000,0.000531939353576
16552000000,0.000535123703799
16562000000,0.000538072927191
16571000000,0.000542005118449
16580000000,0.000545913863701
16590000000,0.000549462088154
16603000000,0.000552646390442
16614000000,0.000555983232618
16625000000,0.000560105733222
16632000000,0.000563793733307
16640000000,0.000567053002074
16650000000,0.000569905257626
16662000000,0.000573923625624
16679000000,0.000577868644441
16685000000,0.000581354137488
16692000000,0.000584607656887
16702000000,0.000589319537918
16712000000,0.00059351298291
16723000000,0.000597205449034
16732000000,0.000600422763614
16743000000,0.000605123637745
16752000000,0.000609502600215
16762000000,0.000613356476387
16772000000,0.000616710021128
16781000000,0.000621411506942
16792000000,0.000626017852663
16800000000,0.00063007523298
16811000000,0.000633608877777
16821000000,0.00063823603875
16832000000,0.000642974832052
16845000000,0.00064714633212
16850000000,0.000650776443655
16851000000,0.000655661425659
16869000000,0.000660401821952
16879000000,0.000664565504398
16888000000,0.000668180978346
16902000000,0.000674516278281
16911000000,0.000683374426147
16922000000,0.00069138151388
16931000000,0.000698535409474
16931000000,0.000704858546401
16952000000,0.000712589409872
16960000000,0.000720358001173
16974000000,0.000727219349146
16987000000,0.000733212298036
16998000000,0.000738342133318
17006000000,0.000742668445453
17009000000,0.000746299237748
17022000000,0.000748330249548
17034000000,0.000749439621976
17042000000,0.000750143960297
17053000000,0.000749714239272
17061000000,0.000747241956967
17071000000,0.000744718453232
17078000000,0.000742207893545
17078000000,0.0007397666829
17095000000,0.000737434498983
17105000000,0.000732823087946
17121000000,0.000727490180871
17128000000,0.000722557147607
17141000000,0.000716564502997
17147000000,0.000709610143366
17152000000,0.000703283495666
17170000000,0.000697593669921
17179000000,0.000694018367932
17187000000,0.000696755809328
17195000000,0.000699618618823
17212000000,0.000702516414034
17220000000,0.000706049629099
17228000000,0.00071098348231
17236000000,0.000715641384941
17244000000,0.0007199768071
17244000000,0.000723960911813
17268000000,0.000727302822652
17283000000,0.00073029220039
17289000000,0.000732936003638
17309000000,0.000734609909827
17316000000,0.000735595955961
17324000000,0.000736359470074
17331000000,0.000736930193761
17342000000,0.000736349456617
17350000000,0.00073527748231
17360000000,0.000734184004652
17367000000,0.000733094105702
17382000000,0.000732034022264
17391000000,0.000731020626641
17399000000,0.000728456722298
17410000000,0.000725665743469
17422000000,0.00072278770853
17433000000,0.000717550405762
17441000000,0.000712716208841
17451000000,0.000707542845687
17460000000,0.000701106875663
17470000000,0.000695261714016
17478000000,0.00069001353453
17488000000,0.000685354328178
17501000000,0.000678618412072
17515000000,0.000671934006931
17528000000,0.000665973869249
17528000000,0.000660719280364
17542000000,0.000653883101717
17554000000,0.000646349197648
17559000000,0.000639648901499
17572000000,0.000633756560599
17582000000,0.000627749252702
17591000000,0.000619069764683
17600000000,0.000611326416367
17600000000,0.0006044935843
17600000000,0.000598531161879
17600000000,0.000593389275676
17641000000,0.000589010202383
17651000000,0.000579719803369
17661000000,0.000567853431132
17673000000,0.000557155815122
17679000000,0.000547618828993
17691000000,0.000539209690075
17699000000,0.000531878538816
17708000000,0.000525562261216
17716000000,0.000520188342535
17724000000,0.000515673618378
17741000000,0.000504347377653
17751000000,0.000489139910958
17760000000,0.00047538104145
17760000000,0.00046307253196
17777000000,0.000445362822733
17790000000,0.000413908970991
17804000000,0.00038515748813
17824000000,0.000359177686024
17824000000,0.000335967046011
17838000000,0.000315458115752
17838000000,0.000293545592802
17838000000,0.000268475097768
17862000000,0.000245167456234
17873000000,0.000220262355427
17883000000,0.000198331507196
17891000000,0.000181108165564
17897000000,0.000167652995758
17916000000,0.000156463590244
17922000000,0.000147311294027
17932000000,0.000139970283652
17940000000,0.00014070118347
17952000000,0.000142417896914
17962000000,0.000144878462021
17972000000,0.000150249539447
17980000000,0.00016124083747
17990000000,0.000171942243018
18003000000,0.00018217621229
18014000000,0.000199701650424
18025000000,0.000217984838611
18032000000,0.000234866110297
18032000000,0.000250267539797
18033000000,0.000264158255683
18033000000,0.000276547533693
18033000000,0.000287476466449
18033000000,0.000303653478561
18033000000,0.000319733723357
18033000000,0.00033403675962
18106000000,0.000346623860607
18121000000,0.000356069398425
18128000000,0.000350852129618
18138000000,0.000345122593323
18148000000,0.000329812642092
18154000000,0.000314982085741
18154000000,0.000300859883128
18154000000,0.000287618300578
18154000000,0.000275368096225
18194000000,0.000267338744054
18211000000,0.000260199846519
18221000000,0.000256894779338
18232000000,0.000256161992502
18242000000,0.000255869188988
18252000000,0.000256696563
18260000000,0.000260841168921
18269000000,0.000264961902304
18281000000,0.000268970923343
18289000000,0.000274252236225
18309000000,0.00028251865179
18309000000,0.000290219727558
18322000000,0.000297307713191
18335000000,0.000309288060158
18341000000,0.000320887148129
18349000000,0.0003314284843
18361000000,0.000340899470573
18371000000,0.000349313447019
18382000000,0.000361807526612
18393000000,0.000375187349198
18398000000,0.000387179016874
18398000000,0.00039780893816
18421000000,0.000407127224151
18429000000,0.000421332807808
18440000000,0.000436571039458
18449000000,0.000450156182245
18460000000,0.000471064956273
18472000000,0.000490873622119
18479000000,0.000508570737647
18492000000,0.000524207462952
18492000000,0.00053786901985
18493000000,0.000550804932094
18516000000,0.000571914677882
18519000000,0.000590743772159
18542000000,0.000613292866246
18552000000,0.000639160216688
18556000000,0.000662274776712
18570000000,0.000682701003295
18582000000,0.000705141083402
18589000000,0.000731588632352
18598000000,0.000755043694564
18612000000,0.000775617216066
18621000000,0.000793464163742
18631000000,0.000808762942252
18640000000,0.000885739464421
18651000000,0.000956689341033
18661000000,0.00103748833667
18667000000,0.00114769956625
18680000000,0.00124816603364
18690000000,0.00133870869466
18701000000,0.00141940354609
18712000000,0.00149339568132
18722000000,0.00155877846639
18735000000,0.00161393099288
18741000000,0.00165775845917
18750000000,0.00169429463344
18760000000,0.0017242670285
18772000000,0.00174839382155
18780000000,0.00176737032904
18792000000,0.00172347617117
18796000000,0.0016548211555
18808000000,0.00158840543795
18817000000,0.00149557070346
18825000000,0.00137954719733
18839000000,0.00127178872694
18851000000,0.00117295330471
18852000000,0.00108336213069
18874000000,0.00101551183744
18882000000,0.00097424699868
18892000000,0.000942485820385
18902000000,0.000927184358983
18911000000,0.000916524383959
18921000000,0.000909757949807
18930000000,0.000906298335095
18938000000,0.000906221574332
18950000000,0.000908178520026
18961000000,0.000911697437893
18962000000,0.000916360658468
18971000000,0.000921818217254
18985000000,0.000922429328861
19000000000,0.000923624928667
19012000000,0.000924404821985
19022000000,0.000918075316175
19031000000,0.000912463983022
19039000000,0.000907539587512
19046000000,0.00090326075916
19060000000,0.00089958435414
19061000000,0.000896463168671
19081000000,0.000890476850124
19081000000,0.000877370516394
19099000000,0.000865390742995
19108000000,0.000854566771451
19108000000,0.000836534684568
19132000000,0.00081197357575
19132000000,0.000788086790297
19151000000,0.000753600678853
19163000000,0.000722183142211
19181000000,0.000693892443943
19181000000,0.000668702935854
19187000000,0.000639805421453
19187000000,0.000604357637625
19211000000,0.000562304740825
19220000000,0.000514439725735
19231000000,0.000471422780723
19246000000,0.000433194434634
19268000000,0.000399601388381
19268000000,0.000370405305665
19272000000,0.00034532489911
19292000000,0.000303234966653
19292000000,0.000263620274173
19301000000,0.000203555470281
19311000000,0.000143369602513
19321000000,8.95268719477e-05
19329000000,4.18834241941e-05
19342000000,-2.23000991577e-05
19354000000,-7.94996830313e-05
19354000000,-0.000129914576915
19371000000,-0.000173849874345
19380000000,-0.00021943885069
19392000000,-0.000276534306892
19399000000,-0.000326844864523
19409000000,-0.000373432586227
19416000000,-0.000437854344603
19429000000,-0.000494986887515
19441000000,-0.000545092200718
19449000000,-0.000588533195242
19467000000,-0.000638738790028
19479000000,-0.000695584486661
19479000000,-0.000745887213287
19490000000,-0.000789567739026
19501000000,-0.000827048358993
19509000000,-0.000882661533075
19521000000,-0.000934188343204
19533000000,-0.000983863505448
19540000000,-0.00104531907906
19550000000,-0.00109962986625
19558000000,-0.00114708749346
19568000000,-0.00118807864789
19584000000,-0.00122305332185
19591000000,-0.00126594055282
19599000000,-0.00132266345096
19612000000,-0.00137103678499
19618000000,-0.00141065517559
19634000000,-0.00144455734974
19639000000,-0.0014731896098
19651000000,-0.00149702460381
19660000000,-0.0014790607291
19669000000,-0.00145952905994
19681000000,-0.00143919937667
19691000000,-0.00140942015517
19702000000,-0.00134433344393
19712000000,-0.00128277935535
19720000000,-0.00122538378512
19727000000,-0.00114901409222
19743000000,-0.00105587892558
19752000000,-0.000970611878771
19765000000,-0.000893460415751
19769000000,-0.000824429405368
19781000000,-0.00073755808702
19790000000,-0.000643086654554
19802000000,-0.000558610726986
19818000000,-0.000454247522139
19822000000,-0.000348642905695
19832000000,-0.000254699828211
19841000000,-0.000172052873632
19851000000,0.000174343153063
19859000000,0.00298255108603
19859000000,0.00561123854083
19860000000,0.00803951905945
19860000000,0.0102554548504
19898000000,0.0122543942554
19908000000,0.0179507722351
19917000000,0.0236386755712
19930000000,0.0288292180194
19941000000,0.0349410613893
19950000000,0.0437138165945
19956000000,0.0516978869246
19970000000,0.0588815648582
19982000000,0.0679358647558
19992000000,0.0777946400078
19998000000,0.086633410428
19999000000,0.0944703315712
20021000000,0.103141072797
20032000000,0.112564730966
20039000000,0.120901485891
20039000000,0.128195026419
20058000000,0.13532269064
20063000000,0.143374152166
20081000000,0.15040909151
20081000000,0.156485226015
20099000000,0.161669663905
20099000000,0.167841020635
20113000000,0.173160059571
20114000000,0.17768812279
20138000000,0.181490844344
20138000000,0.1850988337
20138000000,0.188766949299
20138000000,0.191840925306
20138000000,0.194377994253
20138000000,0.196469423217
20138000000,0.198184502864
20138000000,0.199522582864
20138000000,0.200533071818
20233000000,0.201073757746
20239000000,0.201265280838
20239000000,0.201279227809
20262000000,0.200418877812
20272000000,0.198779291243
20279000000,0.197154003128
20279000000,0.195575497248
20279000000,0.194068819048
20307000000,0.192652484915
20319000000,0.189955885258
20319000000,0.187304233042
20341000000,0.184011184216
20350000000,0.179037405305
20350000000,0.17446927493
20350000000,0.170322600881
20351000000,0.166449442521
20391000000,0.1616322182
20399000000,0.157313270021
20410000000,0.153484643064
20416000000,0.147179306307
20424000000,0.141177867793
20435000000,0.135814539246
20439000000,0.131073892452
20459000000,0.125041790994
20472000000,0.118897742923
20482000000,0.113457896937
20492000000,0.106849013534
20498000000,0.100217803244
20512000000,0.0943556690294
20519000000,0.0892304924818
20532000000,0.0848011032509
20542000000,0.0794582608774
20550000000,0.073282257159
20557000000,0.0678493689677
20570000000,0.0631224768576
20577000000,0.0572691479125
20592000000,0.0519413490739
20595000000,0.047307635153
20610000000,0.0433254223562
20622000000,0.0370321136856
20630000000,0.0314596104457
20644000000,0.0265865257077
20654000000,0.0223719638279
20663000000,0.0179769534299
20667000000,0.0134193391691
20681000000,0.00947650716479
20691000000,0.00420235526257
20702000000,-0.00123624676295
20707000000,-0.00601338828311
20712000000,-0.0101639948008
20729000000,-0.0137286283708
20730000000,-0.0167518128059
20730000000,-0.0192800995094
20730000000,-0.0224315835064
20730000000,-0.0253795276687
20758000000,-0.0278838222657
20791000000,-0.0299836691894
20791000000,-0.0341444701111
20791000000,-0.0378320433969
20819000000,-0.0413795622817
20826000000,-0.0456850484958
20839000000,-0.0494910123777
20850000000,-0.0528170889251
20858000000,-0.0556912517376
20871000000,-0.0590304847171
20880000000,-0.0620268399488
20891000000,-0.0650209976669
20900000000,-0.0678729019214
20911000000,-0.0703248282368
20920000000,-0.072405697004
20921000000,-0.0742732628061
20937000000,-0.0758588318771
20950000000,-0.0771614683638
20962000000,-0.0782118166883
20969000000,-0.079039202426
20981000000,-0.0800783374837
20990000000,-0.0810944607343
21001000000,-0.0819286816545
21012000000,-0.0826016410473
21019000000,-0.0829931272543
21030000000,-0.0831783597419
21039000000,-0.0832714791226
21051000000,-0.0832893309742
21061000000,-0.0832468072147
21073000000,-0.0833384194186
21096000000,-0.0834603126091
21096000000,-0.0835407411216
21116000000,-0.0835865596926
21116000000,-0.0836036910827
21125000000,-0.0835973254471
21135000000,-0.08357207257
21150000000,-0.0832883982648
21158000000,-0.0828503561562
21162000000,-0.0823708583254
21172000000,-0.081781086829
21185000000,-0.0812317903572
21196000000,-0.0805919165236
21203000000,-0.0794817032696
21219000000,-0.0784583398851
21227000000,-0.0775262940509
21232000000,-0.0766870757031
21242000000,-0.075415231787
21252000000,-0.0732434697567
21262000000,-0.0712511909192
21272000000,-0.0694471501977
21279000000,-0.0678315773511
21291000000,-0.0664005420426
21298000000,-0.0645227610801
21312000000,-0.0626979816847
21320000000,-0.0610817155042
21331000000,-0.0596657301621
21332000000,-0.0584390728936
21346000000,-0.0573889064109
21359000000,-0.0562800116284
21372000000,-0.0544697341094
21380000000,-0.0527579962473
21391000000,-0.0503535716703
21401000000,-0.0481945075393
21405000000,-0.0453830318017
21420000000,-0.0427618959831
21429000000,-0.0404297239615
21440000000,-0.0383771406907
21451000000,-0.0360416654966
21460000000,-0.0336315524766
21471000000,-0.031511867187
21481000000,-0.029668468523
21490000000,-0.0273152539511
21499000000,-0.0249264608067
21511000000,-0.0228289988227
21521000000,-0.0210076365594
21530000000,-0.0189478441523
21540000000,-0.0166717704745
21548000000,-0.0146769343214
21560000000,-0.0129484191937
21569000000,-0.0114686047644
21582000000,-0.00945067379491
21591000000,-0.00735692050862
21598000000,-0.00552326667662
21604000000,-0.00393547842066
21622000000,-0.00176467445584
21631000000,0.000344096789023
21641000000,0.002192435814
21652000000,0.0047033690869
21660000000,0.00702829067608
21669000000,0.00907322521294
21679000000,0.0108519197878
21691000000,0.0123809697275
21694000000,0.0139196574407
21694000000,0.0161710431697
21719000000,0.0181577341447
21731000000,0.0198918738511
21740000000,0.021858772594
21752000000,0.0238827955944
21766000000,0.0256534078681
21777000000,0.0271845280757
21785000000,0.0277694382697
21792000000,0.0271347138393
21804000000,0.0264282627768
21812000000,0.0242630002882
21822000000,0.020092941657
21832000000,0.0161527587107
21842000000,0.0124818471993
21850000000,0.00771840972564
21860000000,0.001316848916
21872000000,-0.00455413903336
21877000000,-0.00987500516917
21890000000,-0.0146429328235
21902000000,-0.0222456624154
21911000000,-0.0291214849115
21921000000,-0.0352705964382
21930000000,-0.0407095852103
21941000000,-0.046260861279
21959000000,-0.0529260787421
21959000000,-0.0588261978854
21967000000,-0.0641995956601
21980000000,-0.0706944219358
21989000000,-0.0764160380745
22005000000,-0.0814004300453
22012000000,-0.0856922848667
22021000000,-0.0899336222672
22031000000,-0.0941281714011
22041000000,-0.0977135299
22053000000,-0.100738460633
22061000000,-0.103254183905
22069000000,-0.105312629632
22081000000,-0.107120379674
22090000000,-0.108661785254
22101000000,-0.109910949019
22112000000,-0.110894868212
22122000000,-0.111627775973
22132000000,-0.112010779644
22141000000,-0.111030342949
22150000000,-0.10998282642
22161000000,-0.108904984407
22171000000,-0.107347211869
22182000000,-0.105140355866
22189000000,-0.103050452627
22203000000,-0.101099803125
22212000000,-0.0993029919888
22221000000,-0.0952378578046
22230000000,-0.0914839559234
22241000000,-0.0880576841728
22254000000,-0.0849654903656
22258000000,-0.082205423376
22270000000,-0.0778231677915
22279000000,-0.0736438857277
22291000000,-0.0690005251813
22302000000,-0.0627836486428
22316000000,-0.057166809952
22324000000,-0.0521475843054
22331000000,-0.0477112324612
22343000000,-0.041786808226
22361000000,-0.036514339058
22366000000,-0.0318746056285
22372000000,-0.0275353770902
22383000000,-0.0211245500324
22392000000,-0.0154166266237
22403000000,-0.0103899377932
22413000000,-0.00475902788315
22421000000,0.0020427754883
22430000000,0.00807831166352
22440000000,0.0133737290557
22450000000,0.0179683738313
22460000000,0.0233691271568
22471000000,0.0286897270457
22480000000,0.0333226571617
22491000000,0.0379374260675
22502000000,0.0443642664434
22510000000,0.0500493086696
22519000000,0.0550227969476
22530000000,0.059325853235
22540000000,0.0639569043178
22550000000,0.0685759134686
22555000000,0.072568868127
22569000000,0.0759781968469
22583000000,0.0808865168612
22592000000,0.0856806491855
22602000000,0.0898674521273
22607000000,0.0934826357097
22620000000,0.0977705889895
22630000000,0.101791467196
22641000000,0.10526769421
22651000000,0.108235822185
22661000000,0.110958151437
22669000000,0.115189358854
22678000000,0.11890780413
22679000000,0.122139040417
22679000000,0.125939433936
22692000000,0.129505435215
22720000000,0.132598683333
22729000000,0.135385771259
22740000000,0.138996071344
22740000000,0.142150935571
22744000000,0.144876384085
22744000000,0.147202162749
22744000000,0.149160170398
22790000000,0.151610310798
22791000000,0.15391133657
22811000000,0.155876240501
22818000000,0.157945414626
22824000000,0.159810656618
22838000000,0.161389971008
22838000000,0.162708023124
22861000000,0.163789992765
22861000000,0.164828401793
22879000000,0.166323587163
22889000000,0.167621010911
22901000000,0.1687799966
22912000000,0.169755381276
22919000000,0.170563828577
22933000000,0.171594707291
22937000000,0.172625233282
22953000000,0.17350279652
22953000000,0.174240441142
22971000000,0.174851572885
22981000000,0.175213680357
22993000000,0.175483153034
23000000000,0.175673112211
23014000000,0.175795680202
23016000000,0.175813361094
23029000000,0.175767749701
23029000000,0.175690269314
23029000000,0.175589314624
23055000000,0.175290354314
23066000000,0.174726011545
23079000000,0.174184467874
23079000000,0.17367264613
23080000000,0.173195537268
23108000000,0.172297520006
23115000000,0.171467051468
23117000000,0.170708223122
23140000000,0.170022585062
23150000000,0.168883878903
23163000000,0.167719447123
23170000000,0.166520206795
23182000000,0.164869469748
23193000000,0.163372509557
23201000000,0.162030071973
23211000000,0.158322849206
23223000000,0.153860818739
23228000000,0.149775041367
23240000000,0.146077194456
23251000000,0.138724995997
23264000000,0.13101020872
23272000000,0.123999158891
23281000000,0.117699561948
23281000000,0.112101651318
23294000000,0.107182045998
23308000000,0.0980688510794
23308000000,0.0893272096519
23309000000,0.081508549642
23335000000,0.0719902949421
23350000000,0.0609561711624
23359000000,0.0510743641332
23359000000,0.0423219899019
23360000000,0.034655750808
23382000000,0.0242207151635
23398000000,0.0140630120936
23411000000,0.00510447890901
23422000000,-0.00309761236345
23429000000,-0.0136102541928
23439000000,-0.0228886997256
23446000000,-0.0309866154028
23460000000,-0.0391906345548
23466000000,-0.0480705438773
23476000000,-0.0558107863326
23491000000,-0.0624794837974
23501000000,-0.0698783534495
23508000000,-0.0766911051517
23521000000,-0.0825344365893
23529000000,-0.0885409497617
23546000000,-0.0937820788441
23550000000,-0.0982072771953
23565000000,-0.101890101248
23577000000,-0.104905192025
23581000000,-0.107399473423
23595000000,-0.109651867578
23604000000,-0.111427917093
23618000000,-0.112788668733
23625000000,-0.113791033292
23631000000,-0.114487932945
23642000000,-0.11492820587
23648000000,-0.115156361291
23657000000,-0.115212312753
23671000000,-0.114072232316
23679000000,-0.112890478144
23690000000,-0.111701504589
23701000000,-0.109896808997
23709000000,-0.107551682913
23721000000,-0.105346331997
23727000000,-0.103300701172
23741000000,-0.0994841406516
23752000000,-0.0957521933505
23761000000,-0.092344202768
23771000000,-0.0888965483796
23775000000,-0.0843564283376
23790000000,-0.0802503524869
23798000000,-0.0765785793126
23800000000,-0.0733317159136
23822000000,-0.0682212456343
23832000000,-0.0633862932871
23837000000,-0.0590796439586
23851000000,-0.0552852128308
23860000000,-0.0509290849141
23868000000,-0.0460709702019
23879000000,-0.0417740994886
23879000000,-0.0380165257006
23901000000,-0.034267200483
23909000000,-0.0290685103129
23918000000,-0.024456876045
23931000000,-0.0204109429466
23942000000,-0.015045397052
23948000000,-0.0100928969188
23959000000,-0.00574445117279
23969000000,-0.00196965668176
23981000000,0.00188986467248
23991000000,0.00664920323684
23998000000,0.0108282963175
24008000000,0.014456232229
24015000000,0.0175679372151
24029000000,0.0224549084576
24040000000,0.0267694909245
24047000000,0.0305373173341
24061000000,0.0351167009937
24072000000,0.0421549284975
24082000000,0.0484790706685
24092000000,0.0540981784148
24098000000,0.0622611100707
24110000000,0.0727651739746
24120000000,0.0822447318093
24120000000,0.0907056541995
24120000000,0.0998586283346
24150000000,0.111846771993
24166000000,0.122587031287
24169000000,0.132102477049
24180000000,0.142884379798
24191000000,0.155981151841
24199000000,0.167650493266
24211000000,0.177933823949
24220000000,0.187343745948
24231000000,0.19942252021
24240000000,0.210077450303
24248000000,0.219370700788
24259000000,0.227382285251
24268000000,0.237360764909
24281000000,0.246829185747
24291000000,0.255045632811
24299000000,0.262090890199
24308000000,0.269091148341
24321000000,0.275295278529
24328000000,0.280523096976
24340000000,0.284864437073
24352000000,0.288409855431
24361000000,0.291248288014
24369000000,0.293465532137
24379000000,0.295143068853
24390000000,0.296357263271
24398000000,0.297178761308
24411000000,0.297672094008
24417000000,0.29789534574
24431000000,0.297900302514
24443000000,0.297732691397
24452000000,0.297432511708
24458000000,0.297034357138
24470000000,0.296567824998
24480000000,0.296057529901
24490000000,0.295523437341
24496000000,0.294981972129
24508000000,0.294446412674
24524000000,0.293927337556
24539000000,0.293432873231
24539000000,0.29296906346
24550000000,0.292097700625
24564000000,0.291180919518
24585000000,0.290337406425
24585000000,0.289570093475
24585000000,0.288879954597
24585000000,0.288266291809
24616000000,0.286372566102
24626000000,0.284484802162
24635000000,0.281151900878
24640000000,0.277036529777
24651000000,0.273264312859
24654000000,0.266679633662
24670000000,0.260643515084
24679000000,0.255175396003
24687000000,0.250277944219
24696000000,0.242482440115
24710000000,0.235044718591
24719000000,0.228375690019
24731000000,0.222461635537
24740000000,0.214522904313
24750000000,0.206273186664
24755000000,0.198930598566
24755000000,0.192466859466
24776000000,0.186838645929
24776000000,0.181993977446
24797000000,0.174354026594
24811000000,0.167592126142
24820000000,0.156926650454
24832000000,0.146832151125
24841000000,0.13784037854
24850000000,0.128911296477
24862000000,0.119589365316
24871000000,0.111383126874
24879000000,0.104240134871
24891000000,0.0980957294778
24903000000,0.0920869271799
24913000000,0.0838930212036
24922000000,0.0767048527756
24925000000,0.0682791123042
24940000000,0.0606375674731
24950000000,0.0539819795617
24961000000,0.0482531497504
24971000000,0.0433838345758
24982000000,0.0372856626352
24990000000,0.0306923625569
25002000000,0.0249536516175
25011000000,0.0187750195424
25018000000,0.012605798633
25027000000,0.0072510076591
25039000000,0.00265882301957
25039000000,-0.00122847834964
25063000000,-0.00573745206999
25075000000,-0.0108261357205
25082000000,-0.015238406061
25093000000,-0.0191977367995
25102000000,-0.0241313279267
25111000000,-0.0284253798752
25134000000,-0.0321182178019
25134000000,-0.0352543789412
25144000000,-0.0378828849031
25152000000,-0.0410135804107
25159000000,-0.0440785275537
25159000000,-0.0466900918797
25159000000,-0.0488851170693
25159000000,-0.0507018273361
25159000000,-0.0521792445539
25225000000,-0.0533570644023
25225000000,-0.0547469811629
25225000000,-0.0569596303983
25247000000,-0.0588795828753
25251000000,-0.0606386272972
25258000000,-0.0635120368677
25272000000,-0.0669282433879
25279000000,-0.0699803202561
25292000000,-0.0726778747048
25299000000,-0.0750357959823
25310000000,-0.0770730361642
25322000000,-0.0788674317926
25331000000,-0.0803894074876
25340000000,-0.0818302189242
25348000000,-0.0834374651905
25358000000,-0.0848049455739
25364000000,-0.085953004231
25377000000,-0.086772663055
25391000000,-0.0873675762766
25396000000,-0.0878164034838
25396000000,-0.0881394808004
25422000000,-0.088356019156
25434000000,-0.0884765296773
25436000000,-0.0885231451985
25439000000,-0.0885118923516
25461000000,-0.088370343029
25472000000,-0.0878688256319
25475000000,-0.087367135337
25485000000,-0.0868762324287
25499000000,-0.086048238602
25507000000,-0.085118595031
25520000000,-0.08425300085
25530000000,-0.0830584231317
25540000000,-0.0817009255597
25552000000,-0.0804596954968
25561000000,-0.0793376243878
25570000000,-0.0781509182876
25580000000,-0.0763756532062
25581000000,-0.0747677894334
25602000000,-0.073327650922
25613000000,-0.0716845563064
25623000000,-0.0696841835155
25630000000,-0.0678911350382
25642000000,-0.0663014828995
25653000000,-0.0642593809839
25659000000,-0.062170446341
25671000000,-0.0603155789071
25678000000,-0.0586865425948
25686000000,-0.0572718399632
25699000000,-0.0558454033196
25709000000,-0.053789272081
25718000000,-0.0519667811472
25718000000,-0.0503688976112
25737000000,-0.0489835808975
25751000000,-0.046709695213
25754000000,-0.0446815311158
25772000000,-0.0423805964391
25781000000,-0.0395884508207
25793000000,-0.0370939774811
25799000000,-0.0348895286291
25823000000,-0.0329627491766
25823000000,-0.0312978256051
25831000000,-0.0292152008498
25841000000,-0.0269661193165
25848000000,-0.0249923818845
25856000000,-0.0232796384088
25874000000,-0.02144410467
25881000000,-0.0190216374628
25893000000,-0.0168798707202
25901000000,-0.0144496934645
25909000000,-0.0117633115868
25916000000,-0.00938543615786
25927000000,-0.00730385654239
25938000000,-0.00550192566515
25949000000,-0.00310916019982
25961000000,-0.00079960290687
25968000000,0.00122061642886
25977000000,0.00296739362715
25990000000,0.00528951577248
26000000000,0.00767450539679
26010000000,0.00976856920626
26019000000,0.0121307906267
26029000000,0.0145562318045
26040000000,0.0166843725758
26049000000,0.0185303591217
26061000000,0.0201123455543
26070000000,0.0224016250295
26079000000,0.0246438375325
26086000000,0.0266779903274
26102000000,0.0290872542889
26112000000,0.0312066887695
26120000000,0.0330500390283
26129000000,0.0346342327328
26138000000,0.0367962840857
26145000000,0.0388894380283
26165000000,0.0407165954085
26171000000,0.0422934518038
26183000000,0.0437632897411
26192000000,0.0455015127618
26200000000,0.0470074047104
26211000000,0.0482961336842
26220000000,0.0501659088896
26231000000,0.0518066783009
26237000000,0.0532305259121
26252000000,0.0544515800504
26261000000,0.0559941116796
26271000000,0.057390056349
26281000000,0.0585931766413
26290000000,0.0596691170873
26301000000,0.061032901426
26310000000,0.0622174476333
26320000000,0.0632342844483
26331000000,0.0640960887539
26338000000,0.065235624828
26351000000,0.0662672080533
26359000000,0.0671526776338
26370000000,0.0679309327725
26376000000,0.0688273823974
26389000000,0.0695964369386
26401000000,0.0702478077943
26411000000,0.0707916740501
26423000000,0.0716193308602
26432000000,0.072337061583
26439000000,0.0729520616504
26449000000,0.0734725062325
26459000000,0.0739283494516
26470000000,0.0743888848548
26477000000,0.0747736279891
26490000000,0.0752256959048
26497000000,0.0757407994696
26513000000,0.0761842805419
26525000000,0.0765614679067
26533000000,0.0768781079776
26548000000,0.0771399368664
26552000000,0.0773524493272
26562000000,0.0775199367312
26570000000,0.0776491305764
26582000000,0.0778338200981
26592000000,0.0779944544439
26598000000,0.0781246599913
26607000000,0.0782279734034
26622000000,0.0782551474456
26631000000,0.0782307988709
26646000000,0.0781945306947
26646000000,0.0781495436066
26660000000,0.0780811715525
26672000000,0.0779421809753
26679000000,0.077807018445
26679000000,0.0776778283845
26696000000,0.0775561366294
26711000000,0.0772858769645
26716000000,0.0770172219304
26731000000,0.0767699126622
26741000000,0.0763197741956
26749000000,0.0759059005544
26763000000,0.0755298102012
26769000000,0.075119102509
26779000000,0.0745848177034
26791000000,0.0741018687504
26818000000,0.0736701393193
26837000000,0.072954519309
26837000000,0.0726657961813
26837000000,0.0724190570802
26850000000,0.0718903065143
26862000000,0.0712498188253
26871000000,0.0706730199501
26877000000,0.0701592613707
26889000000,0.0697066030376
26902000000,0.0692781689564
26910000000,0.0686083900604
26919000000,0.0680097122694
26929000000,0.0674804750042
26941000000,0.0666559565538
26951000000,0.0659161317627
26965000000,0.0652595129012
26970000000,0.0646830833956
26978000000,0.0640890246696
26988000000,0.0633524107541
27003000000,0.0627013452906
27008000000,0.0621323162514
27019000000,0.0613120059683
27031000000,0.0605834800677
27039000000,0.0599434984623
27051000000,0.0593875815463
27061000000,0.0589103537534
27070000000,0.0585058511374
27070000000,0.0581677703725
27070000000,0.0578895885009
27070000000,0.0576647483607
27111000000,0.0573137486659
27122000000,0.0567218442491
27134000000,0.0559398962707
27141000000,0.0549256875551
27152000000,0.0540081929421
27161000000,0.053187503909
27161000000,0.0524614140357
27183000000,0.0517930851924
27194000000,0.0510839892297
27203000000,0.0504647421467
27212000000,0.0498061067146
27222000000,0.0491126723866
27232000000,0.0485075697746
27241000000,0.0479855901272
27250000000,0.0475407031701
27267000000,0.0471664316093
27267000000,0.0468561712098
27282000000,0.0464564000203
27293000000,0.045979635622
27302000000,0.0453891247245
27312000000,0.0448685113874
27322000000,0.0444145657712
27333000000,0.0440232108397
27344000000,0.0436226874627
27353000000,0.0432357155942
27371000000,0.0429043321621
27371000000,0.0426242660262
27380000000,0.0423290224361
27391000000,0.0419386246334
27401000000,0.0415983647955
27413000000,0.0412721037455
27424000000,0.0408625317732
27427000000,0.0405031533628
27438000000,0.0401914667371
27451000000,0.0399068995111
27460000000,0.03951093051
27466000000,0.0391628769127
27484000000,0.0388603202073
27492000000,0.0386004017927
27500000000,0.0383286608924
27507000000,0.0380210888209
27513000000,0.0377543057552
27513000000,0.0375256259796
27513000000,0.0372575348523
27513000000,0.0369946876364
