%time,field
7000000,0.0
16000000,6.44259868076e-26
28000000,-1.6842604481e-21
41000000,-3.24275403754e-22
42000000,-1.39341625402e-21
53000000,-1.21979664719e-15
62000000,-1.29695512594e-15
75000000,-1.36406824228e-15
82000000,-1.42220982258e-15
91000000,-1.57040054946e-15
103000000,-1.619430973e-15
112000000,-1.66086286057e-15
121000000,-1.69546775127e-15
130000000,8.92667087231e-08
143000000,7.55640091875e-07
162000000,2.17496913648e-06
162000000,0.00182970478284
171000000,-0.169605971596
180000000,-0.161587452032
195000000,-0.15253040412
201000000,-0.142053435363
209000000,-0.164949919057
222000000,-0.149415712054
232000000,-0.138093033269
242000000,-0.120942487887
251000000,-0.111640587108
259000000,-0.0388344872978
272000000,-0.032149260692
282000000,-0.0184336798844
287000000,-0.0148680009709
300000000,0.0332808386009
312000000,0.0416151153117
321000000,0.039170795975
331000000,0.0433895461318
340000000,0.0393066697611
350000000,0.0414443190051
360000000,0.0321789464639
366000000,0.0330840696758
378000000,0.0282950685227
396000000,0.0268060577038
399000000,0.0358526864193
408000000,0.0329236728288
421000000,0.0257657624037
431000000,0.0227896715729
437000000,0.0199084383761
448000000,0.0171961365014
461000000,0.0189330636204
470000000,0.0167467575982
480000000,0.0139762261894
490000000,0.0117645116922
490000000,0.0198969993772
510000000,0.0173488660035
520000000,0.0149531671378
531000000,0.0127312042543
541000000,0.0225736154254
549000000,0.0200173444593
561000000,0.0175552337511
570000000,0.01522254014
579000000,0.0235751317023
589000000,0.0209342999319
599000000,0.0183849912397
610000000,0.0159649292168
616000000,0.0226690413701
630000000,0.0200157103803
641000000,0.0174771277065
650000000,0.0150856470409
658000000,0.0206821343726
670000000,0.0181527901134
679000000,0.0157533417129
689000000,0.0135098334739
701000000,0.0181372882096
712000000,0.0158208896898
721000000,0.0136413084505
730000000,0.0116183440703
742000000,0.0157702742833
749000000,0.0136978842917
761000000,0.0117580526684
771000000,0.0099660423403
779000000,0.0137898341504
791000000,0.0119650934222
800000000,0.0102591311521
811000000,0.0137810714854
821000000,0.0120615683905
831000000,0.0104358497298
841000000,0.00892099341304
852000000,0.00752744043826
860000000,0.00626053392332
871000000,0.00950034470872
879000000,0.0082022048005
888000000,0.00699545895939
897000000,0.0100304779578
910000000,0.0087991186565
922000000,0.00763217747466
931000000,0.00654152967982
940000000,0.00902917878578
950000000,0.00789809196727
960000000,0.00682993154432
969000000,0.00583530009284
982000000,0.00786697010837
991000000,0.00685539073001
1001000000,0.00590470394378
1011000000,0.0050235077296
1020000000,0.00664838847676
1029000000,0.00575642278749
1040000000,0.00492479865428
1049000000,0.00415937712045
1058000000,0.00559435760521
1069000000,0.00484055835583
1078000000,0.00413835933792
1087000000,0.00349270823176
1100000000,0.00471944811899
1107000000,0.0040859401047
1119000000,0.00349555634767
1130000000,0.00295241689653
1141000000,0.00416024176195
1149000000,0.00361651594978
1160000000,0.00310737209292
1169000000,0.00263710324625
1179000000,0.00339983042968
1191000000,0.00293787540833
1200000000,0.00250852794618
1212000000,0.00211451632233
1223000000,0.00260206812324
1230000000,0.00222965771862
1241000000,0.00188667629384
1252000000,0.0015740041608
1260000000,0.0018437398348
1270000000,0.00155983962294
1282000000,0.00130119112988
1289000000,0.00106821280059
1298000000,0.0112272959832
1310000000,0.0103941084459
1323000000,0.00950470862509
1329000000,0.00859107636971
1342000000,0.0101667463907
1349000000,0.00912303239266
1357000000,0.00809626260963
1358000000,0.00710587583029
1381000000,0.0061256485229
1392000000,0.00524945015205
1396000000,0.00444149011658
1399000000,0.00370537859343
1421000000,0.00265987706566
1430000000,0.00209228018436
1439000000,0.00159821096897
1439000000,0.00117316213035
1440000000,0.000477956123537
1471000000,0.000194785739534
1477000000,-3.25478233067e-05
1489000000,-0.000528777899396
1499000000,-0.000645328166238
1511000000,-0.000722564521472
1521000000,-0.000767057012274
1531000000,-0.0007848066423
1541000000,-0.00079103621919
1551000000,-0.00108801323804
1560000000,-0.00103259041839
1577000000,-0.00151109164072
1577000000,-0.00140587898461
1578000000,-0.00129110080025
1592000000,-0.00117146010319
1592000000,-0.00105077934445
1621000000,-0.000931636608959
1631000000,-0.00149707653861
1637000000,-0.00134670957339
1637000000,-0.00119762063368
1662000000,-0.00186805313381
1670000000,-0.00168320317811
1671000000,-0.00149952811981
1676000000,-0.00132065689645
1700000000,-0.00212543443049
1711000000,-0.00190975157731
1715000000,-0.00169633267994
1718000000,-0.00148957618855
1718000000,-0.00129267400123
1718000000,-0.00733690308117
1758000000,-0.00677548752639
1759000000,-0.00618057650909
1780000000,-0.00975117329
1789000000,-0.00889597633803
1801000000,-0.00802233528329
1810000000,-0.00715372958485
1822000000,-0.00985372570593
1833000000,-0.00882380478543
1841000000,-0.00781418162593
1851000000,-0.00684296550577
1862000000,-0.00791533436956
1871000000,-0.00694905797464
1881000000,-0.00603178088707
1891000000,-0.00517342911318
1901000000,-0.00438080744382
1910000000,-0.00536935569803
1920000000,-0.00462174631837
1927000000,-0.00392854213193
1938000000,-0.00409278056669
1950000000,-0.00346642249065
1960000000,-0.00289490389503
1968000000,-0.00237939533881
1979000000,-0.00262470392222
1991000000,-0.00217329169084
1998000000,-0.00176854779082
2009000000,-0.00140972830004
2020000000,-0.00117016447445
2030000000,-0.000893500154757
2038000000,-0.000655303230351
2051000000,-0.00045276374219
2061000000,-0.000282941808575
2067000000,0.0026684877061
2079000000,0.00262862229457
2086000000,0.00253877089419
2102000000,0.00263670691523
2110000000,0.00246872720873
2122000000,0.00228115743019
2128000000,0.00208232824413
2138000000,0.00125645745775
2151000000,0.00109068514998
2161000000,0.000935700620983
2167000000,0.000792594843079
2182000000,0.000662036865466
2190000000,-0.000154480900289
2208000000,-0.000212982052876
2208000000,-0.000254402490325
2222000000,-0.000896969019269
2237000000,-0.000874325663821
2237000000,-0.000837049131269
2237000000,-0.000789104643919
2262000000,-0.000733850452539
2267000000,-0.00118657119525
2277000000,-0.001093775807
2289000000,-0.000996434253345
2299000000,-0.0013321247912
2305000000,-0.0012066409962
2314000000,-0.0010810490644
2325000000,-0.00131333106755
2334000000,-0.00117408605746
2347000000,-0.00103840580454
2363000000,-0.000908571436173
2368000000,-0.00078640075357
2378000000,-0.000672882180963
2387000000,-0.000568805872514
2402000000,-0.000720696981556
2410000000,-0.000859286255993
2420000000,-0.000755185262895
2437000000,-0.000656724650355
2437000000,-0.000564916923497
2448000000,-0.000480513585994
2463000000,-0.000354230205706
2472000000,-0.000288339570378
2481000000,-0.000230558513188
2491000000,0.00479252972801
2496000000,0.00453676446243
2511000000,0.00423314667651
2523000000,0.00389850450258
2531000000,0.00654709165905
2543000000,0.0060225147317
2552000000,0.00547336709001
2562000000,0.0049174926884
2574000000,0.0064798746142
2580000000,0.00582236778915
2594000000,0.00517343237084
2617000000,0.00454558708306
2617000000,0.00394853521709
2617000000,0.00338909150123
2632000000,0.00398260779623
2637000000,0.00344649663016
2654000000,0.00383764652446
2654000000,0.00332486043868
2674000000,0.00284584246479
2680000000,0.00240418096752
2692000000,0.00200187006637
2702000000,0.00197770001989
2712000000,0.00163619329091
2722000000,0.00133001947348
2731000000,0.00133414032218
2741000000,0.00108008856574
2750000000,0.000855246911155
2767000000,0.000658602931908
2778000000,0.000488548396611
2779000000,0.000343266772321
2779000000,0.000220782502031
2797000000,9.78929907838e-05
2799000000,1.61106211191e-05
2821000000,-0.000127166542972
2830000000,-0.000173049017883
2840000000,-0.000205576290351
2851000000,-0.00022684263822
2861000000,-0.00340426045987
2872000000,-0.0032183498948
2880000000,-0.00299996876112
2884000000,-0.00276098287168
2898000000,-0.00321451189852
2912000000,-0.00292226578923
2922000000,-0.00262668221896
2930000000,-0.00220828990519
2937000000,-0.00193375967835
2952000000,-0.00167430635278
2960000000,-0.00143254985553
2969000000,-0.00121025506643
2981000000,-0.00069772330017
2981000000,-0.000534682912024
2999000000,-0.000394417744051
3000000000,-0.000275232223986
3000000000,-0.000175292974291
3026000000,-9.27482014856e-05
3038000000,0.00030769364581
3038000000,0.000339094458532
3056000000,0.000785682758938
3070000000,0.00076346601492
3079000000,0.000728723311529
3088000000,0.000684922102395
3102000000,0.000634977206166
3114000000,0.000902441928923
3123000000,0.000826390332205
3132000000,0.000747901111605
3138000000,0.00108501316647
3145000000,0.000981847632634
3160000000,0.000878499837864
3170000000,0.000777349448082
3181000000,0.000680178848429
3189000000,0.00103078540859
3201000000,0.00091922834856
3210000000,0.000810706904524
3221000000,0.00116456499855
3225000000,0.00103831130172
3239000000,0.000915598322326
3248000000,0.000798420796272
3260000000,0.00113043206779
3272000000,0.00100105502424
3277000000,0.000876756003226
3277000000,0.000759235479869
3300000000,0.0010786450642
3317000000,0.000954411848924
3328000000,0.000835294848783
3340000000,0.000722738077492
3340000000,0.000617963755165
3351000000,0.000889997518851
3362000000,0.000780023886412
3372000000,0.000998300899241
3381000000,0.000882032633598
3391000000,0.000770852406856
3404000000,0.000666113869693
3411000000,0.000568751567238
3421000000,0.000707475565085
3428000000,0.000611564836976
3438000000,0.000522538903133
3451000000,0.00044093524322
3463000000,0.000367054991918
3472000000,0.00030087782345
3482000000,0.000409629881931
3492000000,0.00034873670988
3497000000,-0.00184053281064
3513000000,-0.00175105650516
3519000000,-0.0016410141203
3530000000,-0.00151664363619
3530000000,-0.00319990726909
3551000000,-0.00295232809066
3556000000,-0.00269036240598
3569000000,-0.002422756905
3583000000,-0.00215676006292
3593000000,-0.0114015572982
3593000000,-0.0105457017068
3612000000,-0.00963431048519
3620000000,-0.00869977742128
3631000000,-0.0139810694833
3639000000,-0.0126659085681
3649000000,-0.0113451257317
3662000000,-0.0131963875852
3672000000,-0.0117441097287
3681000000,-0.0103360070009
3688000000,-0.010822486245
3699000000,-0.00946149478567
3711000000,-0.00817612431696
3716000000,-0.0069795044187
3730000000,-0.00587969014545
3731000000,-0.00488083123246
3748000000,-0.00407751199842
3761000000,-0.00327596235861
3767000000,-0.00257078496351
3779000000,-0.00138734334947
3791000000,-0.000897375034709
3801000000,-0.000490830205849
3807000000,-0.000159169007173
3816000000,0.00648815110227
3831000000,0.00627815098988
3842000000,0.00597229877039
3851000000,0.00564591332815
3860000000,0.00677266937243
3871000000,0.00621972487728
3874000000,0.00564495906841
3885000000,0.00506583655115
3898000000,0.00460848973701
3910000000,0.00405222236753
3920000000,0.00352313555073
3930000000,0.00302752108575
3941000000,0.00242634098626
3950000000,0.00201654759954
3957000000,0.00164849737299
3972000000,0.00132158350191
3981000000,0.000953535267789
3992000000,0.000708794716337
3999000000,0.000499997610507
4006000000,0.000324241204585
4018000000,0.000178373075929
4028000000,4.2916057186e-05
4040000000,-5.13225018798e-05
4047000000,-0.000124583901449
4060000000,-0.000177441945335
4071000000,-0.00021731440162
4079000000,-0.000244027563506
4080000000,-0.000259884723895
4101000000,-0.000266855850817
4112000000,-0.000239028329572
4121000000,-0.000235075924623
4132000000,-0.000168777895566
4142000000,-0.000161587045689
4149000000,-0.000152665050848
4157000000,-0.000142642211894
4171000000,-0.000132008625817
4181000000,1.04088359279e-05
4189000000,1.31204025355e-05
4190000000,1.45012698989e-05
4205000000,1.47608720841e-05
4215000000,0.000274974865726
4231000000,0.000257505963976
4242000000,0.000237360103767
4250000000,0.000595500703102
4257000000,0.000550022653569
4269000000,0.000501256601833
4281000000,0.000451046040163
4290000000,0.000963293402618
4302000000,0.000879329102075
4311000000,0.000792721314294
4329000000,0.000705954592011
4331000000,0.000620988352984
4343000000,0.00758588965423
4350000000,0.0070395557204
4361000000,0.00645066402847
4363000000,0.011022641036
4381000000,0.0100997169476
4391000000,0.00914553882874
4398000000,0.00818814512323
4411000000,0.0106325568582
4417000000,0.00953153818261
4431000000,0.00844993841559
4440000000,0.0074077170206
4450000000,0.00641995164325
4460000000,0.00549722171948
4471000000,0.00617148236613
4476000000,0.00529490086237
4492000000,0.00448513029566
4502000000,0.0046772887891
4510000000,0.00394977761503
4519000000,0.00328763471523
4532000000,0.00269211985353
4538000000,0.00227640793933
4552000000,0.00180346332066
4562000000,0.00139028028935
4571000000,-0.00305455049454
4571000000,-0.00313080385314
4590000000,-0.00312033723089
4610000000,-0.0030422651956
4622000000,-0.00291263659595
4632000000,-0.00274525795474
4632000000,-0.00255182338117
4648000000,-0.00673028631806
4648000000,-0.00626773378074
4662000000,-0.00758429492453
4674000000,-0.00695244240691
4681000000,-0.00629876253191
4681000000,-0.00564254787453
4681000000,-0.00499898947271
4681000000,-0.00334158274435
4719000000,-0.00281237612571
4719000000,-0.00233211533374
4719000000,-0.00190120916217
4750000000,-0.000845309900518
4751000000,-0.000546677801888
4760000000,-0.000298824375792
4781000000,0.000170585285659
4790000000,0.000316587409088
4797000000,0.000424676272975
4807000000,0.000500718259105
4821000000,0.000626471846367
4832000000,0.000648421803848
4841000000,0.000651475062284
4851000000,0.000662633580234
4862000000,0.000637922721924
4870000000,0.000604291389576
4879000000,0.000564698192727
4880000000,0.000521189093002
4897000000,0.000475561757164
4912000000,0.000431251840334
4923000000,0.000385396117449
4929000000,0.000314166922901
4938000000,0.000273190572152
4949000000,0.000235222139102
4962000000,0.000200433440625
4972000000,8.37121711309e-05
4983000000,6.07787444872e-05
4991000000,4.17265301125e-05
5001000000,2.61400518216e-05
5012000000,-0.000156782589682
5021000000,-0.000156685026541
5032000000,-0.000152619865679
5037000000,-0.000145604493628
5051000000,-0.000136422853174
5063000000,-0.000376442583253
5071000000,-0.000348417727236
5076000000,-0.000318235622062
5077000000,-0.000287060817845
5102000000,-0.000616776782556
5110000000,-0.000566017075473
5117000000,-0.00051296763037
5127000000,-0.000459274952888
5141000000,-0.000835456508009
5149000000,-0.00076026380696
5160000000,-0.000683738020703
5160000000,-0.00060757779157
5181000000,-0.00106140792034
5191000000,-0.000961212041271
5197000000,-0.000860279330068
5198000000,-0.000761063015729
5222000000,-0.000665463143746
5231000000,-0.00114736738553
5238000000,-0.0010246728663
5238000000,-0.000904574943064
5238000000,-0.000789289084251
5272000000,-0.00134502984293
5279000000,-0.00120190618582
5279000000,-0.00106184088772
5300000000,-0.00565297020756
5310000000,-0.00524222064726
5321000000,-0.0048007054086
5331000000,-0.00434501751866
5341000000,-0.00607211174968
5352000000,-0.00547956721886
5359000000,-0.00488973298177
5370000000,-0.0043153541857
5380000000,-0.00474726301609
5391000000,-0.00416964874917
5400000000,-0.00362102058855
5411000000,-0.00310755395074
5423000000,-0.00248274604821
5431000000,-0.00205909158917
5441000000,-0.00167916203075
5447000000,-0.00134234097214
5460000000,-0.000497787272733
5470000000,-0.000275243195695
5481000000,-9.38095600574e-05
5481000000,5.113826948e-05
5501000000,0.000164093061692
5511000000,0.000249286609229
5520000000,0.0013404227369
5531000000,0.00131299932754
5542000000,0.00274886917975
5554000000,0.00258677272652
5560000000,0.00240086943389
5568000000,0.00220037418856
5577000000,0.00318838658081
5583000000,0.00291325444464
5597000000,0.00263072452523
5607000000,0.00354692287319
5627000000,0.00320000436694
5628000000,0.00285465070688
5635000000,0.00251826804533
5635000000,0.00219650827745
5637000000,0.00189349536589
5669000000,-0.000444971340097
5679000000,-0.000568928406914
5680000000,-0.00065427258205
5702000000,-0.00120254167776
5712000000,-0.00120184212441
5719000000,-0.0011748541134
5727000000,-0.00112768458673
5742000000,-0.000860503997151
5748000000,-0.000801992037309
5758000000,-0.000738418968625
5767000000,-0.000672311370647
5767000000,-0.000605703094177
5781000000,-0.000122480904471
5798000000,-8.65298259726e-05
5810000000,-5.67606280701e-05
5810000000,-3.26580183907e-05
5828000000,0.000542380177731
5837000000,0.000523789282923
5838000000,0.000496794220419
5851000000,0.000463794498199
5873000000,0.00106872713352
5875000000,0.000989261259565
5878000000,0.000903786281598
5897000000,0.000815582093904
5909000000,0.00148777660298
5917000000,0.00135243753417
5917000000,0.00121484771094
5939000000,0.00107859670963
5948000000,0.00181360106796
5960000000,0.00162992820986
5961000000,0.00144801862929
5981000000,0.00231357821565
5993000000,0.00207731933803
5998000000,0.00184395771967
6010000000,0.00161813757262
6018000000,0.0025884380558
6029000000,0.00231444487482
6038000000,0.00204599086909
6050000000,0.00178799699524
6061000000,0.00284153147027
6068000000,0.00253095442944
6077000000,0.0022289326881
6086000000,0.00194046434257
6102000000,0.00308035394475
6110000000,0.00274003426231
6118000000,0.00240994393806
6129000000,0.00209528369278
6140000000,0.0033476866132
6148000000,0.00298760745147
6158000000,0.0026363049276
6170000000,0.00387218636238
6180000000,0.00346286593297
6189000000,0.0030623140354
6196000000,0.00267765101747
6207000000,0.00231413771441
6222000000,0.00896986550252
6230000000,0.00821054193852
6235000000,0.00742814432137
6248000000,0.00664502894224
6261000000,0.00920960185863
6270000000,0.00825667517396
6282000000,0.00732081414482
6291000000,0.00641938828922
6300000000,0.00556534378533
6310000000,0.00574655429158
6318000000,0.00494873167649
6319000000,0.00420932067132
6339000000,0.00292923200718
6340000000,0.00235336493159
6364000000,0.00184713458496
6372000000,0.00140716096295
6379000000,-0.000563942367489
6390000000,-0.000790911442643
6395000000,-0.000951757818915
6406000000,-0.00105663924266
6422000000,-0.00111513870709
6431000000,-0.00290899774088
6441000000,-0.00278117722758
6450000000,-0.00261759903918
6457000000,-0.00482677609698
6463000000,-0.00447981741968
6475000000,-0.00410527781785
6488000000,-0.00371751617046
6490000000,-0.00549476549918
6501000000,-0.00497106560643
6514000000,-0.00444633799906
6531000000,-0.00393261170617
6538000000,0.00108023043622
6538000000,0.00128173914525
6541000000,0.0014128075381
6575000000,0.00148542362327
6581000000,0.00268559411653
6581000000,0.00260681949455
6604000000,0.0024872553948
6612000000,0.00221514292846
6624000000,0.00205339797162
6631000000,0.0018812515328
6641000000,0.00170465652986
6651000000,0.0015285323607
6660000000,-0.00821731442776
6670000000,-0.00779394049308
6679000000,-0.00728485204143
6692000000,-0.00671972596577
6698000000,-0.0128811177723
6712000000,-0.011848252444
6722000000,-0.0107679114682
6731000000,-0.0143250153519
6742000000,-0.0129858953097
6752000000,-0.0116387588403
6766000000,-0.0103160587206
6772000000,-0.00904156296528
6782000000,-0.0102029121675
6791000000,-0.00891704413816
6798000000,-0.00770323346876
6798000000,-0.00657338718704
6813000000,-0.00553514552912
6826000000,-0.00638048728037
6837000000,-0.0054358937678
6837000000,-0.00456944421215
6859000000,-0.00423305340523
6871000000,-0.00350146450144
6881000000,-0.00284591804095
6889000000,-0.00226507670535
6899000000,-0.00214135738417
6910000000,-0.00167639922666
6915000000,-0.0012718171851
6926000000,-0.000924082519482
6930000000,-0.000139035606899
6938000000,7.66083356868e-05
6938000000,0.000245154614364
6972000000,0.000372435652236
6978000000,0.000954015600392
6991000000,0.00098494089251
6999000000,0.000987423541986
6999000000,0.000967435201831
7016000000,0.000930144054076
7028000000,0.00181401085299
7037000000,0.00169857643359
7048000000,0.0015694041332
7061000000,0.00256318198761
7069000000,0.00236053441002
7078000000,0.00214778772389
7078000000,0.00193195592143
7097000000,0.00171856906668
7110000000,0.00257861539293
7120000000,0.00231420487026
7131000000,0.00210709653248
7141000000,0.0035384252927
7151000000,0.00318467562649
7161000000,0.00283436096342
7169000000,0.00331777540336
7182000000,0.00294558154073
7192000000,0.00258546650122
7199000000,0.00224405599644
7200000000,0.00192468594767
7221000000,0.00315500181693
7228000000,0.00279391766472
7238000000,0.00244641151777
7238000000,0.00211742832669
7239000000,0.00181005378499
7271000000,0.00232818424477
7282000000,0.00201868907476
7290000000,0.00290951850224
7302000000,0.00257274204275
7313000000,0.00224920920964
7319000000,0.00194344496292
7330000000,0.00165827489676
7340000000,0.00240459761729
7345000000,0.00210450932318
7355000000,0.00182026223034
7355000000,0.00155489144227
7378000000,0.00337736412305
7388000000,0.00302500934311
7388000000,0.00267894110618
7388000000,0.00234497618875
7415000000,0.00202961297696
7426000000,0.00349401489175
7468000000,0.00311427453692
7468000000,0.00239121685525
7468000000,0.00205852678917
7477000000,0.00174907521766
7491000000,0.00272426703092
7500000000,0.00238395055752
7511000000,0.00508398339337
7517000000,0.00459753936035
7528000000,0.00411052209202
7539000000,0.00363404212875
7547000000,0.00488842314554
7559000000,0.00435066836637
7559000000,0.00382939624529
7573000000,0.00333204811286
7588000000,0.0046415431468
7595000000,0.00409471135775
7598000000,0.00357147450038
7619000000,0.00394011137171
7629000000,0.00343445010466
7643000000,0.00295925793843
7643000000,0.00251782872842
7660000000,0.00287046551791
7670000000,0.00245795991964
7678000000,0.00207727157825
7690000000,0.0023024653847
7701000000,0.00195733558521
7711000000,0.00164144288804
7736000000,0.00135518840982
7736000000,0.00109869618267
7742000000,0.00134953733664
7748000000,0.00112425678155
7763000000,0.000921145635305
7772000000,0.00104779643149
7780000000,0.000871182536817
7787000000,0.000712204682417
7801000000,0.000570470521522
7811000000,0.000816496881415
7819000000,0.000687356306472
7832000000,0.000569839504168
7841000000,0.000464062348875
7843000000,0.000369779071441
7861000000,0.000287055296368
7872000000,0.000657864912064
7880000000,0.000569287304616
7887000000,0.00102187389679
7901000000,0.000911715819953
7908000000,0.000804212451424
7922000000,0.000701130502019
7931000000,0.00109158362236
7942000000,0.000970542043806
7951000000,0.000853120639334
7962000000,0.000741188976807
7971000000,0.000636139497032
7982000000,0.0011281992131
7986000000,0.00100023141762
8002000000,0.000876440176607
8011000000,0.00113720173946
8020000000,0.00100326674651
8030000000,0.000875022276349
8043000000,0.00075420909226
8048000000,0.000641968480179
8059000000,0.00115141028319
8072000000,0.00101869784301
8083000000,0.000891031978633
8090000000,0.00118000937329
8095000000,0.00104235401494
8109000000,0.000910459788841
8119000000,0.000786044715471
8130000000,0.000670616035519
8140000000,0.00107218067798
8147000000,0.000944834192025
8156000000,0.000823348286509
8169000000,0.000709081334419
8180000000,0.00101254986043
8189000000,0.000889881830874
8198000000,0.000773447877969
8211000000,0.00066490489827
8217000000,0.0008354129983
8231000000,0.000726299402502
8241000000,0.000624031519577
8248000000,0.000529530079233
8258000000,0.000886349507865
8272000000,0.000780204885366
8284000000,0.000679990934899
8292000000,0.000584581235936
8303000000,-0.000183529551306
8312000000,-0.000220448071178
8328000000,-0.00024453834104
8332000000,-0.000257942255215
8342000000,0.000724862612649
8349000000,0.000665087361673
8361000000,0.000601696519209
8371000000,0.000451544557322
8381000000,0.000395049175877
8391000000,0.000341785021257
8403000000,0.000292336608692
8410000000,0.000246973336211
8419000000,0.000206541825214
8428000000,0.000169800732101
8442000000,0.000887021558893
8452000000,0.00131210123074
8462000000,0.0012097885286
8472000000,0.00110221248528
8486000000,0.000992938663602
8493000000,0.000885165538599
8502000000,0.000780962743053
8512000000,0.00093544113847
8523000000,0.000824814978181
8534000000,0.000719418956049
8544000000,0.00062051456382
8552000000,0.000578215856886
8556000000,0.00049147703162
8557000000,0.000412914808071
8591000000,0.000370804119746
8597000000,0.00030521834156
8610000000,0.000247007803444
8628000000,0.000195899037389
8628000000,0.000151486837479
8633000000,0.000113494074775
8644000000,0.000123370078555
8653000000,9.33368349394e-05
8663000000,-0.000501727173747
8673000000,-0.000490193026494
8683000000,-0.000469745244236
8692000000,-0.000243506283173
8703000000,-0.000224504963741
8711000000,-0.000203633798854
8722000000,-0.000183104269684
8733000000,-0.000162547881856
8742000000,-0.000582988759486
8750000000,-0.000539197184989
8758000000,-0.00049249436636
8767000000,-0.000444310853678
8779000000,-0.000313234936083
8792000000,-0.000271333976274
8800000000,-0.000232205155938
8810000000,-0.000195706431855
8810000000,-0.00016219315753
8830000000,-0.00018380326909
8866000000,-0.000153515315836
8866000000,-0.000100700173969
8871000000,-7.86784672155e-05
8881000000,-0.000156048411875
8892000000,-0.00033777983632
8901000000,-0.000304161769852
8909000000,-0.000270454633457
8920000000,-0.000237430905367
8928000000,-0.000205666630324
8938000000,-0.00051523268258
8948000000,-0.000467562990862
8960000000,-0.000419084372898
8973000000,-0.000603322657182
8982000000,-0.000543277665881
8989000000,-0.000483363514781
9002000000,-0.000424975763084
9011000000,-0.000369446387884
9021000000,-0.000317010027464
9030000000,-0.000625056740762
9040000000,-0.000556642005012
9051000000,-0.000490021689981
9058000000,0.00149610674098
9068000000,0.00144060653197
9081000000,0.00136461892829
9090000000,0.00127461985085
9100000000,0.00120793362251
9112000000,0.00218751242351
9122000000,0.00200885295493
9127000000,0.00182377169626
9139000000,0.00179981062932
9151000000,0.00160592784566
9161000000,0.00141797924577
9171000000,-0.00361435788261
9180000000,-0.00351613783386
9191000000,-0.00336107697347
9197000000,-0.00316306959164
9210000000,-0.00293572248411
9220000000,-0.00607740994906
9229000000,-0.00560642490489
9242000000,-0.00510904955307
9246000000,-0.00460219979293
9259000000,-0.00409921605299
9268000000,-0.00547020116127
9284000000,-0.00488474031602
9292000000,-0.00431395550099
9302000000,-0.0051167660458
9312000000,-0.00451420717892
9322000000,-0.00393790008615
9322000000,-0.00339514226533
9343000000,-0.00289101776785
9352000000,-0.00287918614517
9362000000,-0.00243450019056
9371000000,-0.00210230972029
9383000000,-0.00173201368475
9392000000,-0.00140110528512
9401000000,-0.00110862144039
9409000000,-0.000853012251691
9419000000,-0.000528467994023
9419000000,-0.000347000831352
9441000000,-0.000196442420689
9450000000,0.000804132219787
9461000000,0.000855828105885
9468000000,0.000877671012042
9476000000,0.000875466011404
9489000000,0.000854357879547
9501000000,0.000795613303672
9515000000,0.000750292298493
9523000000,0.000698288366812
9531000000,0.000641987484452
9541000000,0.00115858327625
9550000000,0.00106266690773
9562000000,0.000963427345726
9571000000,0.000863814205343
9580000000,0.000845069031757
9593000000,0.000746098997876
9600000000,0.000651691311194
9614000000,0.000562796622122
9621000000,0.0020757554289
9631000000,0.00190649169957
9641000000,0.00173040329838
9651000000,0.00155301380498
9661000000,0.00137854313401
9670000000,0.000720859631967
9678000000,0.000591870469126
9689000000,0.000261954544882
9701000000,0.000172625338009
9712000000,9.84177216959e-05
9719000000,3.7836706916e-05
9734000000,-1.05533197051e-05
9740000000,-0.000252652236503
9746000000,-0.000268423170952
9757000000,-0.000274933493616
9772000000,-0.000274062556026
9782000000,0.00290316508389
9793000000,0.0027399290375
9799000000,0.0025513859739
9811000000,0.00395931202895
9821000000,0.00365160252302
9828000000,0.00332703863752
9840000000,0.00299661449927
9850000000,0.00373185701784
9859000000,0.00335304829425
9872000000,0.00297952502832
9882000000,0.00261871404098
9889000000,0.00160942520434
9903000000,0.00132649676305
9913000000,0.00107370766541
9920000000,0.000850398456852
9931000000,0.00114420534305
9941000000,0.000947924341988
9952000000,0.000772613052809
9959000000,0.000615876105754
9971000000,0.000478608185293
9980000000,-0.000256606135797
9990000000,-0.000317380636457
9997000000,-0.000358213560645
9997000000,-0.000382301721317
10022000000,-0.000656694421273
10028000000,-0.000640540191315
10039000000,-0.000613414549924
10039000000,-0.000578228524152
10060000000,-0.00133629940081
10069000000,-0.00124633627096
10078000000,-0.00114750270489
10084000000,-0.00104312820739
10099000000,-0.00174309809545
10107000000,-0.00159368145293
10113000000,-0.00144001881858
10124000000,-0.00128647375847
10124000000,-0.00113646116178
10151000000,-0.00185407430638
10161000000,-0.00166067511816
10170000000,-0.00486066915954
10181000000,-0.00447506619283
10190000000,-0.00407057412977
10199000000,-0.00366043547606
10211000000,-0.00325502183543
10219000000,-0.00488258672174
10230000000,-0.00437683807031
10240000000,-0.00387925211402
10251000000,-0.00583769068977
10260000000,-0.00525075387719
10265000000,-0.0046710887278
10278000000,-0.00410948033982
10279000000,-0.00357468863633
10279000000,-0.00356900475113
10311000000,-0.00307338506327
10319000000,-0.00261476927884
10319000000,-0.00219468212019
10319000000,-0.00181417691262
10319000000,-0.001473495051
10359000000,-0.00225825283213
10368000000,-0.00193343529034
10380000000,-0.00163358988627
10380000000,-0.00136053624679
10408000000,-0.00144955702221
10411000000,-0.0012091340002
10419000000,-0.00135799647186
10419000000,-0.00114043380264
10419000000,-0.000943281998137
10451000000,-0.00133218382459
10463000000,-0.00114298114404
10472000000,-0.000968573887303
10483000000,-0.000809169774455
10492000000,-0.00116120836224
10502000000,-0.00100543794231
10512000000,-0.000860209163384
10520000000,-0.000726300883718
10532000000,-0.00113947914199
10540000000,-0.000997106498591
10548000000,-0.000862313536447
10549000000,-0.000736605580259
10549000000,-0.000620905443208
10549000000,-0.000515685989227
10549000000,-0.000421057200472
10549000000,-0.000336822927253
10549000000,-0.000747985863926
10621000000,-0.000656596153407
10631000000,-0.00116511900139
10641000000,-0.00104408925446
10649000000,-0.000925220285516
10666000000,-0.000810683376813
10667000000,-0.000702247252115
10677000000,-0.00116873929213
10693000000,-0.00104195707381
10704000000,-0.000918558929195
10713000000,-0.00124250714444
10714000000,-0.0011032765569
10750000000,-0.00096870374628
10750000000,-0.000840992773823
10754000000,-0.000721883077706
10762000000,-0.0013106627817
10772000000,-0.00116577480028
10785000000,-0.00102542166951
10793000000,-0.00143791200655
10802000000,-0.00128199370766
10817000000,-0.00113041990886
10817000000,-0.000986370154004
10817000000,-0.000849743053957
10817000000,-0.000723015658187
10845000000,-0.000606936398339
10861000000,-0.00123401954987
10870000000,-0.00109696402759
10880000000,-0.00174521125118
10885000000,-0.00157032393824
10902000000,-0.0021123627151
10912000000,-0.00189771140636
10919000000,-0.00168616675587
10929000000,-0.00148173708045
10942000000,-0.00154867475726
10953000000,-0.00135000270057
10962000000,-0.00116472871291
10969000000,-0.000991389927499
10981000000,-0.000759182920509
10991000000,-0.000620129171261
10998000000,-0.000496720225495
11010000000,-0.00104249759877
11026000000,-0.0009074010409
11026000000,-0.000781597826135
11045000000,-0.000665345968425
11053000000,0.00088013546918
11073000000,0.000895017206238
11080000000,0.000886529090056
11081000000,0.000859794357308
11096000000,-0.000560526898063
11100000000,-0.000535311459903
11116000000,-0.000505513983859
11127000000,-0.000468314296099
11127000000,-0.00042905634569
11147000000,-0.000388616229062
11154000000,-0.000348276364199
11175000000,-3.88022825113e-05
11175000000,-1.6684835825e-05
11205000000,-9.53304895438e-07
11205000000,2.46694169917e-05
11205000000,-0.00104971528602
11205000000,-0.000984709014793
11205000000,-0.000912008945599
11205000000,-0.000834390863378
11252000000,-0.00144380154354
11252000000,-0.00132322494035
11269000000,-0.0016661384528
11276000000,-0.00151479868999
11278000000,-0.00136168734426
11292000000,-0.00140845754592
11309000000,-0.00125121565902
11317000000,-0.0011011785453
11317000000,-0.000957143470022
11336000000,-0.000343245607042
11348000000,-0.00024515615374
11358000000,-0.000162688475107
11359000000,-9.43609861868e-05
11359000000,-0.000479301658845
11391000000,-0.000407669841873
11398000000,-0.000343853593734
11410000000,-0.000283970248567
11423000000,0.000860479309345
11429000000,0.000838716927619
11443000000,0.000802484690894
11450000000,-2.64741892367e-05
11460000000,-3.68931128665e-05
11472000000,-4.60192000462e-05
11480000000,-5.10928283855e-05
11487000000,-5.44024881642e-05
11502000000,0.00349170769292
11511000000,0.00325927510393
11518000000,0.00300270724522
11528000000,0.00273300449738
11541000000,0.00403562558545
11549000000,0.00365924404564
11560000000,0.00328039700892
11569000000,0.00290789483647
11581000000,0.00357309684665
11589000000,0.00316837554615
11595000000,0.00277820628084
11610000000,0.00240796617963
11621000000,0.00241423224217
11625000000,0.00207416702933
11632000000,0.00175921524466
11646000000,0.00147124512918
11660000000,0.0013129333149
11667000000,0.00107417301761
11680000000,0.000861727306248
11691000000,0.000415485243696
11705000000,0.000268289978333
11711000000,0.000145904750149
11722000000,4.58621901985e-05
11732000000,-3.43395736167e-05
11741000000,-0.000365907916726
11749000000,-0.000395834576946
11759000000,-0.000410877102878
11769000000,-0.000413864344589
11780000000,-0.000796399330409
11791000000,-0.00076064397242
11800000000,-0.000715646207868
11814000000,-0.000869104828423
11817000000,-0.0008015184881
11825000000,-0.000730377316046
11841000000,-0.000658364476646
11851000000,-0.00104102604825
11862000000,-0.000945367125794
11872000000,-0.000849081972644
11886000000,-0.000754407650533
11892000000,-0.000663137267069
11901000000,-0.000600271974819
11912000000,-0.000517465212395
11918000000,-0.000441403761458
11929000000,-0.000371697655993
11937000000,-0.000590467720585
11949000000,-0.000517479466738
11960000000,-0.000448569200054
11968000000,-0.000384418881587
11980000000,-0.000349297716337
11991000000,-0.000294297325825
12001000000,-0.000244504001369
12010000000,-0.000199928157772
12016000000,-0.000160498817085
12025000000,-0.000125971890744
12039000000,-9.61310256297e-05
12051000000,-0.000211694746764
12061000000,-0.000219061320715
12070000000,-0.000188820595656
12079000000,-0.000160832814007
12079000000,-0.000135332879269
12079000000,-0.000112302796813
12079000000,-0.000142747112328
12124000000,-0.000121608649408
12124000000,-0.00010220613992
12134000000,-0.000124887955083
12144000000,-0.000107363779217
12164000000,-9.13213193737e-05
12164000000,-7.67539312769e-05
12171000000,-6.3745984176e-05
12188000000,0.000758876436403
12202000000,0.000721035634632
12210000000,0.000673969525693
12218000000,0.000621813339295
12227000000,0.000438261316633
12240000000,0.000390375403808
12249000000,0.0010459044106
12256000000,0.000962128108498
12270000000,0.000875063759535
12281000000,0.000785957743438
12291000000,0.000698087441573
12300000000,0.000689033716111
12309000000,0.000603281717193
12317000000,0.00052210258498
12330000000,0.000725311486919
12337000000,0.000638345501777
12352000000,0.000554620767773
12364000000,0.000476197671057
12384000000,0.000403712261749
12384000000,0.000337459393011
12396000000,0.000277641016812
12396000000,0.00022420149706
12412000000,0.000160157906933
12433000000,0.000120307865415
12433000000,8.57638007749e-05
12442000000,9.42800981675e-05
12453000000,-3.005558652e-05
12464000000,-4.63234603419e-05
12472000000,-5.81298849792e-05
12482000000,-6.61569623909e-05
12495000000,-7.07074035123e-05
12495000000,-7.31080987969e-05
12512000000,-0.000191600324602
12522000000,-0.000182983570235
12526000000,-0.000350744929438
12541000000,-0.000327568779218
12549000000,-0.000301956627536
12560000000,-0.000274779906722
12564000000,-0.000247509325345
12582000000,-0.00061158765539
12588000000,-0.000560694202216
12600000000,-0.000508014548424
12612000000,-0.000455091680952
12621000000,-0.000403145550031
12632000000,-0.000437726225594
12642000000,-0.000384877008468
12652000000,-0.000483858362995
12662000000,-0.000427808594738
12674000000,-0.000374000957751
12696000000,-0.000323173741283
12696000000,-0.000275786352081
12705000000,-0.000232195259174
12712000000,-0.000371026278469
12721000000,-0.000324467502587
12731000000,-0.00028041889536
12740000000,-0.000239344273041
12752000000,-0.000305689800067
12760000000,-0.000264474446153
12768000000,-0.000225966989264
12782000000,-0.000190701577659
12792000000,-0.000433377191776
12799000000,-0.00038699715803
12809000000,-0.000341682539471
12819000000,-0.000485892078097
12831000000,-0.000434100383377
12841000000,-0.000383424744765
12851000000,-0.000335088595886
12862000000,-0.000575692796284
12872000000,-0.000514917258314
12873000000,-0.000455394935675
12891000000,-0.000464742816939
12900000000,-0.000406557609654
12913000000,-0.000351426869748
12922000000,-0.00030018669431
12930000000,-0.000542473745494
12942000000,-0.000480762791346
12951000000,-0.000421284691367
12973000000,-0.000364863001202
12980000000,-0.000263424555123
12992000000,-0.000416950236227
13014000000,-0.000364194724769
13014000000,-0.000313897039186
13014000000,-0.000267157116275
13030000000,-0.000149739735693
13040000000,-0.000115266145495
13052000000,-0.000478934416809
13063000000,-0.00043179478197
13098000000,-0.000385341436298
13098000000,-0.000339617871952
13098000000,-0.000295840188472
13102000000,-0.000359452764892
13110000000,-0.000314998219246
13119000000,-0.000272758466011
13132000000,-0.000233193969396
13139000000,-0.000205266702671
13152000000,-0.000169449733129
13160000000,-0.000137131376746
13170000000,-0.00063870605356
13182000000,-0.000583795526842
13192000000,-0.000527430661716
13200000000,-0.000471104679346
13211000000,-0.000416324142404
13219000000,-0.000664930512769
13231000000,-0.000597847243869
13237000000,-0.000531541170199
13250000000,-0.000467300022212
13260000000,-0.000544581589197
13270000000,-0.000479014914575
13281000000,-0.000416515970373
13291000000,-0.00035822733335
13301000000,-0.000303791797062
13307000000,-0.000254007196939
13308000000,-0.000438982404039
13316000000,-0.000383420614047
13341000000,-0.000330904936177
13351000000,-0.00045445759009
13362000000,-0.000398298367965
13371000000,-0.000344842607548
13388000000,-0.000361970376217
13394000000,-0.000312130223781
13394000000,-0.000265776847929
13411000000,-0.000223208029608
13422000000,-0.000282490034437
13428000000,-0.000241807566912
13443000000,-0.000204310342404
13452000000,-0.000169951344299
13462000000,-0.000134819798757
13471000000,2.73189200673e-05
13480000000,4.23385756853e-05
13492000000,5.33333068205e-05
13501000000,6.08633770124e-05
13511000000,-8.95692793328e-05
13520000000,-7.74000834327e-05
13529000000,-6.60326333672e-05
13538000000,-4.65062695789e-05
13549000000,-3.7525093082e-05
13557000000,-2.95320039961e-05
13570000000,-2.25142211246e-05
13578000000,-0.000123459806964
13591000000,-0.000111771860022
13600000000,-9.9987953436e-05
13609000000,-8.84411272068e-05
13620000000,-7.73625625625e-05
13630000000,-4.14035432619e-05
13639000000,-3.31244331118e-05
13646000000,-2.59108589585e-05
13662000000,-1.97103984634e-05
13672000000,0.000236222266159
13680000000,0.000226096493468
13691000000,0.000146764291082
13699000000,0.00013568034457
13706000000,0.000123930847816
13729000000,0.000111901109595
13741000000,9.97536408116e-05
13741000000,8.80231668319e-05
13752000000,1.39146297869e-05
13758000000,7.1786360536e-06
13771000000,6.90719083937e-05
13779000000,6.07459717172e-05
13790000000,5.28161738818e-05
13801000000,4.52481144842e-05
13813000000,3.82652192388e-05
13822000000,8.43454858493e-05
13832000000,7.52743452605e-05
13838000000,6.63798200975e-05
13847000000,5.78713436343e-05
13858000000,0.000163324775111
13874000000,0.000148840692795
13879000000,0.000134001146051
13882000000,0.000119296116761
13902000000,0.000104986686583
13903000000,0.000221586625225
13921000000,0.000200035993416
13933000000,0.000267233704959
13937000000,0.000240710451734
13950000000,0.000214212655775
13960000000,0.00018853874545
13971000000,0.000276494611218
13981000000,0.00024726262625
13993000000,0.000218649324111
14002000000,0.000191170415695
14012000000,0.000224992015766
14023000000,0.000197116273893
14028000000,0.000170725039009
14035000000,0.000146049704959
14061000000,0.00012326077675
14076000000,0.000102464092146
14080000000,0.000171123315924
14095000000,0.000148649531087
14095000000,0.00012750469085
14100000000,0.000146749377737
14112000000,0.00012655534397
14120000000,0.000107742726656
14120000000,0.000185150191009
14141000000,0.00016424958851
14148000000,0.000144082500734
14162000000,0.000124953341695
14171000000,8.7318013944e-05
14181000000,7.17971306941e-05
14192000000,5.78987176185e-05
14201000000,4.557494168e-05
14208000000,3.4777445281e-05
14220000000,0.000148045310108
14231000000,0.000132123663104
14242000000,0.000116418280026
14262000000,0.000101428114701
14262000000,8.72982654657e-05
14262000000,6.20413513557e-05
14305000000,5.10900381229e-05
14305000000,4.12927772496e-05
14313000000,0.000144254376681
14323000000,0.000223266330189
14344000000,0.000203098090416
14344000000,0.000182597420439
14354000000,0.000162271523094
14365000000,0.000265811292818
14402000000,0.00023935892438
14402000000,0.000163043807118
14432000000,0.000140119420232
14432000000,0.000118836254877
14444000000,9.93724208271e-05
14444000000,0.000216825094661
14457000000,0.000192227132279
14484000000,0.0001684182727
14484000000,0.000124838882431
14498000000,0.000105621881999
14501000000,0.00011082851942
14512000000,9.4107642413e-05
14521000000,0.000135595554764
14526000000,0.000118072560512
14542000000,-0.00440385367551
14551000000,-0.00414811059935
14562000000,-0.00385357798285
14571000000,-0.00353509573621
14571000000,-0.00251900081163
14589000000,-0.00222902954744
14597000000,-0.00195065929506
14612000000,-0.00168737143532
14616000000,-0.00106673941148
14631000000,-0.000863511680647
14640000000,-0.000683925966377
14650000000,-0.000526935270334
14650000000,-0.000296480272673
14669000000,-0.00018670984073
14679000000,-9.57979339269e-05
14679000000,-2.18693443336e-05
14679000000,3.70015719115e-05
14680000000,-0.00123277960454
14715000000,-0.00112310750105
14715000000,-0.00101142755565
14740000000,-0.00165640396596
14748000000,-0.00150768252614
14759000000,-0.00135669639457
14760000000,-0.00120729678189
14778000000,-0.000731163586379
14789000000,-0.000612253091415
14802000000,-0.00050480047121
14802000000,-0.000408838072227
14817000000,-0.000324199405867
14832000000,0.000109565665388
14840000000,0.000150951490079
14850000000,0.000703592851938
14861000000,0.000691085048632
14871000000,0.000665759726115
14880000000,0.00063087857358
14891000000,0.00103758962311
14901000000,0.000962190647937
14911000000,0.000881200109435
14919000000,0.000797585408954
14932000000,0.00123824232924
14942000000,0.00112608212307
14955000000,0.00101243130791
14961000000,0.000900082274382
14974000000,0.000791252540434
14983000000,0.000687762522462
14993000000,0.000984671572672
15007000000,0.000868618530227
15016000000,0.00075761387268
15024000000,0.00118190310199
15037000000,0.0010559309633
15047000000,0.000932822830707
15052000000,0.00129569126349
15064000000,0.00115812914841
15073000000,0.00102372158292
15082000000,0.000894748674326
15093000000,0.00117315692437
15102000000,0.00103422603252
15112000000,0.000901337603401
15122000000,0.000776407537824
15126000000,0.000660464790615
15141000000,0.000554186425103
15149000000,0.000457878703621
15159000000,0.000714894718836
15168000000,0.000615682296435
15179000000,0.000523505299815
15186000000,0.000713534234977
15186000000,0.000620209096451
15210000000,0.000784850974092
15219000000,0.000689338833553
15225000000,0.000598547237761
15241000000,0.000513530068186
15251000000,0.000434900229565
15260000000,0.000363026349366
15270000000,0.000440665372981
15297000000,0.000375057783975
15297000000,0.000314845914718
15300000000,0.000260254686418
15317000000,0.000370667822686
15325000000,0.000317766833873
15354000000,0.000268732926572
15354000000,0.000183825490604
15367000000,0.000147888611835
15377000000,0.000116165952362
15382000000,0.000140690337953
15389000000,0.000217590215328
15403000000,0.000186902894419
15403000000,0.000158547658472
15403000000,0.000132610308727
15440000000,0.000109145902123
15455000000,8.81329267239e-05
15455000000,6.95879189743e-05
15463000000,0.000139617820916
15472000000,0.00011396355821
15482000000,9.63294422266e-05
15490000000,-0.000474936449054
15495000000,-0.000453843428694
15510000000,-0.000427113683094
15521000000,-0.00039650813816
15531000000,-0.000455653364237
15538000000,-0.000416006691747
15541000000,-0.000375611900216
15561000000,-0.000335290259245
15566000000,-0.000240405122937
15577000000,-0.000206289321211
15587000000,-0.000174819545018
15600000000,-0.000146083250123
15612000000,-3.15699131673e-05
15622000000,-1.39482448759e-05
15631000000,3.3764969143e-07
15641000000,1.15866182154e-05
15650000000,2.0181395885e-05
15660000000,0.000119201958091
15668000000,0.000118155938397
15680000000,0.000114713221395
15692000000,0.000109320763355
15700000000,0.00019025868637
15710000000,0.000177253939771
15720000000,0.000163046540774
15729000000,0.000236767996028
15742000000,0.000216577914727
15750000000,0.000195871047997
15762000000,0.000175148288094
15771000000,0.000232826451675
15780000000,0.000208368956933
15792000000,0.000184460817796
15802000000,0.00016150738501
15812000000,9.94611906139e-05
15818000000,8.18622110859e-05
15830000000,6.62028015606e-05
15839000000,5.22511946262e-05
15846000000,4.02508800059e-05
15855000000,2.99370047144e-05
15871000000,9.02088031607e-06
15881000000,2.46464358777e-06
15890000000,-2.66475581884e-06
15899000000,-0.000161326719271
15908000000,-0.000155308269291
15921000000,-0.000146922299362
15929000000,-0.000136956769731
15940000000,-0.00021778012279
15949000000,-0.000200761810291
15961000000,-0.000182752198263
15971000000,-0.000164378022865
15976000000,-0.000146307761987
15988000000,-0.00012867444887
15997000000,-0.000312886409605
16008000000,-0.000284147762906
16009000000,-0.000255103129994
16029000000,-0.000377996977566
16045000000,-0.000341313286186
16051000000,-0.000304798925299
16061000000,-0.000440602927247
16067000000,-0.000396292126199
16079000000,-0.000352432630484
16090000000,-0.000309934678504
16099000000,-0.000269427615506
16110000000,-0.000320245740026
16119000000,-0.000279235868954
16134000000,-0.000240735820808
16141000000,-0.00036348680267
16150000000,-0.000320367280614
16160000000,-0.000279155678793
16162000000,-0.000320904470254
16174000000,-0.000280125298208
16184000000,-0.000241639622848
16200000000,-0.000206019952968
16211000000,-0.000175965950878
16219000000,-0.000145934121805
16227000000,-0.000118934768043
16237000000,-9.4955274648e-05
16237000000,-7.38248074239e-05
16261000000,-0.000182696725678
16276000000,-0.000159546339372
16290000000,-0.000137638562187
16290000000,-0.000117173691544
16299000000,0.000474066981379
16308000000,0.000453752845038
16323000000,0.00042767995878
16332000000,0.000526537779921
16347000000,0.000486960969573
16352000000,0.000444851784082
16360000000,0.00040188862053
16374000000,0.000359113553175
16383000000,0.000317430541014
16393000000,0.000243695327472
16402000000,0.000208207153055
16410000000,0.000175663047812
16421000000,6.31554511609e-05
16431000000,4.14586368069e-05
16439000000,2.35244063206e-05
16455000000,-8.64861837818e-05
16462000000,-9.19994329125e-05
16473000000,-9.41541966247e-05
16484000000,-9.36397875537e-05
16492000000,-9.12068893635e-05
16509000000,-8.70898737669e-05
16529000000,-8.17730710494e-05
16529000000,-7.56606931209e-05
16536000000,-6.90897164181e-05
16539000000,-0.000326093012474
16550000000,-0.000303960217426
16560000000,-0.000279717997573
16570000000,-0.000407082591633
16583000000,-0.00037161529801
16592000000,-0.000335260876096
16600000000,-0.000299047894098
16614000000,-0.000432985232187
16625000000,-0.000389425670149
16632000000,-0.000346332602461
16643000000,-0.000304671520067
16650000000,-0.000264824476959
16662000000,-0.000417288876898
16679000000,-0.000370488847511
16685000000,-0.000325248490255
16692000000,-0.000288350253903
16702000000,-0.000445433022713
16717000000,-0.000394797978953
16723000000,-0.000345871858758
16732000000,-0.000299496442815
16743000000,-0.000465743574587
16752000000,-0.000412151477546
16758000000,-0.000360590649482
16772000000,-0.000311814388459
16781000000,-0.00049118065204
16792000000,-0.000435300524231
16800000000,-0.000381431699196
16812000000,-0.000330394755728
16822000000,-0.000505501498181
16832000000,-0.00044759660184
16841000000,-0.000391884801872
16850000000,-0.00033923216422
16854000000,-0.000506568234391
16871000000,-0.000447455128707
16874000000,-0.000390830001723
16888000000,-0.000337457644797
16901000000,-0.000933606592944
16911000000,-0.000850115122241
16920000000,-0.000765286774284
16938000000,-0.000681469830363
16938000000,-0.000600063583243
16952000000,-0.000831855339205
16960000000,-0.000739652795972
16974000000,-0.000650484269631
16987000000,-0.00056564717633
16998000000,-0.00047738690015
17006000000,-0.00040454564742
17012000000,-0.000338086490867
17022000000,-0.000139191779201
17036000000,-9.41560827854e-05
17041000000,-5.66536735696e-05
17053000000,0.000239095868082
17064000000,0.000248703346962
17070000000,0.000250572227484
17081000000,0.000246313163527
17092000000,0.000237413435651
17092000000,0.000224992981628
17109000000,0.000552365921402
17118000000,0.000514791220796
17118000000,0.000473595907347
17119000000,0.000730072898519
17149000000,0.000669034289684
17159000000,0.000605946626445
17170000000,0.000542560492382
17179000000,-0.000260210306615
17188000000,-0.000278772694031
17192000000,-0.000287156531962
17211000000,-0.0002874169314
17220000000,-0.000505393361946
17227000000,-0.000481625369185
17232000000,-0.00045224984682
17232000000,-0.000419137047442
17234000000,-0.000383841865813
17272000000,-0.000320387383237
17275000000,-0.000285896483067
17287000000,-0.000252597032556
17309000000,-0.000116314029723
17316000000,-9.29234069862e-05
17324000000,-7.26000108358e-05
17331000000,-5.51816641286e-05
17341000000,9.83201032066e-05
17351000000,0.000102043569154
17362000000,0.000102448051859
17371000000,0.000100219190592
17382000000,9.60610469809e-05
17391000000,9.0417244606e-05
17402000000,0.000280885210645
17410000000,0.000260891194538
17420000000,0.000535556087443
17433000000,0.000496659809918
17441000000,0.000454555191411
17452000000,0.000665211339901
17461000000,0.000606938109643
17468000000,0.000547178785187
17481000000,0.000487601752937
17488000000,0.000429562641689
17500000000,0.000698251982276
17515000000,0.00062498897448
17528000000,0.000553118572647
17528000000,0.000483873893519
17542000000,0.000788770834161
17554000000,0.000704677542639
17557000000,0.00062245665893
17557000000,0.00054357687309
17580000000,0.000908911092816
17591000000,0.000814813578894
17600000000,0.000722186826392
17600000000,0.000632809166048
17600000000,0.000547966285974
17600000000,0.000468661541357
17641000000,0.000395527446441
17652000000,0.00123990246522
17661000000,0.00112388934674
17668000000,0.00100714651798
17679000000,0.000892415135958
17693000000,0.000781824498305
17699000000,0.000676995086423
17709000000,0.000579116522638
17719000000,0.000488916614398
17729000000,0.000406544376184
17741000000,0.00159269413543
17752000000,0.00145070202909
17764000000,0.00130614349244
17770000000,0.0011628419825
17779000000,0.00328468337064
17792000000,0.00302260329564
17792000000,0.00274810343507
17809000000,0.00247026608656
17809000000,0.00219599177947
17838000000,0.00193065284805
17854000000,0.00266810436308
17854000000,0.0023735710557
17860000000,0.00265731877263
17873000000,0.00235399051642
17883000000,0.00206221599448
17893000000,0.00147928307039
17902000000,0.00124075555187
17916000000,0.0010250775306
17917000000,0.00083229717175
17931000000,0.000661923054042
17942000000,-0.000118135453555
17949000000,-0.000204985577
17962000000,-0.000268553025455
17972000000,-0.00110066251563
17980000000,-0.00108290503879
17990000000,-0.00104445674354
18002000000,-0.000990519064982
18012000000,-0.00189218992337
18023000000,-0.00175843801199
18030000000,-0.00161327597267
18042000000,-0.00146251539524
18050000000,-0.00131072086168
18061000000,-0.00116152236445
18070000000,-0.00101762900835
18083000000,-0.00169516784185
18083000000,-0.00151574018757
18083000000,-0.00133999813577
18083000000,-0.00117118058005
18083000000,0.000495288410676
18129000000,0.000561556804013
18129000000,0.000601736611376
18151000000,0.00152641230683
18151000000,0.00146698120856
18151000000,0.00138769323463
18151000000,0.00129461510378
18173000000,0.00119269259368
18197000000,0.000777829742148
18211000000,0.000690453431713
18217000000,0.00011804022695
18231000000,6.86979904437e-05
18242000000,2.86074520845e-05
18252000000,-1.39211931838e-05
18262000000,-0.000399878753948
18270000000,-0.000393230512279
18281000000,-0.000378719988585
18289000000,-0.000839086313669
18299000000,-0.000786987971557
18300000000,-0.000728010927622
18321000000,-0.000664557190973
18326000000,-0.00119948541011
18341000000,-0.00109478021266
18349000000,-0.000987262717423
18362000000,-0.000879864127846
18371000000,-0.000775050276236
18380000000,-0.0013979130401
18391000000,-0.00125876279709
18400000000,-0.00112032588595
18404000000,-0.000985596488156
18417000000,-0.000856841144173
18430000000,-0.00159668273628
18440000000,-0.00143013675469
18451000000,-0.00126649576348
18460000000,-0.0020783713582
18470000000,-0.00186515792932
18479000000,-0.00165481810871
18479000000,-0.0014514825837
18479000000,-0.00125820407752
18480000000,-0.00221444282926
18515000000,-0.00198504891096
18533000000,-0.00175960225336
18537000000,-0.00271548251911
18545000000,-0.00243833489347
18564000000,-0.00216483306893
18573000000,-0.00190036461579
18582000000,-0.00278715340131
18589000000,-0.00248483416795
18598000000,-0.0021906807915
18598000000,-0.0019092713583
18598000000,-0.00164427671529
18598000000,-0.00139820077224
18639000000,-0.00740783661397
18649000000,-0.00678816377096
18661000000,-0.0115137225241
18669000000,-0.010563610314
18680000000,-0.0095780335215
18690000000,-0.00858668381947
18701000000,-0.00761310039025
18711000000,-0.00702657687407
18718000000,-0.00611563302455
18732000000,-0.00479989306503
18739000000,-0.00403571870032
18752000000,-0.00334369245204
18760000000,-0.00272386217785
18769000000,-0.00217497613402
18775000000,-0.00169437468378
18792000000,0.00692191529095
18799000000,0.00676333007222
18800000000,0.00648638198062
18814000000,0.0119902962673
18831000000,0.0112129329821
18837000000,0.010348516848
18837000000,0.00943485675545
18864000000,0.00850282136845
18864000000,0.00449089238224
18875000000,0.00377239643589
18889000000,0.00178003094863
18901000000,0.00127061895503
18907000000,0.000839932648298
18921000000,0.000480728402468
18925000000,9.81031156009e-05
18935000000,-0.000134621683842
18948000000,-0.000315930920316
18955000000,-0.000452645277133
18966000000,-0.000551519705774
18967000000,-0.000618202734131
18987000000,-0.000137314479012
19000000000,-0.000189897551042
19011000000,0.000623315210627
19019000000,0.000550552835918
19031000000,0.000480054872193
19039000000,0.000412347850631
19048000000,0.000348528625047
19060000000,0.000289158884223
19070000000,0.000234601642354
19075000000,0.00131881170333
19089000000,0.0012111303411
19098000000,0.00109810102634
19111000000,0.000983099683642
19119000000,0.0025211886782
19129000000,0.00231135683717
19141000000,0.00356105810707
19151000000,0.00326048235285
19152000000,0.00294957407633
19181000000,0.00263750401422
19181000000,0.00233137429617
19192000000,0.0036991995972
19202000000,0.00332236765595
19208000000,0.00499664050739
19220000000,0.00451274580376
19232000000,0.00402922265975
19246000000,0.00355697909283
19268000000,0.00310426106784
19268000000,0.00267664523591
19272000000,0.00227860991147
19292000000,0.00417218224079
19292000000,0.00369234312586
19301000000,0.00631333842428
19310000000,0.00567876468324
19324000000,0.0050508492787
19331000000,0.00444178827216
19342000000,0.00605144085974
19351000000,0.00536094338529
19362000000,0.00469591758726
19371000000,0.00406591003354
19381000000,0.00604598107803
19389000000,0.00535692413368
19400000000,0.00469309680005
19409000000,0.00680900792323
19417000000,0.00607182985206
19428000000,0.00535473596948
19436000000,0.00466926623965
19445000000,0.00402420372544
19467000000,0.00349449037065
19467000000,0.00550035855722
19467000000,0.00484668193036
19467000000,0.00422311777669
19467000000,0.00363723848783
19508000000,0.00568453379556
19519000000,0.00501825148927
19531000000,0.00670929509828
19538000000,0.00597931887722
19542000000,0.00527009373443
19558000000,0.00459363745307
19569000000,0.00395810573178
19584000000,0.00336908187259
19595000000,0.00616217537979
19601000000,0.00547893584648
19612000000,0.00439271299959
19621000000,0.00378992036484
19634000000,0.00323107902569
19641000000,0.00271928621924
19650000000,0.00225609037254
19662000000,-0.00180845754898
19669000000,-0.00193209499574
19681000000,-0.00198519744611
19691000000,-0.00660737977685
19702000000,-0.00630057618574
19713000000,-0.00591583580138
19721000000,-0.00547881111436
19727000000,-0.00966530520565
19743000000,-0.00890287187565
19749000000,-0.00810131851979
19765000000,-0.00728723965042
19767000000,-0.00648092724893
19782000000,-0.00993383602901
19794000000,-0.00892804004724
19801000000,-0.00793391309435
19818000000,-0.011136770177
19822000000,-0.00995914220836
19832000000,-0.00880692830804
19841000000,-0.00770022946152
19851000000,-0.0147678769236
19859000000,-0.274211562998
19859000000,-0.255443188003
19859000000,-0.234938549676
19859000000,-0.213525050841
19897000000,-0.19187549258
19905000000,-0.598677011738
19921000000,-0.5506426667
19929000000,-0.500477399419
19940000000,-0.923579336209
19948000000,-0.846400343208
19958000000,-0.766643129497
19970000000,-0.686654971281
19983000000,-1.04583640878
19984000000,-0.943617925248
20000000000,-0.84197855575
20009000000,-0.743076856852
20014000000,-1.00788101862
20026000000,-0.897837221731
20038000000,-0.791074713322
20046000000,-0.689290642579
20058000000,-0.869104319363
20062000000,-0.765198811563
20080000000,-0.666252995776
20090000000,-0.573453610393
20090000000,-0.487578821073
20105000000,-0.584926435426
20115000000,-0.502288633142
20115000000,-0.426033035619
20115000000,-0.35652448573
20115000000,-0.408526551597
20115000000,-0.345985463208
20171000000,-0.289086088195
20171000000,-0.237908628833
20171000000,-0.200787911677
20171000000,-0.160244286214
20171000000,-0.124875110738
20222000000,-0.0943716779051
20230000000,-0.0373727908867
20240000000,-0.0174433128959
20251000000,-0.0015221782827
20260000000,0.156177983475
20271000000,0.156836053209
20279000000,0.15363032308
20289000000,0.147460396757
20302000000,0.139091164213
20302000000,0.129173611015
20319000000,0.268456824565
20331000000,0.247198211297
20341000000,0.510219187808
20350000000,0.470880392374
20362000000,0.429090771225
20372000000,0.386318232555
20382000000,0.348198949184
20391000000,0.450270325981
20399000000,0.400722331666
20410000000,0.352514024498
20421000000,0.626502462235
20431000000,0.562111631077
20439000000,0.498530465671
20452000000,0.437010383816
20462000000,0.643777649652
20465000000,0.572301093516
20482000000,0.502950683998
20492000000,0.696142112858
20497000000,0.617682119648
20512000000,0.541756826778
20518000000,0.46953273815
20519000000,0.401843701034
20539000000,0.648140156907
20548000000,0.572431361656
20558000000,0.499739533661
20572000000,0.430973684729
20577000000,0.560870981519
20591000000,0.489198536537
20600000000,0.421504831998
20612000000,0.358463080579
20623000000,0.586513083567
20631000000,0.515252396831
20644000000,0.447291894676
20654000000,0.383448225592
20663000000,0.481195384922
20671000000,0.417649303818
20681000000,0.357973997309
20690000000,0.57251914837
20702000000,0.505430180189
20712000000,0.441014745033
20721000000,0.38011419403
20728000000,0.323372980488
20739000000,0.27118441035
20753000000,0.223755781556
20760000000,0.312319522002
20771000000,0.266093423561
20784000000,0.223514774496
20796000000,0.184706556181
20796000000,0.385993836402
20812000000,0.3391626008
20822000000,0.449057140801
20832000000,0.398173956716
20842000000,0.348970505205
20851000000,0.302224341913
20862000000,0.258403320152
20871000000,0.313908495125
20882000000,0.270644615456
20891000000,0.298484476955
20899000000,0.257184209791
20911000000,0.218721784508
20920000000,0.183385218378
20928000000,0.166636438269
20937000000,0.136778919405
20950000000,0.110033900849
20957000000,0.0863459517168
20971000000,0.0656024118253
20981000000,0.1047699467
20991000000,0.0858720119131
21001000000,0.068927611724
21011000000,0.0538932527558
21017000000,0.0177947683149
21032000000,0.00779190103525
21039000000,-0.000375692576762
21051000000,-0.00690705257385
21061000000,-0.0119808393844
21073000000,0.00964807548229
21096000000,0.0052911413658
21096000000,0.00164974312922
21116000000,-0.00134018626665
21116000000,-0.00374465200531
21125000000,-0.00562842366206
21135000000,-0.00704467554934
21150000000,-0.0481006280469
21158000000,-0.0463291851582
21162000000,-0.0641236047665
21172000000,-0.0601643150611
21185000000,-0.0557446468838
21196000000,-0.118023167484
21203000000,-0.109482327363
21219000000,-0.10032101954
21227000000,-0.0908917434069
21232000000,-0.0814557809167
21242000000,-0.123286138543
21252000000,-0.211151524668
21262000000,-0.192472588644
21272000000,-0.173457492167
21282000000,-0.154597959062
21290000000,-0.136283708607
21301000000,-0.195266442127
21310000000,-0.173936957301
21310000000,-0.153231780194
21310000000,-0.133479353089
21310000000,-0.114916910332
21310000000,-0.0977061526342
21310000000,-0.192174352067
21310000000,-0.171743827742
21380000000,-0.253492813367
21390000000,-0.228764110004
21402000000,-0.204140765892
21410000000,-0.27718895098
21419000000,-0.247876798938
21430000000,-0.219202261513
21439000000,-0.191660006935
21450000000,-0.255825109027
21462000000,-0.226020796523
21471000000,-0.19743165231
21481000000,-0.170439199104
21494000000,-0.25329366411
21494000000,-0.223429720525
21511000000,-0.194841595287
21521000000,-0.167897455694
21530000000,-0.241064894335
21540000000,-0.212178492958
21551000000,-0.184611477852
21559000000,-0.158704542705
21559000000,-0.134693909871
21582000000,-0.222271897295
21591000000,-0.195778156159
21599000000,-0.170457868631
21605000000,-0.146628841444
21623000000,-0.224033697167
21630000000,-0.197383064877
21642000000,-0.171915550939
21643000000,-0.246643376285
21649000000,-0.21791969219
21649000000,-0.190340055636
21678000000,-0.164279600712
21682000000,-0.140000191509
21701000000,-0.237641160634
21710000000,-0.210658067615
21718000000,-0.184609521167
21719000000,-0.159874295786
21740000000,-0.214009946302
21749000000,-0.187897208935
21766000000,-0.163044872485
21777000000,-0.139743686261
21785000000,0.0610587419074
21792000000,0.0702147473429
21806000000,0.0759344733666
21812000000,0.430520092095
21822000000,0.410451389413
21831000000,0.385522955704
21842000000,0.357326478418
21850000000,0.671002722483
21862000000,0.619801231994
21871000000,0.565666189784
21871000000,0.510438654348
21892000000,0.455585582562
21902000000,0.731152655917
21909000000,0.658319151351
21921000000,0.586285734384
21932000000,0.516483889251
21941000000,0.71314342982
21951000000,0.635736287739
21955000000,0.560621734056
21967000000,0.697490524588
21979000000,0.618835503387
21988000000,0.543153064312
22005000000,0.471470082341
22012000000,0.404559819274
22022000000,0.460087214853
22032000000,0.396973788838
22040000000,0.338516022632
22051000000,0.285039489269
22060000000,0.236687210967
22069000000,0.193436364595
22081000000,0.180730874314
22088000000,0.145744427036
22102000000,0.121164830111
22112000000,0.0942815800362
22122000000,0.0711915679167
22125000000,-0.0842280114691
22142000000,-0.0932002914925
22151000000,-0.0980271930608
22160000000,-0.0994029506392
22169000000,-0.216733924483
22180000000,-0.206244570554
22187000000,-0.193124611364
22196000000,-0.178227727945
22210000000,-0.162280000047
22223000000,-0.382580460195
22228000000,-0.350389408402
22248000000,-0.316908625928
22251000000,-0.283170218292
22262000000,-0.249982983645
22272000000,-0.432543781659
22281000000,-0.388750506974
22292000000,-0.645358619834
22300000000,-0.585978761179
22316000000,-0.525773690389
22317000000,-0.466288224343
22331000000,-0.408701984496
22343000000,-0.553238706298
22361000000,-0.488602631227
22362000000,-0.426517902919
22369000000,-0.670322110163
22383000000,-0.598991617375
22392000000,-0.529125382855
22401000000,-0.461948684348
22411000000,-0.712721395276
22413000000,-0.635449393727
22430000000,-0.560106762052
22442000000,-0.487997913934
22451000000,-0.419969337961
22462000000,-0.561692093864
22472000000,-0.490703086587
22479000000,-0.423514245616
22491000000,-0.673930335607
22501000000,-0.598744487133
22510000000,-0.525873012819
22519000000,-0.456424044791
22533000000,-0.391206618488
22537000000,-0.487270183737
22553000000,-0.422403923423
22561000000,-0.361590061645
22576000000,-0.305347817766
22578000000,-0.503511343801
22591000000,-0.441178154979
22602000000,-0.381925235377
22613000000,-0.326447137209
22622000000,-0.422702272399
22628000000,-0.366483340547
22643000000,-0.313767448555
22652000000,-0.265031782723
22661000000,-0.442294815893
22669000000,-0.389921419285
22688000000,-0.339732643998
22693000000,-0.292374355184
22701000000,-0.373990931248
22711000000,-0.325476319289
22719000000,-0.279801040808
22733000000,-0.241444772003
22741000000,-0.332223273219
22741000000,-0.288023025034
22741000000,-0.246571638379
22741000000,-0.208220386138
22742000000,-0.173177599542
22790000000,-0.242815357471
22799000000,-0.208119951474
22799000000,-0.175970833812
22821000000,-0.197053199508
22825000000,-0.167201215338
22833000000,-0.139796791244
22833000000,-0.114941854277
22861000000,-0.0926629768691
22861000000,-0.156431640876
22880000000,-0.134488585712
22892000000,-0.121545042515
22901000000,-0.102355735078
22909000000,-0.084836576562
22922000000,-0.0690326569808
22930000000,-0.107284672764
22942000000,-0.0915935383194
22948000000,-0.0771093462728
22953000000,-0.0638784265361
22971000000,-0.0519412118282
22981000000,-0.028097770125
22990000000,-0.0195975004427
23000000000,-0.0123977353873
23014000000,-0.00639512228038
23022000000,0.00533393771988
23027000000,0.00886695589111
23027000000,0.0115039303212
23027000000,0.0133676511265
23049000000,0.0595863530396
23066000000,0.0576032888538
23072000000,0.054778568255
23072000000,0.0513447316724
23094000000,0.0475117913916
23110000000,0.0881471981432
23115000000,0.0810120478271
23117000000,0.0735870448789
23143000000,0.0660960417329
23152000000,0.12314192782
23159000000,0.111885543846
23172000000,0.173622457074
23182000000,0.158319222099
23193000000,0.142697955278
23205000000,0.127180611283
23210000000,0.465530376
23220000000,0.428941377425
23231000000,0.390488791706
23240000000,0.351428927452
23251000000,0.808064616289
23264000000,0.73884868656
23273000000,0.667740512971
23281000000,0.596733310222
23281000000,0.527394612436
23282000000,0.460924522735
23307000000,0.923453564304
23317000000,0.830782931459
23317000000,0.739132663886
23337000000,1.16496890586
23350000000,1.04951012953
23359000000,0.935013414446
23359000000,0.823844873821
23377000000,0.717794244065
23391000000,1.07951717849
23394000000,0.956992918655
23412000000,0.839011464618
23421000000,1.11612710137
23429000000,0.990520184329
23437000000,0.869416464057
23448000000,0.754537287746
23462000000,0.949069921878
23472000000,0.832243383427
23484000000,0.721577768325
23491000000,0.618252776474
23500000000,0.7359699446
23510000000,0.635920263694
23521000000,0.542895149406
23529000000,0.572347658517
23546000000,0.487366419174
23559000000,0.40956268557
23565000000,0.339161478334
23577000000,0.276174727997
23581000000,0.256844530945
23595000000,0.206051699128
23604000000,0.161494377939
23618000000,0.122868367376
23625000000,0.0897989269599
23632000000,0.0618315533227
23640000000,0.0385493113159
23652000000,0.0194688488128
23661000000,0.00412822864165
23668000000,-0.111090187722
23682000000,-0.113416866478
23691000000,-0.112549336871
23702000000,-0.234968334719
23712000000,-0.222151652659
23721000000,-0.206912493502
23727000000,-0.190105856317
23741000000,-0.383377959149
23751000000,-0.351680965576
23759000000,-0.318637056296
23759000000,-0.469822809755
23780000000,-0.426644716742
23792000000,-0.382856270316
23799000000,-0.33958886835
23800000000,-0.297718314359
23825000000,-0.504515151018
23832000000,-0.451043401152
23839000000,-0.3985926238
23839000000,-0.3481264638
23860000000,-0.508068436486
23873000000,-0.451011081151
23878000000,-0.395759638297
23878000000,-0.343196534848
23901000000,-0.543400703476
23909000000,-0.483795988633
23914000000,-0.425747936235
23919000000,-0.370255983871
23936000000,-0.519542157466
23951000000,-0.457895948706
23959000000,-0.398899967936
23970000000,-0.343286677281
23981000000,-0.499845809891
23990000000,-0.440685988786
23998000000,-0.383971919804
24005000000,-0.330473432277
24019000000,-0.280713707532
24029000000,-0.45440357963
24038000000,-0.398371193346
24051000000,-0.345073523574
24058000000,-0.734576228912
24071000000,-0.663210086161
24081000000,-0.5919128585
24092000000,-0.522284957325
24099000000,-1.09995530578
24110000000,-0.999210387545
24120000000,-0.897262783129
24120000000,-0.79665115617
24120000000,-1.26507793139
24150000000,-1.1409881014
24161000000,-1.0174711793
24170000000,-0.897227274564
24178000000,-1.38868020642
24192000000,-1.2448473279
24208000000,-1.1034855487
24211000000,-0.967258813143
24221000000,-1.28717300732
24232000000,-1.14199439504
24240000000,-1.00197596036
24247000000,-0.869139505789
24259000000,-0.744924694064
24270000000,-1.01692902005
24279000000,-0.887634497793
24291000000,-0.765812155212
24299000000,-0.652614667611
24312000000,-0.67573955729
24319000000,-0.573456392249
24329000000,-0.479996081981
24340000000,-0.395575428765
24350000000,-0.320181511741
24350000000,-0.253599510045
24370000000,-0.195460588183
24380000000,-0.145285053759
24390000000,-0.102517823126
24401000000,-0.066552088428
24411000000,-0.0367589918656
24423000000,-0.0125086565944
24431000000,0.00682238161363
24440000000,0.0218363485502
24452000000,0.0331048740472
24462000000,0.041165037158
24468000000,0.0465173350675
24480000000,0.0495971972948
24489000000,0.0507994071935
24501000000,0.0504907372587
24506000000,0.0489914664006
24524000000,0.0465810168138
24539000000,0.0435038379978
24540000000,0.039980619112
24550000000,0.0903135944349
24566000000,0.082853464712
24585000000,0.0749440023171
24585000000,0.0668525413215
24595000000,0.0587934525389
24602000000,0.0509378572711
24616000000,0.19047676246
24626000000,0.173803922834
24635000000,0.421611484041
24641000000,0.388001338641
24652000000,0.352599854085
24662000000,0.625015877682
24670000000,0.568769046311
24677000000,0.511498506336
24690000000,0.454711557986
24700000000,0.777711341926
24711000000,0.700803507426
24719000000,0.624250668386
24719000000,0.549689967342
24741000000,0.868254703328
24747000000,0.777169571349
24761000000,0.687779111312
24771000000,0.601674176452
24780000000,0.520052773554
24791000000,0.443807092298
24800000000,0.716388619566
24811000000,0.629514205743
24821000000,1.06209833248
24825000000,0.950700177951
24841000000,0.84136978351
24844000000,0.985449552059
24863000000,0.871054417212
24869000000,0.76111895924
24876000000,0.657162334323
24900000000,0.560248486404
24903000000,0.864754773307
24910000000,0.761724535286
24922000000,0.66312947669
24931000000,0.807980909847
24940000000,0.70624887586
24951000000,0.609991958972
24956000000,0.520207543388
24957000000,0.437559535146
24980000000,0.696777366495
24987000000,0.60908519327
25003000000,0.526056513161
25011000000,0.652590286416
25019000000,0.568713356835
25028000000,0.4896263192
25039000000,0.416103213576
25039000000,0.348639775579
25063000000,0.537429228538
25068000000,0.46746652683
25082000000,0.401620615133
25093000000,0.519242273883
25102000000,0.453450523849
25110000000,0.391250581957
25134000000,0.333288378284
25134000000,0.27993739345
25144000000,0.231385775619
25148000000,0.322602297335
25162000000,0.275325531473
25168000000,0.231701139363
25185000000,0.191941156288
25185000000,0.15614661092
25198000000,0.124267893072
25211000000,0.0961587917391
25217000000,0.228690826157
25232000000,0.198606490644
25247000000,0.170276076045
25251000000,0.257324502432
25265000000,0.353167212905
25273000000,0.316864584628
25282000000,0.280998926129
25291000000,0.246288511242
25302000000,0.213280016782
25312000000,0.182357876802
25323000000,0.159862602452
25331000000,0.133387036945
25341000000,0.168469212773
25348000000,0.143813265608
25357000000,0.12104702297
25371000000,0.100292176591
25380000000,0.0633892525917
25390000000,0.0478763689718
25401000000,0.0344969738723
25408000000,0.0231145565777
25418000000,0.0135530555259
25431000000,0.00470511594015
25441000000,-0.00167464856395
25450000000,-0.00672835683509
25459000000,-0.0527914231346
25472000000,-0.0533169087591
25480000000,-0.0525722587198
25489000000,-0.0508469374755
25502000000,-0.0984836650536
25512000000,-0.0923605317072
25520000000,-0.0854974739666
25532000000,-0.143708365978
25542000000,-0.132204394374
25548000000,-0.120191942281
25562000000,-0.108043766766
25572000000,-0.187553476522
25587000000,-0.170856713225
25588000000,-0.153863454198
25602000000,-0.137023338192
25613000000,-0.211707309015
25623000000,-0.190767765096
25630000000,-0.169981372452
25642000000,-0.149778387757
25653000000,-0.221514745764
25660000000,-0.19765083153
25670000000,-0.174391563752
25678000000,-0.152126822781
25687000000,-0.131141936741
25702000000,-0.217429201308
25706000000,-0.193615239014
25717000000,-0.170457164641
25728000000,-0.148342756312
25742000000,-0.127543864635
25752000000,-0.214907156762
25762000000,-0.190258377221
25769000000,-0.29408657032
25781000000,-0.264116143938
25793000000,-0.234523763741
25802000000,-0.205886935913
25802000000,-0.178644755753
25802000000,-0.153110213137
25832000000,-0.238187546719
25843000000,-0.209938337734
25853000000,-0.182917096246
25861000000,-0.157457773564
25874000000,-0.25521430588
25881000000,-0.226527331872
25893000000,-0.198768170627
25901000000,-0.282655961507
25909000000,-0.251290196009
25919000000,-0.220881101016
25931000000,-0.191896994866
25941000000,-0.164670814909
25952000000,-0.243723795822
25961000000,-0.213957048883
25965000000,-0.185624856718
25979000000,-0.159060985195
25992000000,-0.251105328694
26002000000,-0.221343520794
26010000000,-0.192843219962
26025000000,-0.255359276182
26029000000,-0.224893536804
26040000000,-0.195763735433
26049000000,-0.16834197455
26061000000,-0.142890698035
26071000000,-0.236069500907
26083000000,-0.207457649069
26090000000,-0.182270441767
26101000000,-0.223941714981
26111000000,-0.195586795111
26119000000,-0.168781102062
26129000000,-0.143805384629
26140000000,-0.221038555492
26159000000,-0.193735311013
26165000000,-0.167793302504
26171000000,-0.143510763522
26179000000,-0.183653173125
26196000000,-0.159694830077
26202000000,-0.137160509678
26210000000,-0.116268985949
26220000000,-0.173191713866
26232000000,-0.150788947577
26242000000,-0.129681545054
26250000000,-0.110070665844
26260000000,-0.147310348704
26270000000,-0.12739626706
26282000000,-0.108794153627
26291000000,-0.14347737513
26301000000,-0.125001931358
26311000000,-0.107579431622
26319000000,-0.0913757043769
26331000000,-0.0764971951262
26339000000,-0.10853024451
26350000000,-0.0934556690361
26362000000,-0.0794334285784
26370000000,-0.0942120875706
26374000000,-0.0809933844227
26379000000,-0.0687095748762
26402000000,-0.057436912591
26412000000,-0.047215511344
26421000000,-0.0751525912977
26431000000,-0.0645722003635
26439000000,-0.054743876645
26451000000,-0.0457225047462
26462000000,-0.0482203670519
26472000000,-0.0402943002653
26479000000,-0.0331031683946
26492000000,-0.0535311902085
26497000000,-0.0462085998687
26513000000,-0.0393698697423
26533000000,-0.033062025823
26533000000,-0.0273143216731
26548000000,-0.0221400838748
26552000000,-0.0173796140027
26562000000,-0.0133383337604
26570000000,-0.009831349032
26582000000,-0.0164548726413
26593000000,-0.0132786647692
26601000000,-0.010452234058
26610000000,-0.00796823602859
26622000000,0.0028254060906
26630000000,0.00414371496663
26639000000,0.0051054575993
26648000000,0.00576272482034
26662000000,0.0148844180632
26672000000,0.0145936237251
26680000000,0.0140499547769
26691000000,0.0133184245095
26700000000,0.0124537708961
26711000000,0.0285545263203
26718000000,0.026438492762
26731000000,0.0241849311422
26736000000,0.0438011266807
26749000000,0.0400340143783
26761000000,0.0361720082183
26773000000,0.0564292022405
26781000000,0.0512890292954
26793000000,0.0460889907372
26818000000,0.0409579144666
26818000000,0.0359950137389
26818000000,0.0312744669115
26818000000,0.0268494383543
26818000000,0.022755288701
26849000000,0.0640383519831
26862000000,0.0609484184867
26872000000,0.0545477749573
26880000000,0.0482732454139
26889000000,0.0422370904229
26902000000,0.0704959402475
26912000000,0.0633057330347
26918000000,0.056213500611
26930000000,0.0493543296414
26940000000,0.0780700029082
26952000000,0.0696105263656
26957000000,0.0613695620436
26969000000,0.0534853141095
26980000000,0.0779690891777
26992000000,0.0693280133655
26999000000,0.060952568872
27010000000,0.0529732353908
27019000000,0.0774849277054
27034000000,0.0684125532072
27039000000,0.0597119501242
27039000000,0.0514992530503
27061000000,0.043854792014
27070000000,0.0368300176951
27070000000,0.0304526345103
27070000000,0.0247256925094
27070000000,0.0196370992908
27111000000,0.0436146263488
27121000000,0.0735123691464
27134000000,0.105802927031
27141000000,0.0962141780071
27152000000,0.086479778829
27162000000,0.0768519032344
27162000000,0.0675216683465
27183000000,0.0750408371241
27197000000,0.0657828781352
27203000000,0.056989079134
27212000000,0.0733046308664
27217000000,0.0642326267067
27232000000,0.0556255162914
27241000000,0.0475752105133
27252000000,0.0401411000807
27267000000,0.0333595282586
27267000000,0.0272446044353
27281000000,0.0377424849072
27293000000,0.0618743842239
27302000000,0.0547716068522
27312000000,0.0479261815422
27322000000,0.0414351067799
27332000000,0.0353680715307
27339000000,0.0408205771957
27353000000,0.0350438355013
27371000000,0.0296857998335
27371000000,0.0247805265529
27380000000,0.0408663567984
27391000000,0.0357142659561
27402000000,0.0308312138769
27413000000,0.0427596851121
27424000000,0.0376362781991
27433000000,0.0327338314552
27442000000,0.0281196144074
27452000000,0.0413411972355
27460000000,0.0364553951737
27467000000,0.0317695180944
27478000000,0.0273456056786
27478000000,0.0232278619924
27495000000,0.032159815574
27509000000,0.0279793599105
27509000000,0.0240431486167
27509000000,0.0203862675353
27542000000,0.02749332802
27551000000,0.0237937079681
27551000000,0.020329252719
27551000000,0.0282905319875
