%time,field0,field1,field2,field3
42000000,0.0522828168513,0.00856857276174,3.17259878256,7.9314969564
44000000,0.300371348712,0.0492275265945,18.2269784344,45.5674460861
84000000,0.390167211301,0.063944070741,23.6759244072,59.1898110181
126000000,0.390167211301,0.063944070741,23.6759244072,59.1898110181
162000000,0.390166347557,0.0639438243321,23.6758913511,59.1932492027
202000000,0.38522356562,0.0645535963565,23.6853672601,59.0790496306
249000000,0.387332132463,0.0643110564319,23.6812297538,59.1362493467
277000000,0.3312042515,0.0548283796613,20.5057103338,50.5688541299
325000000,-0.353350249374,-0.0573119840647,-20.8087928594,-53.2063412404
366000000,-0.388846353145,-0.0640726286256,-23.678605729,-59.1464678683
405000000,-0.389680720417,-0.0639749763153,-23.6769744409,-59.1684982062
444000000,-0.38968400656,-0.0639774235061,-23.6769684605,-59.1683319926
490000000,-0.389455538437,-0.064007471718,-23.6774110959,-59.1624705426
515000000,-0.389207315233,-0.0640394998832,-23.6778897044,-59.1563927937
566000000,-0.38905254358,-0.064059928102,-23.6781865297,-59.1527481536
605000000,-0.389007352886,-0.0640668877918,-23.6782717089,-59.1517859237
643000000,-0.389028098638,-0.0640656858302,-23.6782300888,-59.1523829697
686000000,-0.38907021083,-0.0640617280678,-23.6781477986,-59.1534477711
722000000,-0.389113293061,-0.0640575036304,-23.6780640503,-59.1545018733
764000000,-0.389150697225,-0.0640538394834,-23.6779914805,-59.1554038197
804000000,-0.389184041687,-0.0640506471273,-23.6779268102,-59.1562020761
849000000,-0.389218635691,-0.0640472351806,-23.6778598138,-59.1570265725
883000000,-0.389247406618,-0.0640444320993,-23.677804098,-59.1577084212
925000000,-0.389270571932,-0.0640422143493,-23.6777592846,-59.1582505054
964000000,-0.334350425324,-0.0550304627883,-20.3400347676,-50.8208134318
1005000000,-0.195077357227,-0.0321944320537,-11.8840206041,-29.6869148865
1047000000,-0.0191777461409,-0.00335571221194,-1.20575364797,-2.9967179422
1087000000,0.179932761613,0.029286546179,10.8806169038,27.2143866555
1130000000,0.39093939474,0.0638585666233,23.6743282094,59.218626821
1166000000,0.390916219268,0.0638609681835,23.6743723801,59.2181412675
1204000000,0.390892878981,0.0638634349314,23.6744167756,59.217658765
1246000000,0.390869892354,0.0638659000191,23.6744604204,59.2171896558
1284000000,0.390847756775,0.063868319864,23.674505296,59.2164536251
1324000000,0.390860701292,0.0638665658138,23.674483181,59.2164820135
1356000000,0.390841016796,0.0638687272256,23.6745225138,59.2158814382
1397000000,0.388841273898,0.0635408431632,23.5487028915,58.9114055715
1436000000,0.37293421279,0.0609341413122,22.5802063989,56.4976989015
1477000000,0.350504692718,0.0572581839858,21.2167691865,53.0946263428
1518000000,0.323996120106,0.0529141927512,19.6065936636,49.0731256555
1560000000,0.30818576817,0.0503248839915,18.6464991316,46.6753410292
1597000000,0.301451038096,0.049224310413,18.2378662812,45.655075441
1637000000,0.301648285917,0.0492608890212,18.2504571466,45.6869894047
1674000000,0.31352767892,0.051212619072,18.9723432922,47.4914593201
1719000000,0.334410597497,0.0546401794097,20.2408383993,50.6614938058
1767000000,0.364808783196,0.0596319627795,22.0879499547,55.2775862013
1806000000,0.390612779751,0.0638944417883,23.6749595593,59.2108127379
1849000000,0.390594839999,0.0638965103922,23.6749936273,59.2104413773
1890000000,0.390581716442,0.0638980083295,23.6750191411,59.2101103199
1922000000,0.390574356048,0.0638988136969,23.6750332875,59.2099427322
1962000000,0.390561188771,0.0639003217335,23.6750591875,59.2095810652
2006000000,0.390549102029,0.0639016916745,23.675082573,59.209289581
2055000000,0.390539818896,0.0639027013604,23.6750984616,59.2092735415
2089000000,0.39054027798,0.0639025731736,23.6750987312,59.2091746541
2123000000,0.39053587295,0.0639030279769,23.6751083671,59.2089616544
2175000000,0.390529276852,0.0639037433513,23.6751218872,59.2087305394
2186000000,0.390523211689,0.0639043966458,23.6751342445,59.2085248694
2258000000,0.390518049462,0.0639049455921,23.6751449063,59.2083350581
2289000000,0.390512713986,0.0639055200123,23.6751560099,59.2081292157
2322000000,0.390506871804,0.0639061591517,23.675168199,59.2079003425
2355000000,0.390500827727,0.0639068258785,23.6751808618,59.2076584461
2406000000,0.390496489477,0.0639072920544,23.6751903005,59.2074496159
2438000000,0.390490924049,0.0639079861391,23.6752020802,59.2072104714
2481000000,0.390485310093,0.063908567428,23.6752099703,59.2073716488
2521000000,0.390486647651,0.0639083540901,23.6752075857,59.2073805136
2561000000,0.39048225209,0.0639088305622,23.6752164867,59.2072316367
2600000000,0.390474695444,0.0639096884947,23.6752317096,59.2069870071
2646000000,0.390467688491,0.0639104759541,23.6752454721,59.2067983686
2685000000,0.390462833264,0.0639110079355,23.6752551338,59.2066555291
2721000000,0.390458985548,0.0639114186756,23.675262656,59.2065559062
2767000000,0.390455730709,0.0639117617559,23.6752691805,59.2064550288
2807000000,0.39045213171,0.0639121467306,23.6752762789,59.2063545566
2848000000,0.389283658696,0.0637227413989,23.6053410542,59.0299134675
2882000000,0.386898862819,0.0633354314267,23.4619112306,58.6699037919
2921000000,0.383603753501,0.0627976764919,23.2629564644,58.1712251246
2965000000,0.380000564347,0.0622088989843,23.0451800232,57.6255324246
3012000000,0.376150398365,0.0615797291787,22.8124256914,57.0423917848
3042000000,0.372130897927,0.0609234794175,22.5695347124,56.4338669861
3088000000,0.369781300111,0.0605402575593,22.4278229356,56.0783807222
3123000000,0.368439001747,0.0603220171686,22.3472026836,55.8756662029
3174000000,0.367017237422,0.0600905689085,22.261709791,55.6608171607
3207000000,0.364995820764,0.0597606813001,22.1397834267,55.3549280095
3249000000,0.362043159765,0.0592781114471,21.9613244072,54.9077399251
3277000000,0.358319718284,0.0586692294951,21.7360860734,54.3436291238
3328000000,0.353848484749,0.0579377964046,21.4654619129,53.6660796918
3360000000,0.349808669006,0.0572770529165,21.2210038882,53.0539734446
3411000000,0.347348493056,0.0568752272825,21.0723984822,52.6815209906
3455000000,0.346103418793,0.0566725750265,20.9975250977,52.4934202437
3483000000,0.34584436386,0.0566318481799,20.982600664,52.4548937758
3522000000,0.3463471507,0.056716428351,21.0139884616,52.5322386473
3569000000,0.345191231381,0.0565330253619,20.9477209662,52.3603324335
3612000000,0.342591636493,0.0561155232596,20.7940322685,51.9703802611
3648000000,0.338758999811,0.0554942157722,20.5648155902,51.3925716742
3684000000,0.334928214282,0.0548709909296,20.3349420996,50.8138981701
3727000000,0.33127852742,0.0542747980664,20.1152322159,50.2614607464
3765000000,0.327648259396,0.0536828196959,19.8967498214,49.7123439689
3806000000,0.324012453554,0.0530896253887,19.6777079745,49.1626505966
3840000000,0.320391073322,0.0524967456815,19.4589460153,48.6136041771
3887000000,0.317098665819,0.0519593100604,19.2603732303,48.1151404572
3926000000,0.314127184257,0.0514746683807,19.0812266439,47.6654990962
3970000000,0.311524191509,0.0510497000124,18.9242011493,47.271444047
4008000000,0.309240468858,0.0506763975806,18.786335168,46.9255044446
4047000000,0.307210600435,0.050344457551,18.6637649904,46.6179364518
4092000000,0.304106807554,0.0498365685041,18.4759902465,46.1474474736
4119000000,0.300110361608,0.0491825224159,18.2340393229,45.5415827635
4158000000,0.296764753841,0.0486352384962,18.0315706581,45.0344831046
4206000000,0.29404668358,0.0481907965001,17.8671523095,44.6225714815
4240000000,0.291832393233,0.0478288369813,17.733262493,44.2870410358
4280000000,0.288628094828,0.0473045552461,17.5392619231,43.8012858825
4320000000,0.284572757559,0.0466407328903,17.2935940737,43.1869206498
4364000000,0.280134850693,0.0459121410979,17.0240634847,42.5131018776
4402000000,0.275446167957,0.0451437483346,16.7396186726,41.8017963261
4451000000,0.270571130989,0.0443458763463,16.4441137211,41.0626787968
4485000000,0.266691659256,0.0437113281618,16.2090691795,40.4747258709
4530000000,0.263775976627,0.0432343144466,16.0324252951,40.0327958787
4563000000,0.260128940603,0.0426385734902,15.8123725618,39.480638619
4601000000,0.255826751825,0.0419359726875,15.5525636403,38.8291631164
4647000000,0.252149856197,0.0413312058432,15.3295794881,38.2706572069
4678000000,0.250307522183,0.0410314159469,15.2187922956,37.9923836649
4717000000,0.250189468818,0.041013311316,15.2123613117,37.9751737942
4751000000,0.248430594184,0.0407264260813,15.1063381844,37.7090653572
4805000000,0.245033891604,0.0401712439679,14.9009083819,37.1945456003
4844000000,0.240256352461,0.0393895926312,14.6116089959,36.4704778457
4887000000,0.23478932174,0.0384946327978,14.2803673829,35.6416726998
4921000000,0.228794848016,0.0375129642692,13.9170311358,34.7327265751
4960000000,0.224527804831,0.0368142557076,13.6584607435,34.0857635921
4999000000,0.221796130088,0.0363671314434,13.4930270507,33.6716924698
5046000000,0.220374423646,0.0361347055377,13.407067326,33.45634465
5075000000,0.218705270176,0.0358617525127,13.3060824148,33.2034634034
5118000000,0.216701461936,0.0355339912989,13.1847851579,32.899824599
5159000000,0.214645001391,0.0351976213318,13.0602862702,32.5882008545
5199000000,0.212557142719,0.0348561214229,12.9338756549,32.2718142442
5239000000,0.210449709631,0.0345114225068,12.8062707806,31.9524547737
5279000000,0.207952726843,0.0341029025028,12.6550214989,31.5736896399
5326000000,0.205095825213,0.0336363424982,12.4821387586,31.1410467382
5359000000,0.201832270656,0.0331023112327,12.2843928039,30.646359648
5404000000,0.198231621044,0.0325125469357,12.0660791513,30.1003231396
5444000000,0.194325415243,0.0318725550279,11.8291871331,29.5078285589
5506000000,0.190118049186,0.0311833214178,11.5740431861,28.8697075714
5525000000,0.185689848719,0.0304588094157,11.3056989186,28.1985000436
5560000000,0.181920208233,0.0298411364364,11.0770740455,27.6266969724
5588000000,0.178750332974,0.0293217849031,10.8848484251,27.1458900934
5647000000,0.176075028754,0.0288835054278,10.7226336175,26.7398732831
5690000000,0.173183671504,0.0284105914771,10.5474815464,26.301647914
5723000000,0.170124350801,0.0279096919856,10.3620351122,25.837746006
5772000000,0.167390587253,0.0274618718942,10.1962823133,25.4230857703
5813000000,0.164962968544,0.0270642284621,10.0491069215,25.0548561759
5856000000,0.162779042239,0.026706578693,9.91673081179,24.7236178679
5891000000,0.161366580936,0.0264753753541,9.83117102175,24.5094238246
5932000000,0.160608151032,0.0263513092713,9.78528737717,24.3944330723
5964000000,0.159833294181,0.0262244834373,9.7383922081,24.2769283611
5999000000,0.15898977641,0.0260863808756,9.68732523002,24.1490052954
6039000000,0.157519819664,0.0258456084367,9.59824440818,23.9260575319
6095000000,0.155515808024,0.0255173263352,9.47675984813,23.622110036
6119000000,0.153046174243,0.025112747525,9.3270235471,23.2475445925
6163000000,0.150097336135,0.0246296001234,9.14820121869,22.8002810123
6207000000,0.146748883799,0.0240810265046,8.945148861,22.2928540921
6248000000,0.143086223095,0.0234799415007,8.72279948572,21.7368968566
6288000000,0.139637132353,0.0229148349538,8.51362601495,21.2137229772
6327000000,0.136401200315,0.0223852286773,8.31751264766,20.7231534975
6367000000,0.134179637513,0.0220219260957,8.18296484036,20.3865170809
6411000000,0.132787275604,0.0217943955881,8.0987052516,20.1756521734
6436000000,0.132166604282,0.0216932364059,8.0612486531,20.0817815432
6484000000,0.132078106756,0.0216793953645,8.0561055882,20.0687130531
6528000000,0.132415093527,0.0217352747113,8.07678287679,20.1206724204
6565000000,0.132245172534,0.0217068294869,8.0664189503,20.0947395757
6601000000,0.131661549054,0.0216114339768,8.0311378311,20.0064092056
6643000000,0.130419932625,0.02140865545,7.95602007955,19.817849575
6687000000,0.128419775741,0.0210828027231,7.83515150939,19.5152713248
6723000000,0.125937519782,0.0206772663072,7.68487831573,19.1393510464
6760000000,0.122825119547,0.0201674087521,7.49613216324,18.6673758258
6798000000,0.119085341481,0.019554366858,7.2692325283,18.0999945116
6840000000,0.114807647294,0.0188528780048,7.00962720583,17.4509094326
6889000000,0.111170962421,0.0182573171538,6.78911138019,16.899390745
6923000000,0.108150773516,0.0177629360881,6.60603800712,16.44151372
6934000000,0.105758305365,0.0173712406519,6.46101385526,16.0787503547
7023000000,0.10391753309,0.0170698485698,6.349442982,15.7996518469
7039000000,0.102649349471,0.0168620706073,6.27256852148,15.6073112927
7105000000,0.101900298487,0.0167392439599,6.22716765155,15.4936543599
7126000000,0.101575714726,0.0166859411224,6.20751644045,15.4444220909
7162000000,0.101151680156,0.0166162779361,6.1818160139,15.3799881992
7199000000,0.100621891348,0.0165295578119,6.14976136035,15.2997121414
7236000000,0.100005792615,0.0164286163848,6.11245134578,15.2062457039
7281000000,0.0988631486148,0.0162414905435,6.04321621329,15.0329946779
7325000000,0.097234067041,0.0159746293769,5.94445949416,14.7859309231
7353000000,0.0949842395829,0.015605854239,5.80788358482,14.4445938912
7414000000,0.0921717401803,0.015144737703,5.63715456877,14.0178549395
7440000000,0.0889842220209,0.0146221978986,5.4436896665,13.5342344241
7494000000,0.0853763708872,0.0140313562333,5.22468428126,12.9870804967
7531000000,0.0818137800189,0.0134466202244,5.00817289867,12.4462101604
7585000000,0.0792711219321,0.0130292860942,4.8536421914,12.0602364095
7599000000,0.077660851708,0.0127648399406,4.75573444608,11.815697072
7639000000,0.0768337884828,0.0126290116648,4.70543433124,11.6901335037
7679000000,0.0757550545343,0.0124520534553,4.63990670833,11.5264502617
7722000000,0.0744500563443,0.0122381463398,4.56069428264,11.3285146653
7762000000,0.0729523934768,0.0119928002648,4.46985564471,11.1014303156
7803000000,0.0713342452808,0.0117278057944,4.37173530715,10.8561195188
7834000000,0.069411675145,0.0114129649137,4.25515884284,10.564657067
7882000000,0.0672313862179,0.011055881727,4.12294780827,10.2341069559
7920000000,0.0648261834917,0.0106619574378,3.97709751426,9.8694456791
7962000000,0.0624181667195,0.0102676134183,3.83108894696,9.5043924553
8000000000,0.0600158259967,0.00987418954959,3.6854250847,9.14018428209
8043000000,0.0576218073855,0.00948216889882,3.54027719151,8.77728442845
8076000000,0.0551690730188,0.00908047090187,3.39155545804,8.40544187384
8127000000,0.0526526254359,0.00866835721834,3.23897435523,8.02396054299
8168000000,0.0502103438079,0.00826836478238,3.09088632693,7.65371506304
8225000000,0.0478393333044,0.00788005210341,2.94712367585,7.29427913375
8246000000,0.0457421741408,0.00753662718412,2.81997882568,6.97641298196
8289000000,0.0438986346092,0.00723479405268,2.70822933029,6.69695677288
8320000000,0.0422515456303,0.00696525220328,2.60842123104,6.44749385784
8361000000,0.0402791758981,0.00664213170853,2.48881421978,6.14845389
8417000000,0.0378717826903,0.0062478707307,2.34284187586,5.78356650553
8444000000,0.0351115233886,0.005796091056,2.17552621869,5.36525713768
8493000000,0.032846559408,0.00542504735445,2.03816686651,5.02189473229
8523000000,0.0310786205526,0.00513550677028,1.9309769013,4.75394636033
8572000000,0.0294441100866,0.00486786489875,1.83188940893,4.50625974009
8597000000,0.0274929004019,0.00454831122285,1.71358014133,4.21053297438
8641000000,0.0252800333749,0.00418589122501,1.57939581503,3.87508030022
8680000000,0.0230722577221,0.00382437282406,1.44553280159,3.54049867087
8729000000,0.0209145452544,0.00347095712924,1.31468358118,3.21340707881
8768000000,0.0196043597117,0.00325653846058,1.23528272099,3.01497881337
8822000000,0.0190675106407,0.00316879569723,1.20279297286,2.93382063138
8840000000,0.0187744476468,0.0031210190306,1.18509704473,2.88964591557
8880000000,0.0186298339161,0.00309752236502,1.17639630865,2.8679715048
8924000000,0.0185950437357,0.00309207842445,1.1743699609,2.86297197232
8959000000,0.018392434878,0.00305913059155,1.16215821428,2.83252543829
9010000000,0.0179771878359,0.00299129226347,1.1370322442,2.76979090261
9045000000,0.0169448078355,0.00282192145548,1.07416033316,2.61319922401
9087000000,0.0153514208982,0.00256035387413,0.977221465802,2.3714086214
9133000000,0.0133109864405,0.00222570026315,0.853220675341,2.06185372643
9154000000,0.0118307975882,0.00198393314324,0.763906798293,1.8379356354
9195000000,0.0108683056463,0.00182745879713,0.7060553473,1.69270743494
9239000000,0.0103434145107,0.00174225221404,0.674616497907,1.61369546134
9283000000,0.0096655112303,0.00163160309861,0.633776750344,1.51125884576
9343000000,0.00882863367458,0.00149466033842,0.58317658651,1.38453780947
9360000000,0.00788753981136,0.00134082013275,0.526289516903,1.24212273711
9403000000,0.00685812529304,0.00117253903388,0.464029753843,1.08630944558
9448000000,0.00574982856315,0.000991317249797,0.396962544562,0.918560866657
9488000000,0.00496586691218,0.00086311505807,0.349531033464,0.799870246759
9528000000,0.00457740646687,0.000799778301802,0.32609694275,0.741255821662
9570000000,0.00439846891685,0.000770631758892,0.315333483702,0.714310838193
9603000000,0.0044112104945,0.000772895794377,0.316191539924,0.716549908616
9646000000,0.00457733704629,0.000800059465667,0.326294282773,0.741774629052
9685000000,0.004561777652,0.000797757235343,0.325427706916,0.73962812387
9720000000,0.0043996129073,0.000771371090761,0.315652917231,0.715227867351
9762000000,0.00355301104138,0.000632244538552,0.263944582884,0.586664990276
9805000000,0.00207794457086,0.000389719989938,0.174049477683,0.362574149069
9840000000,7.34004745168e-05,6.07775254584e-05,0.0521351911956,0.0583493533882
9882000000,-0.00183337881582,-0.000251892201557,-0.0637664927896,-0.231002834373
9921000000,-0.00353989240441,-0.000531513168949,-0.167440374328,-0.489733937014
9960000000,-0.00484133423625,-0.000744936249741,-0.246557202661,-0.687180221491
9999000000,-0.00577595855952,-0.000898148281324,-0.303378740205,-0.828888031054
10038000000,-0.00635126716991,-0.000992498274394,-0.338389170362,-0.916131527181
10086000000,-0.00660998436978,-0.00103485945522,-0.354154433062,-0.955290836414
10126000000,-0.00660919668011,-0.00103464599768,-0.354153770914,-0.955063757483
10163000000,-0.00679105711683,-0.00106395135182,-0.36494712362,-0.982314169015
10201000000,-0.00715241872842,-0.0011225212966,-0.386622118133,-1.03671302546
10242000000,-0.00766276823291,-0.00120579111114,-0.417419976283,-1.11391732327
10278000000,-0.00843062171931,-0.00133133930889,-0.463877048733,-1.23012177954
10319000000,-0.00941512375256,-0.00149261114696,-0.523543189069,-1.3793921101
10360000000,-0.0104237170338,-0.00165818057838,-0.584760996405,-1.5324314832
10408000000,-0.0114104431342,-0.00181976770715,-0.644574136568,-1.68202089685
10419000000,-0.0124191052922,-0.00198472797246,-0.705650722383,-1.83482524951
10481000000,-0.0134587970854,-0.0021548174049,-0.768630809307,-1.9923640987
10521000000,-0.0145266467297,-0.00232961389296,-0.833350306879,-2.15422914385
10594000000,-0.01606897635,-0.00258224635511,-0.926886391388,-2.38811042508
10614000000,-0.0182059271423,-0.0029326269126,-1.05657988944,-2.71234428649
10657000000,-0.0203410819893,-0.00328238645332,-1.18609650033,-3.03617209214
10687000000,-0.0224625519969,-0.00363015607187,-1.31484320031,-3.35802742664
10723000000,-0.0245718352067,-0.00397565508281,-1.44279390872,-3.67794690527
10758000000,-0.0266350493915,-0.00431389831795,-1.56801800031,-3.99098670732
10797000000,-0.0282933340577,-0.00458545404737,-1.66860185118,-4.24248550628
10867000000,-0.0294665148747,-0.00477794357166,-1.73984944225,-4.42058178656
10889000000,-0.0306334345729,-0.00496924855445,-1.81068292953,-4.59766651241
10924000000,-0.0318179481843,-0.00516320022326,-1.88253291529,-4.77730349778
10968000000,-0.0335865272771,-0.00545289010634,-1.98982850568,-5.04553301446
11001000000,-0.0359514683077,-0.0058404026733,-2.13333435526,-5.40433675764
11045000000,-0.0387324151909,-0.00629604959774,-2.30207155813,-5.82608194626
11084000000,-0.0410362712906,-0.00667373923341,-2.44191454179,-6.1757831162
11148000000,-0.0427471142578,-0.00695393960637,-2.5457027868,-6.43522632731
11175000000,-0.0440439776046,-0.00716637756463,-2.62439120768,-6.63201993122
11224000000,-0.0453717166839,-0.00738432080802,-2.70505021271,-6.83364113037
11260000000,-0.046855193124,-0.0076276004526,-2.79511857161,-7.05881640063
11282000000,-0.0476243643687,-0.00775344892625,-2.84176188927,-7.17546762741
11324000000,-0.0475736303857,-0.00774496504837,-2.83865919919,-7.16771195983
11363000000,-0.0473804509748,-0.0077132421918,-2.8269380407,-7.13847652583
11397000000,-0.0470748543198,-0.00766301222451,-2.80837384461,-7.09203107972
11438000000,-0.0466763086775,-0.0075977437178,-2.78421474438,-7.03172493725
11475000000,-0.0467417113415,-0.00760882269091,-2.78852492861,-7.04192048194
11524000000,-0.0472116065667,-0.00768658453201,-2.81743005211,-7.11369155156
11564000000,-0.0481736294913,-0.00784466983529,-2.87609162139,-7.2599376892
11609000000,-0.0495869418022,-0.00807653263106,-2.96206812026,-7.47455988536
11643000000,-0.050365815733,-0.0082043373878,-3.00950299385,-7.59287677476
11680000000,-0.0505510755633,-0.008234860072,-3.02089701792,-7.62114192999
11711000000,-0.050235720236,-0.00818332244911,-3.0018920977,-7.57344002463
11759000000,-0.0495939659075,-0.00807827807229,-2.96306301914,-7.47621646404
11800000000,-0.0486824170085,-0.00792896473034,-2.90783803599,-7.33802615917
11843000000,-0.0475495977432,-0.00774336694061,-2.83917117792,-7.16627553629
11889000000,-0.0471685645927,-0.00768092570423,-2.816103017,-7.10851732158
11927000000,-0.0475862697563,-0.00774940760433,-2.84149949606,-7.17196219351
11970000000,-0.0482204913419,-0.00785332732256,-2.88001728059,-7.26821135153
12030000000,-0.0490183263375,-0.00798407414602,-2.92846023513,-7.3892969469
12050000000,-0.049948899745,-0.0081366262432,-2.98496414599,-7.53053253476
12091000000,-0.05092333955,-0.00829629519114,-3.04411009158,-7.67839331974
12127000000,-0.0519332337561,-0.00846177130493,-3.10540281456,-7.83162883395
12177000000,-0.0528577396629,-0.00861335340476,-3.16158451199,-7.97196337094
12212000000,-0.0537076690766,-0.0087528067162,-3.21325144408,-8.10106478545
12244000000,-0.0545054667143,-0.0088835962049,-3.26171845745,-8.22212420051
12290000000,-0.0552583513757,-0.00900707204086,-3.3074631091,-8.33643806115
12321000000,-0.055973874417,-0.00912434783887,-3.35091674094,-8.44502125361
12364000000,-0.0562286288968,-0.00916610790089,-3.3664048246,-8.48371888845
12396000000,-0.0560693100051,-0.00913998054688,-3.35675594618,-8.45957564446
12440000000,-0.0555154161158,-0.00904916923337,-3.32315543777,-8.37557127082
12495000000,-0.055623712652,-0.00906689030257,-3.32973565502,-8.39202177436
12521000000,-0.056389882829,-0.00919242111733,-3.37623157108,-8.50827074905
12564000000,-0.0569637467245,-0.00928642778649,-3.41105392426,-8.59535358018
12619000000,-0.057349727651,-0.0093496184986,-3.43446759922,-8.65389847811
12641000000,-0.0575638982032,-0.00938467953103,-3.44746003606,-8.68640120262
12680000000,-0.0580459277334,-0.00946363230948,-3.47670320119,-8.75953733065
12730000000,-0.0587553141359,-0.00957983081809,-3.51973783843,-8.86715140663
12773000000,-0.0591575666849,-0.00964569376087,-3.54413394809,-8.92818307521
12821000000,-0.0592304315389,-0.00965755079116,-3.54853606896,-8.9392251607
12846000000,-0.0597451621583,-0.0097418346398,-3.57975251694,-9.01731172448
12882000000,-0.0606162601043,-0.00988451975876,-3.63259219571,-9.14944611373
12921000000,-0.0619171146909,-0.0100976647798,-3.7115155214,-9.34680400835
12960000000,-0.0630368347416,-0.0102811118217,-3.77944379744,-9.51666969155
13000000000,-0.0639750137382,-0.0104348114079,-3.83635623401,-9.65898199695
13043000000,-0.0646921986069,-0.0105523198784,-3.87986430179,-9.76781489014
13089000000,-0.0651674865915,-0.0106301394109,-3.90868291863,-9.83990543363
13129000000,-0.0654378958591,-0.0106744062247,-3.92507447229,-9.88094650025
13161000000,-0.0656622855262,-0.0107111608863,-3.9386683255,-9.9149797712
13207000000,-0.0658519433683,-0.0107421808669,-3.95015888372,-9.94376925808
13248000000,-0.0657497766423,-0.0107253609519,-3.94393740837,-9.92826954405
13279000000,-0.0653825358956,-0.0106651112196,-3.92163260923,-9.87257104666
13314000000,-0.0648077611862,-0.0105709217473,-3.88674934253,-9.78541503001
13366000000,-0.0642844617436,-0.0104850771567,-3.85496821162,-9.70602505968
13399000000,-0.0638303507427,-0.0104105842937,-3.82738751201,-9.63713911932
13451000000,-0.0634323683917,-0.0103452902605,-3.80321203192,-9.57675347096
13491000000,-0.0632420041163,-0.0103140490212,-3.79164072816,-9.54789946552
13528000000,-0.0632391496628,-0.0103135083503,-3.7914404969,-9.54746220782
13566000000,-0.0636526263252,-0.0103812154962,-3.81650701481,-9.61020074561
13610000000,-0.0644383142035,-0.0105099178121,-3.86415803229,-9.72939345912
13646000000,-0.065546378274,-0.0106914684852,-3.93137412036,-9.89748864557
13680000000,-0.0665977209983,-0.0108637496039,-3.99515399315,-10.0570153138
13729000000,-0.0675778814007,-0.0110243324894,-4.05460681217,-10.2057222328
13762000000,-0.0684668394317,-0.0111699624527,-4.1085235268,-10.3405823715
13799000000,-0.0692659830183,-0.0113008849626,-4.15699255169,-10.461826594
13847000000,-0.0699805247897,-0.0114179394696,-4.20032684305,-10.5702326734
13889000000,-0.0707876700012,-0.0115501716068,-4.24928019808,-10.6926874767
13921000000,-0.071674177153,-0.0116954101839,-4.30304899776,-10.8271848764
13966000000,-0.0717442808137,-0.0117068402555,-4.30727471075,-10.8378239325
14002000000,-0.0711516654008,-0.0116096576175,-4.27128524484,-10.7479284599
14045000000,-0.0699504204389,-0.0114127226207,-4.19836183446,-10.5656962923
14061000000,-0.0686678860761,-0.0112024704124,-4.12050648722,-10.3711375139
14118000000,-0.0674785539287,-0.0110074900056,-4.04830568597,-10.1907123721
14161000000,-0.0666136748967,-0.0108656874689,-3.995793655,-10.0595162938
14205000000,-0.0660442152393,-0.0107722902394,-3.96120526144,-9.97312070812
14242000000,-0.0662479392734,-0.0108056204553,-3.97353689854,-10.0040283869
14284000000,-0.0668497361015,-0.0109041614336,-4.01001756436,-10.0953140255
14315000000,-0.068288574117,-0.0111398899549,-4.09729187143,-10.3135796186
14354000000,-0.0702212991654,-0.0114565579148,-4.21453508644,-10.6067721141
14365000000,-0.0721770550083,-0.0117770448434,-4.33318561664,-10.9034750385
14444000000,-0.0742502764242,-0.0121167397797,-4.45895400604,-11.2179818086
14498000000,-0.0763512545727,-0.0124610268485,-4.58641614627,-11.5367136952
14519000000,-0.078026284186,-0.0127349760619,-4.68765471596,-11.7905090839
14564000000,-0.0790248268415,-0.0128979424083,-4.74795589936,-11.9415858841
14603000000,-0.0794185936623,-0.0129623244112,-4.77169599101,-12.0012330256
14645000000,-0.0793273229927,-0.012947242865,-4.76602495549,-11.9873434587
14690000000,-0.0789289029963,-0.0128817433284,-4.74171161005,-11.9269010673
14732000000,-0.0782771856371,-0.0127745575336,-4.7019993296,-11.8278929852
14755000000,-0.0773586534666,-0.0126237629474,-4.64615589942,-11.6884472791
14801000000,-0.0762124279043,-0.0124358036593,-4.576533462,-11.5145371944
14842000000,-0.0748750597758,-0.0122165514482,-4.49532291058,-11.3116433319
14879000000,-0.0737813759726,-0.0120372351973,-4.42890201527,-11.1457248727
14923000000,-0.0729141608982,-0.0118950122985,-4.37622083901,-11.014147995
14968000000,-0.072539087987,-0.0118334501023,-4.35340613594,-10.9572379394
15000000000,-0.0727282121695,-0.0118643655863,-4.36483191039,-10.9859155948
15047000000,-0.0733072728655,-0.0119592204992,-4.39992817927,-11.0737652068
15081000000,-0.074135678229,-0.0120949424093,-4.45015659633,-11.1994442599
15133000000,-0.0751241264477,-0.0122568764234,-4.51009359581,-11.3493938549
15170000000,-0.0759276331027,-0.0123884701278,-4.55880188275,-11.4712751689
15205000000,-0.0765725245682,-0.0124940891618,-4.59788731012,-11.5690932972
15253000000,-0.0770602434839,-0.0125739642511,-4.6274418708,-11.6430849007
15280000000,-0.0773533608199,-0.0126219384107,-4.64518611605,-11.6875457716
15317000000,-0.0774725105085,-0.0126414051658,-4.65237488498,-11.7056215121
15367000000,-0.0774510250221,-0.0126377974554,-4.65102406174,-11.7023442886
15398000000,-0.0772769538332,-0.0126092063007,-4.64041947497,-11.6759311265
15426000000,-0.0770080993613,-0.0125650582101,-4.62405827829,-11.6351321557
15480000000,-0.0768729505969,-0.0125428373826,-4.61581401518,-11.6146498676
15521000000,-0.0768542453605,-0.0125396673611,-4.61462783082,-11.6117802591
15559000000,-0.0768221375473,-0.012534345742,-4.61263826757,-11.6068980455
15601000000,-0.0767734205584,-0.0125263117723,-4.60964299597,-11.5995044245
15648000000,-0.0767104544171,-0.0125159276865,-4.60577974806,-11.5899438822
15686000000,-0.0766733861929,-0.012509774229,-4.60348479851,-11.584305262
15721000000,-0.0766604587628,-0.0125075714084,-4.60265332323,-11.5823248062
15760000000,-0.0770618327864,-0.0125732676854,-4.62696196896,-11.6431937399
15800000000,-0.077831734092,-0.0126993622601,-4.67363346842,-11.7599752163
15854000000,-0.0789053987723,-0.0128752353756,-4.73873649906,-11.9228310019
15879000000,-0.0798926526555,-0.0130369528102,-4.79859724685,-12.0725877707
15919000000,-0.0807464857001,-0.0131767950145,-4.85035956782,-12.2020929923
15956000000,-0.0816455698758,-0.013324059107,-4.90486892361,-12.3384723002
15992000000,-0.0825896252463,-0.0134787446738,-4.96211838685,-12.4816910307
16035000000,-0.0835684440763,-0.0136390602159,-5.02146238284,-12.6301587639
16087000000,-0.0841560258577,-0.0137352542412,-5.0570647599,-12.71926702
16119000000,-0.0843373322864,-0.0137648711089,-5.06801515144,-12.7467503608
16161000000,-0.0842289397484,-0.0137470063777,-5.0613851064,-12.7302784111
16200000000,-0.0838976655611,-0.0136926240904,-5.04123230945,-12.6799966029
16252000000,-0.0833825281189,-0.0136081174268,-5.00992432663,-12.6018351762
16280000000,-0.0831559201678,-0.0135708870615,-4.99612166985,-12.5673991364
16323000000,-0.0832106716694,-0.0135798195828,-4.99940400752,-12.5757073127
16360000000,-0.0832590709813,-0.0135876683952,-5.00229112483,-12.5830325366
16406000000,-0.0832686733147,-0.0135891400633,-5.00281951931,-12.584459326
16441000000,-0.0832453823899,-0.0135852253035,-5.00135268215,-12.5808958613
16496000000,-0.0835455337703,-0.0136343305708,-5.01951508704,-12.6264048136
16529000000,-0.0840606326953,-0.0137186983111,-5.050728569,-12.7045396643
16560000000,-0.0846505552732,-0.0138152821177,-5.08647179094,-12.7940042587
16600000000,-0.0850126941177,-0.0138745346485,-5.10839253411,-12.8489142459
16647000000,-0.0851818897195,-0.0139021677317,-5.11860543109,-12.8745559322
16689000000,-0.085332773315,-0.0139267993014,-5.12770680404,-12.8974203386
16723000000,-0.085491196779,-0.0139526679737,-5.13726586294,-12.9214302827
16771000000,-0.0855634179672,-0.0139644105473,-5.14159407655,-12.9323648783
16800000000,-0.0855560357313,-0.0139631066308,-5.14109155163,-12.9312244581
16845000000,-0.0854830967783,-0.013951058609,-5.13661077475,-12.9201402292
16893000000,-0.0853425848043,-0.0139279362451,-5.12802963422,-12.8988293832
16929000000,-0.0851370748775,-0.0138941272212,-5.11549624746,-12.8676189253
16961000000,-0.0850752246415,-0.0138838845328,-5.11168488053,-12.8582036474
16998000000,-0.0851384157251,-0.0138941606959,-5.11546677516,-12.8677732893
17043000000,-0.0853160439773,-0.0139231948303,-5.12619327107,-12.8947044916
17095000000,-0.0855302927816,-0.013958226785,-5.1391407061,-12.927188391
17119000000,-0.0857717478301,-0.0139977244739,-5.15374029265,-12.9638071856
17176000000,-0.0861279348508,-0.0140560252206,-5.17530203517,-13.0178833541
17212000000,-0.0865602313818,-0.0141267231688,-5.20146439454,-13.0834222168
17234000000,-0.0870835916404,-0.014212394498,-5.23316330114,-13.1627954982
17276000000,-0.0877278496891,-0.0143179121071,-5.27220549204,-13.2605292323
17324000000,-0.0884663708793,-0.0144388768378,-5.31696724251,-13.3725655568
17381000000,-0.0890185791043,-0.0145292946462,-5.35042017851,-13.4563323264
17410000000,-0.089305304465,-0.0145761440808,-5.36774978956,-13.4997952977
17441000000,-0.089441795421,-0.0145984399501,-5.37597776997,-13.5204982217
17488000000,-0.0894465757361,-0.014599143746,-5.37621164489,-13.5212145745
17520000000,-0.0893478347962,-0.0145828851206,-5.37016425664,-13.5062258145
17570000000,-0.0891412444367,-0.0145489538933,-5.35757270233,-13.4748748088
17601000000,-0.0888353153731,-0.0144987482204,-5.33895416269,-13.4284541142
17644000000,-0.0885047715152,-0.014444431691,-5.3188246569,-13.3782590851
17720000000,-0.0883025277849,-0.0144112165228,-5.30649384394,-13.3475540916
17734000000,-0.0882562837876,-0.0144034198255,-5.30359880061,-13.3404464857
17769000000,-0.088370454393,-0.0144221309745,-5.31048505552,-13.357679545
17804000000,-0.0886804775832,-0.014473046096,-5.32928050137,-13.4047681573
17857000000,-0.0891499918805,-0.014549721411,-5.35766940656,-13.4758769058
17883000000,-0.0896924424953,-0.0146385970375,-5.3905392488,-13.5581719874
17924000000,-0.0902504343764,-0.0147299657469,-5.42434005425,-13.6427983346
17961000000,-0.0907804151134,-0.0148167325365,-5.45643846767,-13.7231639888
17999000000,-0.0912789201869,-0.0148983462384,-5.4866281441,-13.7987631638
18069000000,-0.0917516870127,-0.0149757403237,-5.51525551479,-13.8704468615
18073000000,-0.0920749261414,-0.0150288333762,-5.53485380856,-13.9194194859
18128000000,-0.092261198471,-0.0150589869212,-5.54603189038,-13.9474872394
18157000000,-0.0924466406794,-0.0150893922509,-5.55724623576,-13.9756276571
18213000000,-0.0926381714571,-0.0151207482437,-5.56881942751,-14.0046560474
18241000000,-0.0928348330105,-0.0151528392334,-5.58068018223,-14.0344025882
18280000000,-0.0930391876923,-0.0151862286172,-5.59301621339,-14.0653337383
18320000000,-0.0932507433296,-0.0152208131089,-5.60579260287,-14.0973675062
18358000000,-0.093212270311,-0.0152144225481,-5.60339726589,-14.0914757065
18409000000,-0.0929381928682,-0.0151694011506,-5.58670125231,-14.049837997
18441000000,-0.092470222916,-0.0150925674063,-5.55823179734,-13.9787740333
18479000000,-0.0922076689786,-0.0150494182415,-5.54223649917,-13.9388967647
18513000000,-0.0921224672568,-0.0150352676893,-5.53698324725,-13.9258882268
18564000000,-0.0921016678426,-0.0150316621001,-5.5356357116,-13.92265172
18590000000,-0.0921400026047,-0.0150377575093,-5.53788162114,-13.928659048
18649000000,-0.0922213005506,-0.0150521580826,-5.54301528606,-13.9415757231
18689000000,-0.0925589910224,-0.0151068723997,-5.56332464806,-13.9925033069
18722000000,-0.0931170106864,-0.0151981331762,-5.59710138388,-14.0770806037
18766000000,-0.0935315251504,-0.015266531626,-5.6226192768,-14.1402850948
18808000000,-0.0938092922697,-0.0153130147425,-5.63990304432,-14.182961082
18851000000,-0.093968304513,-0.0153397448334,-5.64987908613,-14.2078513191
18880000000,-0.0940542648399,-0.0153537061864,-5.6552089957,-14.2209944573
18921000000,-0.0940750533559,-0.0153571604229,-5.65659326343,-14.2242590485
18970000000,-0.0941934053508,-0.015376832003,-5.6639242932,-14.2424273775
19001000000,-0.0944062366352,-0.0154120298632,-5.67697748079,-14.2749582597
19056000000,-0.0946993954198,-0.0154602965496,-5.69486632756,-14.3196336769
19095000000,-0.0949671098031,-0.0155040164033,-5.71111202354,-14.3602631141
19117000000,-0.0951883892901,-0.0155404003811,-5.72458709867,-14.3939692659
19163000000,-0.0955428158551,-0.0155986258178,-5.74613630912,-14.4478664583
19203000000,-0.0960523024595,-0.0156822733365,-5.77708686447,-14.5252735119
19240000000,-0.0966982945175,-0.0157882615711,-5.81630542956,-14.6233597448
19280000000,-0.0973912448075,-0.0159013615906,-5.85823565374,-14.7282721194
19317000000,-0.0979896839381,-0.0159996158955,-5.89456908379,-14.8191435492
19364000000,-0.0983209650716,-0.0160539654765,-5.91465864209,-14.8694037814
19404000000,-0.0984421610118,-0.0160738764818,-5.92199400793,-14.8877682892
19440000000,-0.0983698688129,-0.0160620526923,-5.9175792092,-14.8767499271
19494000000,-0.0981326511739,-0.0160232019079,-5.90315105754,-14.8406876454
19524000000,-0.0977448925836,-0.0159597032345,-5.879588894,-14.7817769071
19570000000,-0.0974611658961,-0.0159132049261,-5.86232644206,-14.7385411854
19602000000,-0.0972865714618,-0.0158847016971,-5.85171184508,-14.7120891533
19645000000,-0.0970766625327,-0.0158500703982,-5.83882154212,-14.680107818
19682000000,-0.0968310756635,-0.015809427724,-5.82373858183,-14.6426427801
19720000000,-0.0965554133583,-0.0157639283546,-5.80685368369,-14.6006327573
19763000000,-0.0966252363517,-0.0157751800294,-5.81096840289,-14.6110794991
19801000000,-0.0969782897469,-0.0158328669063,-5.83227919704,-14.6645325803
19841000000,-0.0976532909109,-0.0159432375181,-5.87309946429,-14.7659255114
19875000000,-0.098285725878,-0.0160129548993,-5.90103027124,-14.841312004
19918000000,-0.0989853447759,-0.0160471181546,-5.91778803648,-14.8947521513
19968000000,-0.100046863306,-0.0161066537395,-5.94412985196,-14.9779902572
20011000000,-0.101407651414,-0.0161940071803,-5.98004970578,-15.0889686072
20039000000,-0.102950896039,-0.0163036579974,-6.02354148581,-15.2215027643
20078000000,-0.104388916682,-0.0163947310631,-6.05992078561,-15.3375185522
20131000000,-0.105665373704,-0.0164673787745,-6.0893153094,-15.4365180743
20156000000,-0.10666457722,-0.0165046096574,-6.10544297963,-15.4998150117
20195000000,-0.107266477175,-0.0165128424492,-6.10975977532,-15.5306016662
20249000000,-0.107596549789,-0.016497547274,-6.10451501392,-15.5315550513
20294000000,-0.107508580978,-0.0164728555508,-6.094208254,-15.5141071139
20330000000,-0.107385522351,-0.0164239944107,-6.07965631946,-15.4829338687
20372000000,-0.106749638667,-0.0164095293073,-6.07029510901,-15.4539530539
20407000000,-0.106523472392,-0.0163997809741,-6.06557201366,-15.4405289959
20445000000,-0.105720572282,-0.0164113198231,-6.06545304034,-15.4235659986
20481000000,-0.104913823132,-0.016402518813,-6.05864441042,-15.3929640377
20527000000,-0.104037546134,-0.0163667132539,-6.04548413205,-15.3457851955
20567000000,-0.103119134975,-0.0163694457248,-6.04345217298,-15.3250398849
20607000000,-0.102623403376,-0.0163938216194,-6.05041766162,-15.3272895471
20640000000,-0.101892086999,-0.0164449018296,-6.06625142085,-15.3484677713
20681000000,-0.101378286673,-0.0164524607958,-6.06695221321,-15.3372662211
20733000000,-0.100165888656,-0.0164193352881,-6.05182701184,-15.2810405623
20775000000,-0.0999991255302,-0.0164409644433,-6.06253007213,-15.2996082254
20808000000,-0.0999029587463,-0.0165284343378,-6.09912935017,-15.3768265196
20839000000,-0.100305196684,-0.0167017414904,-6.1590830552,-15.5147126118
20881000000,-0.100760401273,-0.0168464419756,-6.20905121955,-15.6346752681
20920000000,-0.101166745788,-0.0169598198499,-6.24807918004,-15.732518827
20970000000,-0.101855810105,-0.017081584604,-6.29096376266,-15.8421289411
21008000000,-0.102463879316,-0.0172154232592,-6.33806740349,-15.9618186889
21051000000,-0.103438264706,-0.0173542452829,-6.38796824008,-16.0933570824
21081000000,-0.104140451763,-0.0174789020544,-6.43222617969,-16.208670633
21125000000,-0.104953966383,-0.0175875139274,-6.46993319376,-16.3111569193
21162000000,-0.10561576259,-0.0176767544543,-6.50139584622,-16.3990375696
21198000000,-0.106328347247,-0.0177397747863,-6.52449637883,-16.4691635745
21240000000,-0.106826566997,-0.0177891552226,-6.54063658192,-16.5208379155
21288000000,-0.107462137018,-0.0178223584709,-6.55264508384,-16.5663379871
21378000000,-0.107940899292,-0.017848696941,-6.56157715649,-16.6019986133
21378000000,-0.108617337805,-0.0179154606563,-6.58218145131,-16.6652685412
21400000000,-0.109537947933,-0.0180005346586,-6.61376692543,-16.7592871247
21440000000,-0.110585526177,-0.0181109300537,-6.65434216843,-16.8738476754
21481000000,-0.111309926184,-0.0181777175169,-6.67831526082,-16.9462473374
21521000000,-0.111797358754,-0.0181993958757,-6.68539263378,-16.9766774831
21564000000,-0.112405482181,-0.0182506120192,-6.70322571293,-17.0328608318
21605000000,-0.113199152373,-0.0183267911854,-6.7305029792,-17.1130224029
21642000000,-0.1141047583,-0.0184265080365,-6.7665299219,-17.2141776271
21701000000,-0.115210545568,-0.0185672497039,-6.81668498831,-17.350760431
21736000000,-0.116564695769,-0.018732906553,-6.87732766089,-17.514039231
21760000000,-0.117614521413,-0.0188773755403,-6.93220585244,-17.6591429226
21800000000,-0.11786949289,-0.0190152507838,-6.98231992527,-17.7700442523
21841000000,-0.117594507333,-0.0191191899861,-7.01952524096,-17.8425325553
21884000000,-0.117307030014,-0.0191829454,-7.0435809869,-17.8867719212
21929000000,-0.11700629669,-0.0192150016061,-7.05676066536,-17.9094221482
21966000000,-0.117210961178,-0.0192857901868,-7.08450964102,-17.9745462931
22005000000,-0.117836811572,-0.0193971904803,-7.12725194545,-18.0817900476
22057000000,-0.118837463924,-0.0195407272721,-7.18197334041,-18.2244654223
22092000000,-0.119739886298,-0.0196398660907,-7.22134525888,-18.3300701421
22121000000,-0.120387541833,-0.0197019971749,-7.24604616031,-18.4023458983
22160000000,-0.121107189991,-0.0197555448482,-7.26855908652,-18.467440032
22200000000,-0.121740124751,-0.0198076624249,-7.29027523078,-18.5331405427
22248000000,-0.122377990027,-0.0198555400975,-7.31119800341,-18.5925292494
22280000000,-0.122816818431,-0.0198842162615,-7.32526781652,-18.635784268
22328000000,-0.123073693727,-0.0198906058467,-7.3312945605,-18.6532184956
22366000000,-0.123311382733,-0.0198992442863,-7.33916080874,-18.6758500058
22401000000,-0.123548538731,-0.0199288412419,-7.35295305853,-18.7121188776
22443000000,-0.123784853472,-0.0199704378784,-7.3706418451,-18.7512856389
22481000000,-0.123967101983,-0.02001277906,-7.3875644078,-18.7942580382
22529000000,-0.124095821329,-0.0200516126337,-7.40352531428,-18.8265668969
22567000000,-0.124176819528,-0.0200839915079,-7.41603241992,-18.8588743016
22602000000,-0.124178585269,-0.020104200179,-7.42466233802,-18.873757182
22648000000,-0.124161491121,-0.0201183033697,-7.43028315394,-18.8881205259
22687000000,-0.124205294886,-0.0201403738486,-7.43949014704,-18.9076734014
22728000000,-0.124345823986,-0.0201736244185,-7.45206504186,-18.9395376998
22778000000,-0.124356680202,-0.0201842253624,-7.45599390306,-18.9496067961
22801000000,-0.12426041894,-0.0201722035541,-7.45129769603,-18.9383496359
22856000000,-0.12407916976,-0.0201419874725,-7.439411868,-18.9137618023
22879000000,-0.123996416609,-0.020123622646,-7.4322441768,-18.8982198895
22922000000,-0.124015981683,-0.0201182662052,-7.42930037029,-18.8989142924
22965000000,-0.124116628731,-0.0201256502329,-7.43108790699,-18.908869071
23000000000,-0.124327069048,-0.020149281383,-7.43819345078,-18.9336549054
23009000000,-0.124530543318,-0.0201707878293,-7.44443023793,-18.9563563382
23081000000,-0.124720718635,-0.0201897253665,-7.44939929801,-18.9773338225
23122000000,-0.124895012134,-0.0202060140675,-7.45333748979,-18.9957397908
23162000000,-0.12504503551,-0.0202196041205,-7.45604360162,-19.0115532655
23200000000,-0.124777330287,-0.0202238406102,-7.45842078732,-19.0153833918
23240000000,-0.124585968018,-0.0202285429873,-7.45970957436,-19.0192211424
23279000000,-0.124692375434,-0.0202479368341,-7.46713542886,-19.0451529164
23339000000,-0.125064617156,-0.0202848204585,-7.4806486529,-19.0917937901
23359000000,-0.125382946535,-0.0202902929754,-7.48233374844,-19.1115897543
23407000000,-0.125626239596,-0.0202699123975,-7.4736206165,-19.1085882059
23446000000,-0.125757409664,-0.0202160581671,-7.45600570901,-19.0831301004
23484000000,-0.125939761184,-0.0201771373423,-7.44017236596,-19.0619919828
23520000000,-0.126145705415,-0.0201416993693,-7.4263160551,-19.0457656049
23560000000,-0.12655257765,-0.0201449538992,-7.42807923142,-19.0663368798
23604000000,-0.127082562736,-0.0201803927092,-7.44255165581,-19.1143770168
23649000000,-0.127770909613,-0.0202495555305,-7.46982812224,-19.1945844785
23689000000,-0.128345110362,-0.0203305687574,-7.50227784967,-19.2793629928
23722000000,-0.128899301045,-0.0204207800282,-7.53818047298,-19.3728662604
23758000000,-0.129170119955,-0.020503743353,-7.5715016744,-19.4489113061
23810000000,-0.129393973951,-0.0205808374831,-7.60182528098,-19.5207413013
23839000000,-0.129357220006,-0.0206525139779,-7.63002067126,-19.5771661857
23879000000,-0.129161122325,-0.0206913122014,-7.64557141653,-19.6057929288
23919000000,-0.12863761209,-0.0206983262183,-7.64958402086,-19.5996678747
23959000000,-0.128238698603,-0.0207176914254,-7.65762532821,-19.6050464959
24008000000,-0.127875341248,-0.0207478698289,-7.66956089597,-19.6217330078
24058000000,-0.127602612813,-0.0207941601114,-7.68482609185,-19.6437916878
24078000000,-0.1268313709,-0.0208268320757,-7.69649445979,-19.6486894846
24120000000,-0.125665132299,-0.0208474443512,-7.7046734122,-19.6287970135
24173000000,-0.124897248502,-0.0208719956369,-7.71339557054,-19.6267204938
24204000000,-0.12428560336,-0.0209035959155,-7.7246716109,-19.6307104395
24238000000,-0.124231866017,-0.0209404886249,-7.73724824329,-19.6576311937
24291000000,-0.124402232052,-0.0209668464918,-7.74643167148,-19.6834578526
24319000000,-0.125053905477,-0.0209856585087,-7.75148395999,-19.7164516052
24370000000,-0.126133892925,-0.0210408163917,-7.76918688282,-19.7884826255
24408000000,-0.127415788277,-0.0211276407118,-7.79875510668,-19.8912120338
24463000000,-0.128677334517,-0.021212816358,-7.82754886545,-19.9923725764
24478000000,-0.129902561545,-0.0212965805147,-7.85543156736,-20.0920014452
24524000000,-0.131088769634,-0.0213791638037,-7.88251798801,-20.1870320638
24558000000,-0.132081041174,-0.0214343146039,-7.89889655222,-20.2576035031
24595000000,-0.132947951305,-0.0214482257567,-7.9036200753,-20.3001188119
24646000000,-0.133385960038,-0.0214461193193,-7.89645484172,-20.3070810945
24686000000,-0.133830663876,-0.0214630036315,-7.89683894785,-20.3296233874
24726000000,-0.134278301031,-0.0215009924909,-7.90562519886,-20.3704311282
24753000000,-0.134479366566,-0.0215178815521,-7.90721454002,-20.3917113968
24798000000,-0.1347159314,-0.0214877199822,-7.90157094534,-20.3925073643
24844000000,-0.134342703145,-0.0214758373651,-7.89078866958,-20.3740567647
24892000000,-0.134386810206,-0.0214998784909,-7.89609554533,-20.3927796543
24920000000,-0.134478588645,-0.0215672095482,-7.91642910815,-20.4505281771
24958000000,-0.134690415736,-0.0216328354977,-7.93771346065,-20.506432498
25002000000,-0.134781163379,-0.0217021815758,-7.95981143164,-20.5665656288
25041000000,-0.135008820269,-0.0217687215926,-7.98223402896,-20.6269684517
25084000000,-0.1353118376,-0.0218592051517,-8.01316653294,-20.7086939172
25121000000,-0.135900756177,-0.0219809782999,-8.05626322104,-20.8234061842
25201000000,-0.136412043442,-0.022083256961,-8.09205379529,-20.9182046737
25234000000,-0.136785491123,-0.0221263432776,-8.11153592219,-20.9814010422
25250000000,-0.1370459537,-0.0221666091707,-8.12570102747,-21.0217062784
25290000000,-0.137105453788,-0.022204339941,-8.13507424874,-21.0502410803
25330000000,-0.137235024691,-0.0222225632147,-8.13879212215,-21.0670207368
25363000000,-0.137130789873,-0.0222091550206,-8.13079917303,-21.056239227
25397000000,-0.136931899828,-0.0221610076948,-8.11097377578,-21.0167879673
25438000000,-0.136876082303,-0.0221364576376,-8.10016857712,-21.0005265469
25485000000,-0.137035009647,-0.0221380468942,-8.09960596024,-21.0102760721
25520000000,-0.137349673667,-0.0221633633044,-8.10802541943,-21.0424120679
25561000000,-0.137553278647,-0.0221696957798,-8.10934440061,-21.0572732436
25601000000,-0.137660223912,-0.0221591890957,-8.10447235971,-21.055955023
25641000000,-0.137666657002,-0.0221353981165,-8.09450920593,-21.0410643112
25690000000,-0.137850919044,-0.0221441133529,-8.09639952449,-21.0554987983
25733000000,-0.138202502515,-0.022180210898,-8.1086628339,-21.0953845598
25756000000,-0.138441663199,-0.0221980542458,-8.11448672913,-21.1194039111
25802000000,-0.138547970337,-0.0221989030617,-8.11403527744,-21.1259048164
25846000000,-0.138710330299,-0.0222086358121,-8.11690444257,-21.1411229544
25888000000,-0.139097141126,-0.0222543737612,-8.13348715416,-21.1901901492
25917000000,-0.139678131867,-0.0223341630541,-8.16266255876,-21.2701472094
25957000000,-0.140229108164,-0.0224107292155,-8.19065168958,-21.3475878743
26006000000,-0.140750199229,-0.0224827092605,-8.21706423147,-21.4194993498
26050000000,-0.14123173507,-0.022551851841,-8.24208676443,-21.4893405083
26085000000,-0.14149122423,-0.0225843527903,-8.25367167646,-21.523453315
26127000000,-0.141515412297,-0.0225823726035,-8.25196483079,-21.5260125412
26167000000,-0.141405447297,-0.0225589024763,-8.24226609085,-21.5067416902
26204000000,-0.141185790891,-0.0225195441349,-8.22634495074,-21.4734503193
26240000000,-0.140863196505,-0.0224633924024,-8.20417062009,-21.4232436704
26285000000,-0.140597001857,-0.0224173861094,-8.1855274997,-21.3824503847
26330000000,-0.14038881536,-0.022381160732,-8.1703867654,-21.3507092804
26365000000,-0.140122606533,-0.0223351588496,-8.1515644494,-21.3093513039
26409000000,-0.139798308202,-0.02227972472,-8.12911732226,-21.260073617
26448000000,-0.139427100299,-0.0222156739646,-8.10354603526,-21.2020928128
26482000000,-0.139229354092,-0.0221801497981,-8.08839110532,-21.1715472347
26533000000,-0.139215623288,-0.0221738521579,-8.08413489413,-21.1673372375
26568000000,-0.139411343186,-0.0222022104848,-8.09255052502,-21.1958511214
26598000000,-0.139833791755,-0.0222668735607,-8.11447772183,-21.257660736
26635000000,-0.14044090892,-0.022361993479,-8.14758678618,-21.3479192958
26679000000,-0.14106433574,-0.0224594626145,-8.18156890225,-21.4403149454
26716000000,-0.141671733348,-0.0225545214824,-8.21459454699,-21.5304206863
26765000000,-0.142187315374,-0.0226345081136,-8.2420226241,-21.6067487123
26801000000,-0.142627937035,-0.0227019129394,-8.26482148042,-21.6708158068
26837000000,-0.14302812083,-0.0227558726832,-8.28368512028,-21.7281328236
26877000000,-0.143358382613,-0.0228058180719,-8.29990191795,-21.7757349963
26923000000,-0.143650502549,-0.0228514024378,-8.31428579656,-21.8192025761
26959000000,-0.143802312321,-0.0228739796188,-8.32018302133,-21.8418967093
27001000000,-0.1438357997,-0.0228764733903,-8.31874948075,-21.8462688543
27055000000,-0.143767699063,-0.0228619396007,-8.31109773388,-21.8353113032
27102000000,-0.14342086682,-0.0227976383596,-8.28561136246,-21.7801729365
27121000000,-0.142881104668,-0.022701644114,-8.24843324063,-21.695315592
27161000000,-0.142443736563,-0.022629699232,-8.2191484682,-21.630104868
27200000000,-0.14215143758,-0.0225793398984,-8.19810635695,-21.5854395396
27241000000,-0.14197640902,-0.0225480248999,-8.1842018454,-21.5590674619
27279000000,-0.141991649343,-0.0225441215128,-8.18096418799,-21.5590970636
27330000000,-0.142168857284,-0.0225704869126,-8.18847298921,-21.586229752
27373000000,-0.14233667756,-0.022593613627,-8.19494767309,-21.6104157944
27404000000,-0.142432481892,-0.0226056563435,-8.19726712037,-21.6246261171
27446000000,-0.142682249006,-0.0226426066612,-8.20883674593,-21.6616756198
27478000000,-0.143083631531,-0.0227044104013,-8.22961813766,-21.7219132686
27499000000,-0.14362377175,-0.0227887000818,-8.25874465044,-21.8030966422
27564000000,-0.144013586051,-0.022848298642,-8.27872386268,-21.8610970381
27613000000,-0.144208548731,-0.0228760358955,-8.2869042337,-21.889955988
