%time,field
4000000,0.0
18000000,-1.05760820689e-27
25000000,-1.50890888071e-26
43000000,-9.26955058624e-25
43000000,-3.14958933436e-24
61000000,-3.67812491038e-25
66000000,2.61162040453e-27
72000000,3.39267890673e-19
88000000,1.05413831203e-18
97000000,1.81190397741e-18
116000000,2.60848360963e-18
116000000,3.43681656545e-18
127000000,4.28610729421e-18
133000000,9.97211554013e-16
144000000,1.99849110583e-15
155000000,1.20289474369e-14
162000000,2.24040957394e-07
172000000,1.0414282693e-06
180000000,8.16314060088e-07
195000000,1.50973618382e-06
202000000,1.15852686193e-06
209000000,1.73566181232e-06
238000000,1.32729506148e-06
238000000,1.81911428688e-06
262000000,0.000391713134148
262000000,0.000859698945509
263000000,0.00129946113632
272000000,0.00170696028754
280000000,0.0021090214164
291000000,0.00248226673157
295000000,0.0024425164864
312000000,0.00213832253761
317000000,0.00183216289266
331000000,0.00158302823808
343000000,0.00154212999117
350000000,0.0015030119234
360000000,0.00146641154639
369000000,0.00143222670128
380000000,0.00112322888041
391000000,0.000711304889545
398000000,0.000328706403697
409000000,-4.39659870121e-05
420000000,-0.000432237184809
428000000,-0.000790002850723
438000000,-0.0011116772854
449000000,-0.00139860095416
459000000,-0.0016516574492
472000000,-0.00169588016194
487000000,-0.00169873184233
487000000,-0.00168448459259
498000000,-0.00158693867972
498000000,-0.0014754845518
503000000,-0.00136180341638
503000000,-0.00124891174883
503000000,-0.00113916917428
503000000,-0.00103436277953
503000000,-0.000935788718385
570000000,-0.000837412665823
570000000,-0.000740360000596
570000000,-0.00065210550205
599000000,-0.000572760338852
612000000,-0.000500001740002
617000000,-0.000435160190864
630000000,-0.000376954610851
640000000,-0.000326643954763
649000000,-0.000283684168749
649000000,-0.000247479689258
667000000,-0.000210597026073
681000000,-0.000176779046033
688000000,-0.000148486416712
699000000,-0.000113160736233
711000000,-8.00843441397e-05
718000000,-5.19516866254e-05
730000000,-2.82957699009e-05
738000000,-5.027416647e-06
751000000,2.82614639052e-05
758000000,5.72869290163e-05
758000000,8.23043762052e-05
776000000,0.000292415504166
791000000,0.000763998019696
799000000,0.00120264258811
799000000,0.0016055156746
820000000,0.00214873632997
829000000,0.00275924501091
838000000,0.00331351851298
838000000,0.00381107682547
839000000,0.00425325628529
871000000,0.00479231696422
879000000,0.00527104909945
892000000,0.00570948410507
900000000,0.0061323956521
911000000,0.00649979332393
924000000,0.00681522012071
931000000,0.00708263010152
941000000,0.00728450502024
953000000,0.00744577069333
960000000,0.00757336624244
972000000,0.00766519588538
981000000,0.00767619410768
992000000,0.00766939990671
1002000000,0.00764873484901
1009000000,0.00760929441923
1020000000,0.00748995767396
1029000000,0.00737053210347
1039000000,0.00725370674094
1051000000,0.00714154190698
1061000000,0.00706958025009
1065000000,0.00700637526137
1077000000,0.00694852308464
1077000000,0.00689617865518
1102000000,0.00684674477163
1111000000,0.0067800969973
1118000000,0.00672017354234
1131000000,0.00666688615153
1140000000,0.00662001408477
1153000000,0.0065718604418
1160000000,0.00652274569689
1171000000,0.00647985457787
1181000000,0.0064186876352
1193000000,0.00635445797359
1203000000,0.00629748842772
1211000000,0.00624750887512
1222000000,0.00620414632643
1230000000,0.00614493064035
1238000000,0.00609035095424
1248000000,0.00604259234593
1263000000,0.0060012484023
1263000000,0.00596587629743
1281000000,0.00592061016517
1289000000,0.00587124678782
1301000000,0.00563057685163
1316000000,0.00512543062772
1316000000,0.00465643043519
1342000000,0.00422640005828
1348000000,0.00352290864066
1359000000,0.00287894284256
1366000000,0.00229629746581
1372000000,0.00177500010066
1382000000,0.00118099250339
1391000000,0.000567265555644
1399000000,2.23033676006e-05
1399000000,-0.000456255874982
1422000000,-0.00087176477133
1422000000,-0.00122828441686
1437000000,-0.00165265417075
1453000000,-0.00207045828582
1453000000,-0.00243197492129
1471000000,-0.00278641027444
1480000000,-0.00315622086819
1480000000,-0.00347496466895
1492000000,-0.00374632339214
1512000000,-0.00399277887712
1518000000,-0.00427100295477
1532000000,-0.00450836345882
1533000000,-0.00470820711868
1550000000,-0.00491283989647
1567000000,-0.00508876824502
1570000000,-0.00523463807913
1582000000,-0.00536356233051
1594000000,-0.00548263167366
1607000000,-0.00557915374055
1611000000,-0.0056557418556
1620000000,-0.005713926253
1639000000,-0.0057532917855
1642000000,-0.00578007223112
1650000000,-0.00579632777038
1661000000,-0.00580392356286
1667000000,-0.005790981795
1681000000,-0.00576451349439
1694000000,-0.00571268286284
1702000000,-0.00564614633973
1713000000,-0.00558150778732
1739000000,-0.00551980498026
1739000000,-0.005461791812
1746000000,-0.00540798221384
1751000000,-0.00533718685179
1758000000,-0.00525136482896
1774000000,-0.00517296334375
1783000000,-0.00510215584159
1790000000,-0.00498811022447
1802000000,-0.00488451498509
1812000000,-0.00479146970599
1819000000,-0.00465684649638
1823000000,-0.00452976002746
1837000000,-0.0044161200708
1846000000,-0.00431561517842
1861000000,-0.00419381160018
1871000000,-0.00405287117174
1879000000,-0.00392735735632
1892000000,-0.00381680386297
1893000000,-0.00368284867321
1913000000,-0.00354004616722
1918000000,-0.00341373225901
1918000000,-0.00330323864253
1941000000,-0.00320115487807
1948000000,-0.00305611060111
1957000000,-0.00292778062228
1958000000,-0.00281548807685
1958000000,-0.00271833938789
1988000000,-0.00272257729184
1997000000,-0.00277053411598
1998000000,-0.00282206753453
2019000000,-0.0028824741849
2029000000,-0.00297066680682
2038000000,-0.00305555181015
2038000000,-0.00313591955054
2038000000,-0.00321026365674
2070000000,-0.00305909773285
2078000000,-0.00291505617055
2079000000,-0.00277986184732
2101000000,-0.00256930764468
2110000000,-0.00229129879582
2117000000,-0.00203523602117
2131000000,-0.00180218722036
2131000000,-0.00159248230625
2150000000,-0.0012965109925
2160000000,-0.00102953952116
2160000000,-0.000791410020198
2161000000,-0.000494708748001
2188000000,-0.000220668140723
2207000000,2.16057528112e-05
2210000000,0.000233430556377
2221000000,0.000416708893782
2229000000,0.000635000444592
2236000000,0.000824954016581
2249000000,0.000988315590781
2259000000,0.0011270609024
2259000000,0.00127917311417
2260000000,0.00143185703145
2289000000,0.00156250193695
2302000000,0.00170617746493
2312000000,0.00183298540476
2316000000,0.00194065379683
2323000000,0.00203082421414
2341000000,0.00212168160304
2351000000,0.00221333961132
2359000000,0.00229041882546
2372000000,0.00235428646925
2377000000,0.002411301996
2389000000,0.00246870441605
2405000000,0.00251585978589
2409000000,0.00255387905088
2420000000,0.00258715275711
2429000000,0.00262073415184
2443000000,0.00264759061965
2451000000,0.00266854621788
2460000000,0.00268436651999
2470000000,0.00269577228935
2477000000,0.00270344455483
2491000000,0.00270799943756
2499000000,0.00270919667387
2511000000,0.00270136573753
2520000000,0.00269239279369
2530000000,0.00268271553166
2541000000,0.00266277543767
2551000000,0.00264095881574
2555000000,0.00262015041601
2566000000,0.00260060113443
2581000000,0.00258247967483
2590000000,0.0025521829854
2597000000,0.00251863178386
2597000000,0.00248793926929
2620000000,0.00245801631809
2630000000,0.00241217369683
2639000000,0.00237049360002
2639000000,0.00233302412147
2659000000,0.00229154434652
2670000000,0.00223599705379
2679000000,0.00218596269006
2679000000,0.00214138857371
2696000000,0.00210202862374
2711000000,0.00203976439316
2719000000,0.00198394180989
2719000000,0.00193443300372
2741000000,0.00189091025321
2750000000,0.00182440345454
2757000000,0.00176501532288
2770000000,0.00171256371138
2770000000,0.00166674895942
2785000000,0.00159773005973
2797000000,0.00153320285792
2797000000,0.00147621656445
2820000000,0.00142545687079
2829000000,0.0013793359599
2837000000,0.00133973584562
2837000000,0.00130615917983
2861000000,0.00127807850735
2870000000,0.00125657938418
2882000000,0.00123979270615
2889000000,0.00122676310307
2903000000,0.00109095714698
2909000000,0.000913527662398
2920000000,0.000750305131392
2931000000,0.000601930819545
2941000000,0.000397586039289
2952000000,0.000166147679828
2964000000,-4.32509772122e-05
2970000000,-0.000230596652238
2982000000,-0.000404190179753
2992000000,-0.000623036224061
3000000000,-0.000817735554352
3009000000,-0.000989046125803
3021000000,-0.00113809568223
3032000000,-0.00130419142467
3043000000,-0.0014579326879
3053000000,-0.00159083460442
3063000000,-0.00172543356909
3065000000,-0.00184974669867
3077000000,-0.00195586147341
3096000000,-0.00204526000414
3096000000,-0.00212746755062
3104000000,-0.00219891354375
3121000000,-0.00225751612862
3132000000,-0.00230467891546
3139000000,-0.00234176216941
3149000000,-0.00237006868209
3161000000,-0.00238978164086
3170000000,-0.00231193398037
3183000000,-0.00214879810867
3183000000,-0.00199272077089
3183000000,-0.00184568741514
3206000000,-0.0016662148032
3220000000,-0.00146067213241
3231000000,-0.00128884412181
3241000000,-0.0011336616988
3247000000,-0.00099506839054
3259000000,-0.000906763394286
3271000000,-0.000840058730941
3280000000,-0.000785094944384
3288000000,-0.000740610663203
3301000000,-0.000705379244023
3311000000,-0.000686305088579
3322000000,-0.000692099123283
3327000000,-0.000702167329402
3338000000,-0.000715432947313
3350000000,-0.000749221141892
3362000000,-0.000783264703213
3372000000,-0.000816746662826
3381000000,-0.000849036877279
3402000000,-0.000895413891547
3402000000,-0.000940554058327
3412000000,-0.0009872037782
3423000000,-0.00104908949011
3432000000,-0.00110576565108
3436000000,-0.00115706584343
3450000000,-0.00120302970551
3462000000,-0.00125867920278
3471000000,-0.00130993683982
3480000000,-0.00135527692034
3486000000,-0.00139493722217
3502000000,-0.00143137753542
3504000000,-0.00148151152246
3504000000,-0.00152575796062
3505000000,-0.00156437299333
3539000000,-0.00160375318821
3549000000,-0.0016910414007
3557000000,-0.00177015902374
3568000000,-0.00184106258346
3574000000,-0.00190580897496
3590000000,-0.00197938997331
3602000000,-0.00204447219746
3603000000,-0.00210139718835
3622000000,-0.00214172181565
3630000000,-0.00217443905128
3640000000,-0.0022012241725
3649000000,-0.00222273341917
3660000000,-0.0022259311219
3673000000,-0.00221257852089
3676000000,-0.00219751128699
3700000000,-0.00218142529593
3712000000,-0.00216489010863
3712000000,-0.00214836586839
3713000000,-0.00209783402508
3730000000,-0.00204631210084
3749000000,-0.00199825206131
3753000000,-0.00195399349853
3762000000,-0.00187485053706
3781000000,-0.00179260173392
3784000000,-0.00171759388548
3792000000,-0.00168719645871
3802000000,-0.00169821172166
3812000000,-0.00173289317843
3822000000,-0.00177675502372
3830000000,-0.00181948080514
3840000000,-0.00186034774422
3852000000,-0.00189882749139
3861000000,-0.00193199732591
3870000000,-0.00196071454685
3881000000,-0.00198664336953
3881000000,-0.00203023042128
3881000000,-0.00204806199247
3918000000,-0.00206343317406
3918000000,-0.00207330678184
3918000000,-0.00206877542917
3952000000,-0.00203701523885
3959000000,-0.00177547767582
3970000000,-0.00152942848973
3980000000,-0.00130108724843
3991000000,-0.000984275110747
4000000000,-0.000623686383861
4011000000,-0.000294562601256
4020000000,0.000109278195782
4030000000,0.000486239690387
4034000000,0.000823972673342
4057000000,0.00138549844924
4068000000,0.00163422409913
4080000000,0.00189786967755
4092000000,0.00215879246196
4099000000,0.00240613133312
4104000000,0.00262006325038
4113000000,0.00280288318529
4113000000,0.00295709512629
4113000000,0.00308531138742
4149000000,0.00319016986423
4150000000,0.00328316788712
4170000000,0.00336109633462
4182000000,0.00328187992719
4192000000,0.0031378500996
4200000000,0.00299459158623
4211000000,0.00283393466344
4221000000,0.00266688309369
4230000000,0.00250994404895
4240000000,0.00236447977483
4251000000,0.00224623973285
4255000000,0.00214601088644
4270000000,0.00205704994466
4282000000,0.00197895910302
4291000000,0.00191118205925
4303000000,0.00185322072187
4321000000,0.00183375232034
4321000000,0.00182058660737
4336000000,0.00181594947065
4345000000,0.00184322184593
4353000000,0.00187206584174
4360000000,0.00190150185982
4367000000,0.00193074319821
4383000000,0.00196372112115
4390000000,0.00201288495546
4391000000,0.00205903420636
4395000000,0.00210177163229
4421000000,0.00214970860653
4430000000,0.00220615256786
4436000000,0.00225745590534
4450000000,0.00230355545899
4450000000,0.00235457960269
4471000000,0.00240984500451
4476000000,0.00245909206449
4491000000,0.002504400548
4500000000,0.00256077483647
4512000000,0.00261074650745
4519000000,0.00265454934567
4533000000,0.00269250797778
4541000000,0.0026548439836
4552000000,0.00260901865777
4553000000,0.00256388274446
4566000000,0.00250562722459
4578000000,0.00239326315608
4596000000,0.00228803624639
4602000000,0.00219079170219
4602000000,0.00210201333274
4621000000,0.0020218916851
4631000000,0.00191551998753
4636000000,0.00178561464804
4651000000,0.00166820052489
4660000000,0.00153081038427
4671000000,0.00137590100178
4681000000,0.00123683936948
4687000000,0.00111337917536
4690000000,0.000979141403324
4709000000,0.000823393986853
4716000000,0.000685059221485
4719000000,0.000563538813508
4741000000,0.000451921820821
4752000000,0.00030404905361
4757000000,0.000173539069443
4772000000,5.96322787426e-05
4781000000,-7.96805686572e-05
4787000000,-0.000212020298558
4797000000,-0.000327613866669
4797000000,-0.000427420814726
4814000000,-0.000532198724007
4829000000,-0.000651069897829
4836000000,-0.00075460289985
4836000000,-0.000843737500987
4861000000,-0.000919534363553
4873000000,-0.00100795488092
4882000000,-0.00109422004243
4891000000,-0.00117886167409
4901000000,-0.00127570828544
4910000000,-0.00136003536791
4921000000,-0.00143261197259
4938000000,-0.00149430835877
4951000000,-0.0015460480317
4960000000,-0.00158878248717
4961000000,-0.00164156978413
4979000000,-0.00168612248794
4979000000,-0.00172318556942
4989000000,-0.00177297871821
5012000000,-0.00181772628426
5012000000,-0.00185574495034
5012000000,-0.00188760868883
5032000000,-0.00191390179161
5040000000,-0.00194178497591
5051000000,-0.00187572027632
5059000000,-0.00175273028437
5068000000,-0.00163562056512
5074000000,-0.00152576554888
5091000000,-0.00142408525685
5101000000,-0.00130993248547
5111000000,-0.00119713886565
5123000000,-0.00109527533092
5131000000,-0.00100430444588
5139000000,-0.00093245914915
5149000000,-0.000873828021579
5154000000,-0.000823976313062
5168000000,-0.000790475269432
5179000000,-0.000775904308228
5188000000,-0.000766511441256
5194000000,-0.000761407897365
5206000000,-0.000759798784882
5221000000,-0.000775816306303
5231000000,-0.000802761931809
5238000000,-0.000829729192816
5238000000,-0.000856106481663
5259000000,-0.000891490444636
5268000000,-0.00093959164324
5285000000,-0.000984458362482
5305000000,-0.00102577288172
5305000000,-0.00106336137843
5312000000,-0.00110726488971
5323000000,-0.00123533649692
5331000000,-0.00136433553234
5341000000,-0.0015238101977
5347000000,-0.00166950050517
5361000000,-0.00180106554773
5370000000,-0.00191855183123
5382000000,-0.00202230854688
5390000000,-0.00212053334946
5399000000,-0.00221086033191
5409000000,-0.00228883944689
5420000000,-0.0023526148318
5432000000,-0.00239981762796
5442000000,-0.00243802620041
5451000000,-0.00246828537798
5461000000,-0.00249159748748
5468000000,-0.00250295940642
5479000000,-0.00250813681475
5483000000,-0.00250950311684
5494000000,-0.00251359382973
5512000000,-0.0025186797703
5518000000,-0.00252136513812
5518000000,-0.00252209178473
5538000000,-0.00252442970652
5551000000,-0.00253248679021
5559000000,-0.00253898069099
5570000000,-0.00254409508328
5581000000,-0.00254972032804
5591000000,-0.00255671018694
5599000000,-0.00256252978392
5615000000,-0.00256729338031
5621000000,-0.00257026853684
5631000000,-0.00257125167921
5652000000,-0.00257164957068
5652000000,-0.002571568758
5652000000,-0.00257110303668
5667000000,-0.0025703349836
5701000000,-0.00256234873363
5701000000,-0.00255174936593
5709000000,-0.00254171579812
5712000000,-0.00253235191061
5720000000,-0.00228905917049
5734000000,-0.00191308509324
5746000000,-0.00144375394939
5751000000,-0.00100995533543
5763000000,-0.000613882997035
5764000000,-0.000256415762488
5781000000,0.000112042030259
5787000000,0.000472248927743
5801000000,0.000791297188102
5811000000,0.00107077301437
5822000000,0.00134373714027
5829000000,0.00159978640911
5841000000,0.00182031362444
5851000000,0.00200790652136
5861000000,0.00218356825246
5866000000,0.00234863096028
5883000000,0.00248694164567
5888000000,0.00260107675365
5897000000,0.00269359899472
5907000000,0.00278022127923
5922000000,0.00285249865165
5922000000,0.00290922587495
5942000000,0.00295243165251
5951000000,0.00298401551351
5960000000,0.00300813320989
5970000000,0.00302484637924
5983000000,0.00303450624045
5996000000,0.00303427736071
5999000000,0.00302864563251
6009000000,0.00301971069621
6019000000,0.00300837171739
6026000000,0.00299539102287
6040000000,0.0029776032542
6045000000,0.00294499618764
6059000000,0.00287653845316
6069000000,0.00272783633664
6076000000,0.00258868898524
6090000000,0.00245646569268
6095000000,0.00232123005908
6106000000,0.00219863043715
6112000000,0.00208872910067
6112000000,0.00199128974749
6139000000,0.00190584886285
6150000000,0.00183838945639
6151000000,0.00178390992927
6172000000,0.00173984875445
6179000000,0.00171502243604
6187000000,0.00169674704087
6200000000,0.00168403930338
6207000000,0.00168350725163
6215000000,0.00168820994254
6219000000,0.00169541241687
6237000000,0.00170441888007
6251000000,0.00171464363498
6251000000,0.00172559653042
6251000000,0.0017368756542
6251000000,0.00174815736478
6286000000,0.00172649666235
6298000000,0.00169838293756
6311000000,0.00164706099104
6320000000,0.00157480065389
6331000000,0.00148820928498
6341000000,0.00138928157827
6351000000,0.00129891228626
6364000000,0.00121730940685
6364000000,0.00114443964454
6364000000,0.00108007734709
6395000000,0.00102385638764
6401000000,0.000963314572759
6412000000,0.000883340161183
6420000000,0.000768812825275
6429000000,0.00066090598094
6439000000,0.000564548496602
6451000000,0.000479444814633
6462000000,0.000391226817484
6472000000,0.00030045002791
6482000000,0.00022089138591
6489000000,0.0001519594212
6501000000,9.29470082756e-05
6509000000,0.000177407927384
6518000000,0.000262039768312
6532000000,0.000344904598251
6539000000,0.000424520570835
6547000000,0.000522723291139
6559000000,0.000623899191958
6573000000,0.00071732459126
6581000000,0.000796300752959
6589000000,0.0008666261732
6598000000,0.000929096223947
6611000000,0.000983974935613
6623000000,0.00102590464055
6631000000,0.00104838092586
6659000000,0.00106581595734
6659000000,0.00107888783551
6663000000,0.00108822710034
6670000000,0.00108008394302
6682000000,0.0010608535448
6691000000,0.000873418708311
6696000000,0.000625955987608
6703000000,0.000394767206521
6721000000,0.00018158130008
6732000000,-0.000111434645483
6740000000,-0.000420532270572
6750000000,-0.000701183671035
6753000000,-0.000953135021577
6772000000,-0.00117682830726
6782000000,-0.00145316730199
6788000000,-0.00169875362757
6799000000,-0.0019146038857
6799000000,-0.00210219050601
6821000000,-0.00226341508288
6821000000,-0.00243575232093
6837000000,-0.00258358566401
6848000000,-0.00270884201855
6860000000,-0.00282966169946
6879000000,-0.00301441014212
6879000000,-0.00308210999257
6900000000,-0.00313588579376
6910000000,-0.00319818086225
6921000000,-0.00324864561124
6930000000,-0.00328864927863
6942000000,-0.00320441732241
6951000000,-0.00311926355224
6952000000,-0.00303528964696
6971000000,-0.00295412284712
6979000000,-0.00286134226973
6989000000,-0.00277270576443
7001000000,-0.00269071966858
7010000000,-0.00261827562241
7023000000,-0.00256255849926
7032000000,-0.00251330949285
7039000000,-0.00247025714043
7040000000,-0.00243304598056
7058000000,-0.00240599650892
7069000000,-0.00239441284337
7077000000,-0.00238637542184
7089000000,-0.00238508301015
7108000000,-0.00239460059021
7108000000,-0.00240532181962
7119000000,-0.00241674520249
7130000000,-0.00243482623164
7138000000,-0.00245401353912
7149000000,-0.00247237884631
7158000000,-0.00248968275974
7170000000,-0.00250576051318
7182000000,-0.00249658209077
7192000000,-0.00243376384146
7202000000,-0.00237446199791
7211000000,-0.00231925496046
7219000000,-0.00222492872127
7229000000,-0.00210952815382
7241000000,-0.00200356373537
7251000000,-0.00190740116108
7260000000,-0.00178369710388
7269000000,-0.00164761188751
7280000000,-0.00152495073492
7291000000,-0.00140902008744
7304000000,-0.00125036600474
7312000000,-0.00110793432903
7319000000,-0.000981470849494
7331000000,-0.000870414607802
7340000000,-0.000768889860075
7346000000,-0.000636721222066
7361000000,-0.000520249744272
7371000000,-0.000418761666024
7380000000,-0.000294655591092
7390000000,-0.000170463482408
7400000000,-6.16830968515e-05
7407000000,3.25218090056e-05
7422000000,0.00014037141154
7427000000,0.000245450815797
7437000000,0.000336556249578
7451000000,0.000378669964026
7462000000,0.000270794348112
7468000000,0.000162962651743
7481000000,5.75854556018e-05
7490000000,-4.349334009e-05
7498000000,-0.000160489920117
7512000000,-0.000283637276762
7521000000,-0.000397266503882
7538000000,-0.00048948648279
7549000000,-0.000569380642469
7555000000,-0.00064006391933
7559000000,-0.000701900580703
7571000000,-0.000754693375508
7580000000,-0.000570257437367
7588000000,-0.00039261581898
7602000000,-0.000224309254787
7608000000,-6.71233005826e-05
7621000000,7.77880296446e-05
7631000000,0.000209787801745
7644000000,0.000450436797499
7652000000,0.000683917356416
7664000000,0.000945682759354
7672000000,0.00125580361197
7682000000,0.00153645397868
7692000000,0.00178760227467
7694000000,0.00202918575504
7695000000,0.00224658938768
7722000000,0.00243616413206
7731000000,0.0026041455598
7742000000,0.00275427173393
7751000000,0.00288140168257
7762000000,0.0029875644824
7771000000,0.00306971220087
7783000000,0.00312783639942
7789000000,0.00317191177801
7799000000,0.00320391754294
7812000000,0.00322568873174
7820000000,0.00311506425424
7832000000,0.0030049046724
7840000000,0.00289757529867
7846000000,0.00279487748904
7861000000,0.00268970180833
7870000000,0.00258366031241
7880000000,0.00248610384172
7890000000,0.00239741394547
7897000000,0.0023206736712
7912000000,0.00226401703665
7918000000,0.00221501871227
7932000000,0.00217314949357
7933000000,0.00214298592472
7944000000,0.00213018878361
7955000000,0.00212166450217
7963000000,0.00211669448819
7973000000,0.00211483153734
7996000000,0.00212597345167
7996000000,0.00213943796214
8013000000,0.0021534780497
8022000000,0.00217541019309
8032000000,0.00219666140307
8045000000,0.00221689724953
8050000000,0.00223587433166
8060000000,0.0022543155834
8071000000,0.00227245347247
8071000000,0.00228889374811
8094000000,0.00230362870549
8114000000,0.00231668840896
8114000000,0.00232813285307
8125000000,0.00233804257498
8131000000,0.00226116386706
8137000000,0.00213257605149
8151000000,0.00201205526365
8162000000,0.00178337017657
8173000000,0.0015714272751
8181000000,0.00125902360516
8191000000,0.000972274483541
8206000000,0.000712152389861
8211000000,0.000478833723928
8221000000,0.000229481234016
8244000000,8.0933115535e-06
8244000000,-0.000186291817838
8253000000,-0.000355044168934
8265000000,-0.000499819036793
8272000000,-0.000622465159061
8283000000,-0.000752606444072
8292000000,-0.000874459293685
8300000000,-0.00101571639755
8310000000,-0.00114164326904
8322000000,-0.00124922943266
8323000000,-0.00134562039177
8342000000,-0.00143925019675
8352000000,-0.00151794956503
8359000000,-0.00158311988353
8372000000,-0.00163616916026
8381000000,-0.0016003632656
8391000000,-0.00144556580947
8400000000,-0.0012949628976
8408000000,-0.00115103899249
8416000000,-0.000979981174341
8425000000,-0.000816935761733
8437000000,-0.000667056255887
8451000000,-0.000530903066098
8461000000,-0.000420505499511
8470000000,-0.000324338328476
8486000000,-0.000240470055177
8494000000,-0.000168176582002
8498000000,-0.000119117810035
8515000000,-9.13387703051e-05
8515000000,-7.08649857816e-05
8515000000,-5.66008853871e-05
8544000000,-5.86385393305e-05
8551000000,-8.05431746246e-05
8573000000,-0.000104200179349
8573000000,-0.000128710337746
8582000000,-0.000172826458492
8593000000,-0.000386132835911
8601000000,-0.000586818069087
8610000000,-0.00077339161185
8621000000,-0.00105643567682
8631000000,-0.00131659655527
8648000000,-0.0015529018177
8651000000,-0.00176511574292
8661000000,-0.00195359227516
8671000000,-0.00215609421641
8685000000,-0.00235004245118
8694000000,-0.00252343906878
8703000000,-0.00268699337724
8711000000,-0.00282839659005
8727000000,-0.0029491734079
8730000000,-0.00305098820078
8741000000,-0.00312280443613
8750000000,-0.00317857371256
8759000000,-0.00322155543691
8768000000,-0.00325349489087
8774000000,-0.00322364091314
8792000000,-0.00316710521832
8801000000,-0.00310893623563
8808000000,-0.00305077761747
8820000000,-0.00299126807726
8828000000,-0.00293248889022
8838000000,-0.00287702900613
8838000000,-0.00282542193227
8855000000,-0.00278353846542
8870000000,-0.00275377646033
8882000000,-0.0027275269281
8889000000,-0.00270463205441
8901000000,-0.00268731080793
8909000000,-0.00268203608553
8920000000,-0.00267870805112
8935000000,-0.0026769836823
8942000000,-0.00267706074615
8949000000,-0.0026824165461
8959000000,-0.00268827295994
8966000000,-0.00269439327832
8981000000,-0.00271325332481
9000000000,-0.00273435276172
9005000000,-0.00275417544958
9008000000,-0.00277253967935
9025000000,-0.00269933226955
9028000000,-0.00254312344121
9042000000,-0.00239680503096
9050000000,-0.00226155482853
9060000000,-0.00202853131023
9071000000,-0.00178740534791
9081000000,-0.00156741474336
9087000000,-0.001368996499
9097000000,-0.00115292200596
9111000000,-0.000902870509955
9118000000,-0.000678948007179
9130000000,-0.000480630935047
9141000000,-0.0002529137321
9151000000,-2.91370481158e-05
9161000000,0.000167830419292
9170000000,0.000339263224679
9180000000,0.000528921896487
9192000000,0.000711487528167
9203000000,0.000869761871557
9210000000,0.00100927454742
9222000000,0.00116095627149
9229000000,0.00129131049067
9239000000,0.00140194130969
9252000000,0.00149454036544
9260000000,0.00160033335763
9272000000,0.00169299028032
9282000000,0.00177057135072
9293000000,0.00183453956427
9302000000,0.00189840664649
9312000000,0.00195080378886
9319000000,0.00199298045654
9327000000,0.00202614816386
9347000000,0.00205146935583
9347000000,0.00207003726599
9369000000,0.00195705548185
9370000000,0.0017942278104
9370000000,0.00163932646156
9389000000,0.00143730650202
9402000000,0.00122583767599
9410000000,0.00103133028499
9422000000,0.000868294752172
9428000000,0.000753644543112
9442000000,0.000653820940877
9449000000,0.000601847352411
9460000000,0.00056439664115
9471000000,0.000536173452055
9479000000,0.000515850107663
9491000000,0.000509373850127
9501000000,0.000535987102154
9510000000,0.000564975971215
9520000000,0.000595189771812
9530000000,0.000625695770825
9541000000,0.00079173698994
9552000000,0.000948496465323
9557000000,0.00109442786731
9557000000,0.00122855732146
9557000000,0.00135038503454
9575000000,0.00146870696549
9598000000,0.00165242295056
9605000000,0.00181895606634
9619000000,0.0019684575579
9626000000,0.00213895798541
9637000000,0.00229483961262
9647000000,0.00243238321378
9665000000,0.00255475816371
9668000000,0.00266394493365
9683000000,0.00275743350085
9692000000,0.0028351888753
9694000000,0.00288877635501
9713000000,0.00293126068335
9722000000,0.00296404162244
9731000000,0.00297264941496
9738000000,0.00295964879924
9749000000,0.00294264872272
9759000000,0.00292287273407
9759000000,0.00290134811171
9782000000,0.00287892356226
9790000000,0.00285817738003
9797000000,0.00283949439451
9810000000,0.00282381993004
9821000000,0.00281447674422
9830000000,0.00280563739422
9838000000,0.00279739132581
9849000000,0.00278979396844
9862000000,0.00278565826768
9862000000,0.00278319989798
9880000000,0.00278114715751
9897000000,0.00277945494662
9902000000,0.00277559000375
9910000000,0.00277215807905
9921000000,0.00276914200577
9931000000,0.00276651789678
9942000000,0.00276425324322
9949000000,0.00272063857923
9959000000,0.00251734397762
9971000000,0.00232706831753
9975000000,0.00215131845881
9989000000,0.00191200228736
10006000000,0.00161612966523
10006000000,0.00134602116423
10007000000,0.00102506531404
10032000000,0.000703544141069
10037000000,0.000414771752317
10037000000,0.00015827824584
10047000000,-6.70290275122e-05
10068000000,-0.000305279817639
10074000000,-0.000554772550284
10076000000,-0.000773199880792
10100000000,-0.00100017035943
10107000000,-0.00121333900083
10124000000,-0.00139772682876
10131000000,-0.0015552938269
10138000000,-0.00168819384167
10149000000,-0.00183058362495
10160000000,-0.00196391045946
10170000000,-0.00207636476001
10170000000,-0.00218964336544
10170000000,-0.00228682918055
10170000000,-0.00236736626375
10211000000,-0.00243297542762
10211000000,-0.002485348916
10230000000,-0.00253925543395
10231000000,-0.00258373976634
10250000000,-0.00261861981984
10250000000,-0.00266448894838
10286000000,-0.0026777273494
10298000000,-0.00268585617598
10298000000,-0.00268980216357
10312000000,-0.00269040320497
10336000000,-0.00254284963149
10336000000,-0.0023862296321
10342000000,-0.00223120967521
10352000000,-0.00202089874231
10362000000,-0.00182665746901
10371000000,-0.00166987209745
10381000000,-0.0015491744443
10392000000,-0.0014431148206
10412000000,-0.00135096158467
10412000000,-0.00127182710631
10424000000,-0.00120471959766
10435000000,-0.00116732075234
10435000000,-0.00115074037048
10449000000,-0.00114097488259
10460000000,-0.00113907023143
10468000000,-0.00116145254877
10478000000,-0.00118599990583
10492000000,-0.001217505414
10505000000,-0.00129989043653
10514000000,-0.00137846159456
10517000000,-0.00145226591986
10531000000,-0.00152247042809
10542000000,-0.00160264253113
10552000000,-0.00167574734395
10562000000,-0.00174164265746
10570000000,-0.00180037855187
10580000000,-0.00183453883507
10589000000,-0.00185574749951
10601000000,-0.00187237106369
10611000000,-0.00188500371613
10614000000,-0.00187867878118
10628000000,-0.00185522928437
10640000000,-0.0018313382155
10646000000,-0.00180763241984
10661000000,-0.00177321876889
10669000000,-0.00171532103761
10680000000,-0.00166104757811
10691000000,-0.00161083858927
10702000000,-0.00160845577376
10713000000,-0.00162608267546
10719000000,-0.00164402022991
10733000000,-0.00166179964609
10741000000,-0.0017004686187
10754000000,-0.00173703041607
10757000000,-0.00177110573004
10757000000,-0.00180245365891
10781000000,-0.00183095386032
10788000000,-0.0018575786813
10798000000,-0.00188277009844
10811000000,-0.00190504576968
10819000000,-0.00191731756393
10828000000,-0.00192661454943
10834000000,-0.00193397828353
10834000000,-0.00193965699591
10834000000,-0.00194388408393
10854000000,-0.00194687210855
10854000000,-0.00194881401012
10889000000,-0.00194353231065
10889000000,-0.001928624666
10911000000,-0.00191413436626
10916000000,-0.00169954919085
10927000000,-0.00144892984711
10941000000,-0.00121609243106
10952000000,-0.000784419702423
10958000000,-0.00036220624425
10958000000,2.35128283761e-05
10979000000,0.000379422549004
10990000000,0.00076406691933
10998000000,0.00110780715325
10999000000,0.00141161030076
11017000000,0.00169336391686
11032000000,0.00197495895834
11039000000,0.00221960315097
11048000000,0.00242965406725
11061000000,0.00261855842362
11066000000,0.00278817254033
11078000000,0.0029300489007
11078000000,0.00304688490226
11078000000,0.00314137241928
11116000000,0.0032161352503
11119000000,0.00327960513503
11127000000,0.00332841393797
11142000000,0.00335652658432
11152000000,0.00337395187604
11161000000,0.00338255934665
11171000000,0.00331939570482
11179000000,0.00315990948226
11192000000,0.00300627675958
11201000000,0.00286069547318
11212000000,0.00270777202476
11219000000,0.00255544889697
11230000000,0.00241612404978
11237000000,0.00229015751757
11249000000,0.00217753602749
11262000000,0.00354763790579
11267000000,0.00627555993816
11275000000,0.00882633713096
11289000000,0.0111803764068
11301000000,0.0167469232431
11312000000,0.0227297910079
11318000000,0.0282156301146
11318000000,0.0331869324987
11338000000,0.0376414042125
11348000000,0.0452023674958
11357000000,0.052938915031
11365000000,0.0599103322306
11381000000,0.0687153936371
11387000000,0.0783135675032
11397000000,0.0869260655496
11397000000,0.0945688360062
11420000000,0.103121219602
11427000000,0.112475055026
11441000000,0.120761908394
11452000000,0.128022276496
11458000000,0.13585239061
11471000000,0.143685659308
11479000000,0.150516083944
11490000000,0.156403041826
11499000000,0.161956156131
11507000000,0.167906820966
11523000000,0.173018589675
11535000000,0.177354705467
11535000000,0.180982150832
11552000000,0.18396952647
11570000000,0.187149848327
11589000000,0.189779023201
11589000000,0.191915178131
11592000000,0.193614958437
11600000000,0.194872159248
11612000000,0.195656533496
11622000000,0.19560278654
11629000000,0.19535859573
11652000000,0.194969443264
11652000000,0.194475095341
11663000000,0.193650926523
11671000000,0.190535022612
11672000000,0.187553188626
11690000000,0.184743070288
11698000000,0.179970447928
11712000000,0.175308120236
11718000000,0.171031525411
11727000000,0.167155161372
11736000000,0.16059765947
11749000000,0.153868550702
11759000000,0.147777046566
11759000000,0.142323845548
11781000000,0.136180952809
11790000000,0.128794730366
11813000000,0.122185182155
11813000000,0.116335796463
11831000000,0.111216424026
11831000000,0.106786202725
11842000000,0.100602982201
11853000000,0.0907762859673
11862000000,0.0801032909896
11871000000,0.0705030788744
11882000000,0.061963584878
11891000000,0.0519205360559
11900000000,0.0419487303104
11912000000,0.0331314742684
11922000000,0.0254210015102
11933000000,0.0168011329054
11942000000,0.0080010577631
11952000000,0.000308536965833
11960000000,-0.00633882288788
11972000000,-0.0133233769385
11980000000,-0.0212526222204
11988000000,-0.0281648914697
12003000000,-0.0341214040976
12010000000,-0.0409712835647
12019000000,-0.0486371261299
12030000000,-0.0553373122352
12041000000,-0.0611264165675
12048000000,-0.0660687521396
12058000000,-0.0702336657974
12073000000,-0.0736929878188
12073000000,-0.0785935648647
12091000000,-0.0839540341375
12098000000,-0.0907094712351
12109000000,-0.0966741541337
12120000000,-0.10188263292
12132000000,-0.1067112538
12140000000,-0.112153113381
12151000000,-0.116886197061
12151000000,-0.120953561696
12170000000,-0.124404567952
12177000000,-0.128271019516
12184000000,-0.132514108695
12212000000,-0.136178802598
12224000000,-0.139305738917
12224000000,-0.141938994967
12243000000,-0.144123351703
12243000000,-0.145904186621
12251000000,-0.148431936673
12257000000,-0.151553667566
12272000000,-0.154267654845
12289000000,-0.156599574051
12289000000,-0.158578210308
12309000000,-0.160233531463
12310000000,-0.161596050272
12322000000,-0.162821024817
12329000000,-0.163804394397
12345000000,-0.164540543663
12351000000,-0.165096348453
12355000000,-0.165497482969
12372000000,-0.165652734439
12382000000,-0.165257589711
12388000000,-0.164806553051
12401000000,-0.16432124383
12410000000,-0.163816267516
12419000000,-0.162814559403
12429000000,-0.161168746037
12438000000,-0.159616984017
12438000000,-0.158173287065
12461000000,-0.156529465215
12469000000,-0.154304784029
12476000000,-0.152268487049
12476000000,-0.150426061929
12476000000,-0.148777382647
12478000000,-0.146796394616
12519000000,-0.143857474479
12519000000,-0.141196840518
12520000000,-0.138814764534
12548000000,-0.135435251095
12557000000,-0.131862887038
12558000000,-0.128657946061
12580000000,-0.12427130633
12592000000,-0.11994917455
12603000000,-0.116086094217
12609000000,-0.112671006823
12622000000,-0.108845603634
12631000000,-0.104247236875
12642000000,-0.100158176543
12649000000,-0.0965617127515
12662000000,-0.0930166049816
12672000000,-0.0883094826618
12681000000,-0.084136038819
12696000000,-0.0795432275954
12697000000,-0.0741278272119
12715000000,-0.0693141237977
12721000000,-0.065082047988
12736000000,-0.0613847432994
12736000000,-0.0567416447467
12760000000,-0.0520690383193
12767000000,-0.0479717543584
12774000000,-0.044419196238
12782000000,-0.0413749170283
12789000000,-0.0378732751052
12801000000,-0.0339506212459
12809000000,-0.0305310668295
12818000000,-0.0275845586134
12827000000,-0.0250688605429
12841000000,-0.0203351199792
12855000000,-0.0161236622588
12868000000,-0.0109012364812
12874000000,-0.005264640797
12883000000,-0.000244240968153
12892000000,0.00417794830868
12902000000,0.00823030935433
12912000000,0.013493448384
12921000000,0.0181401216578
12932000000,0.0225572513012
12942000000,0.0278012858854
12952000000,0.032419188244
12957000000,0.0364398937704
12957000000,0.0398999158549
12960000000,0.0428406374655
12991000000,0.0453066389912
13002000000,0.04914865081
13011000000,0.0538860322743
13022000000,0.0586570380228
13029000000,0.0628666283101
13042000000,0.0665394280954
13051000000,0.0702455872489
13059000000,0.0739759643333
13068000000,0.0772074756535
13077000000,0.0799736504231
13077000000,0.0823112699711
13097000000,0.0843605234005
13104000000,0.0869474651395
13114000000,0.089160220265
13130000000,0.091028684906
13130000000,0.0925842382887
13131000000,0.0945405063969
13164000000,0.0962052777814
13169000000,0.0978458570265
13179000000,0.09978281873
13191000000,0.101452474632
13199000000,0.102874147178
13211000000,0.104068768205
13221000000,0.10505776835
13226000000,0.105862644519
13243000000,0.106504141893
13250000000,0.107002257316
13259000000,0.107609648197
13272000000,0.108342737561
13279000000,0.10917232956
13292000000,0.109948527709
13302000000,0.110709044257
13315000000,0.11135698488
13316000000,0.111901424423
13326000000,0.112352015435
13340000000,0.112718502392
13349000000,0.113010594373
13359000000,0.113319361064
13376000000,0.113574265636
13376000000,0.113771606655
13398000000,0.113921561087
13398000000,0.114030716675
13411000000,0.114068571028
13415000000,0.113996298765
13429000000,0.113907820584
13449000000,0.113808539243
13458000000,0.113702948062
13466000000,0.113568232828
13472000000,0.113332424673
13496000000,0.113107198457
13496000000,0.112895339725
13503000000,0.112654588707
13515000000,0.112045601789
13523000000,0.111480123621
13532000000,0.110961538942
13542000000,0.110272695983
13551000000,0.109432326741
13562000000,0.108667896114
13572000000,0.107855502666
13580000000,0.106648280402
13593000000,0.105552266108
13594000000,0.104568397024
13612000000,0.103694931963
13626000000,0.102347932764
13628000000,0.101074237451
13643000000,0.0999389069584
13652000000,0.0989379739618
13661000000,0.0977289244988
13671000000,0.096332543743
13681000000,0.0950913557276
13691000000,0.0940002901991
13701000000,0.092533335173
13710000000,0.0910144060181
13722000000,0.0896680147043
13736000000,0.0884877061644
13741000000,0.0874646775473
13747000000,0.0832001178937
13760000000,0.0792764909979
13771000000,0.0726910931102
13780000000,0.0646848366472
13791000000,0.0573628116196
13802000000,0.0507439310611
13806000000,0.0422422492148
13813000000,0.0320603259489
13814000000,0.022868724875
13814000000,0.0146634493949
13852000000,0.00741920094507
13859000000,-0.00365409982448
13871000000,-0.0135732647371
13883000000,-0.0223607138528
13891000000,-0.0320722051931
13892000000,-0.0425955398479
13906000000,-0.0518984156476
13917000000,-0.0600310843014
13917000000,-0.0670593796924
13917000000,-0.0730598093109
13917000000,-0.0781156607831
13938000000,-0.0837221504126
13972000000,-0.0898476774644
13980000000,-0.0976532631966
13990000000,-0.104781309754
13998000000,-0.11098687021
14012000000,-0.11632615542
14019000000,-0.121398040772
14026000000,-0.125833803658
14046000000,-0.129560639613
14055000000,-0.132645154281
14063000000,-0.135154193295
14073000000,-0.137093997043
14082000000,-0.138455400883
14099000000,-0.139441362431
14111000000,-0.140108860867
14113000000,-0.140510329678
14121000000,-0.13987021083
14133000000,-0.138338765488
14142000000,-0.135234291517
14152000000,-0.132228901286
14162000000,-0.129368247129
14170000000,-0.126685051722
14181000000,-0.124201556052
14188000000,-0.120105334833
14202000000,-0.115892405017
14208000000,-0.112050540682
14225000000,-0.105989076322
14233000000,-0.100459293016
14240000000,-0.095471627082
14252000000,-0.0910224216047
14264000000,-0.0870976981298
14276000000,-0.0836741376033
14282000000,-0.0783475629983
14292000000,-0.0711380362314
14303000000,-0.0608587719848
14316000000,-0.0515151757655
14323000000,-0.0431173695218
14332000000,-0.034181495048
14344000000,-0.0240839437634
14356000000,-0.0150778064699
14363000000,-0.00713285836172
14371000000,-0.000200893405623
14377000000,0.00617258942339
14393000000,0.0144926934744
14401000000,0.0218028465475
14411000000,0.0281528770638
14419000000,0.0354846501491
14431000000,0.0446244141153
14440000000,0.0527103473764
14448000000,0.0597854924191
14461000000,0.0659063504091
14469000000,0.0711380407803
14481000000,0.0755507901126
14491000000,0.0821566700873
14498000000,0.0904928357169
14498000000,0.100565854567
14523000000,0.1095597501
14529000000,0.118718609061
14541000000,0.128577524618
14551000000,0.137294504555
14563000000,0.144915874079
14573000000,0.151502869001
14581000000,0.159600015661
14581000000,0.166932285727
14600000000,0.173275706749
14606000000,0.179948806091
14621000000,0.186918340889
14621000000,0.192955166667
14622000000,0.198121338583
14652000000,0.202485776599
14666000000,0.207503717256
14666000000,0.211927506402
14673000000,0.215663886064
14691000000,0.218773877166
14701000000,0.222267799062
14705000000,0.226117021091
14721000000,0.22940345367
14732000000,0.23223182213
14741000000,0.235101419965
14747000000,0.23751457681
14762000000,0.239513316433
14772000000,0.24190428565
14781000000,0.244105293126
14791000000,0.245952446404
14810000000,0.247479599766
14810000000,0.248720354912
14821000000,0.249707541336
14821000000,0.250461823741
14842000000,0.250982199999
14852000000,0.251354920354
14861000000,0.251599908026
14873000000,0.251730744975
14881000000,0.251768639563
14889000000,0.251501198555
14900000000,0.250851645097
14909000000,0.250194235933
14922000000,0.249544820962
14930000000,0.248770088549
14940000000,0.247494465791
14950000000,0.246298597218
14955000000,0.245192133997
14975000000,0.244180689868
14981000000,0.243266248907
14982000000,0.242106617518
14994000000,0.240561764466
14995000000,0.239160940027
15021000000,0.237904863185
15030000000,0.23552080463
15036000000,0.233350336016
15051000000,0.231396486137
15061000000,0.228686255365
15069000000,0.225835999585
15090000000,0.22327498014
15102000000,0.220999044635
15102000000,0.21899848744
15109000000,0.214589226455
15118000000,0.208848533328
15132000000,0.201742727481
15142000000,0.191051108234
15152000000,0.18126399295
15176000000,0.172408573326
15176000000,0.164485311648
15185000000,0.157473783945
15192000000,0.148736996995
15203000000,0.137179255813
15211000000,0.12413126712
15220000000,0.108498300672
15230000000,0.0944114185713
15242000000,0.0818580430341
15251000000,0.0662546648807
15260000000,0.0512389328528
15270000000,0.0379398238098
15280000000,0.0262914865962
15295000000,0.0162048785376
15301000000,0.00611384844468
15313000000,-0.00587225186852
15334000000,-0.0163352249011
15334000000,-0.0253636113212
15343000000,-0.0346048392123
15352000000,-0.0447913858772
15368000000,-0.0536246333803
15372000000,-0.0611935421854
15385000000,-0.0675966067908
15401000000,-0.074825716238
15407000000,-0.0822126343905
15412000000,-0.0893590290588
15423000000,-0.0973398874336
15432000000,-0.104262383191
15443000000,-0.110195679045
15446000000,-0.115138101694
15461000000,-0.11917699327
15471000000,-0.122476346369
15481000000,-0.125118726966
15489000000,-0.12718405076
15501000000,-0.128452389839
15506000000,-0.128875574638
15520000000,-0.12898104464
15534000000,-0.128833293677
15534000000,-0.128488863802
15554000000,-0.127509298148
15575000000,-0.125740376939
15575000000,-0.123978810513
15575000000,-0.122262324568
15591000000,-0.118837713365
15599000000,-0.115180131728
15611000000,-0.111538312641
15622000000,-0.106067907995
15631000000,-0.101032188763
15643000000,-0.0964521619907
15654000000,-0.0907823527713
15662000000,-0.0841482865805
15671000000,-0.0781543201215
15681000000,-0.0727982412246
15689000000,-0.0680642538638
15700000000,-0.0639260310039
15711000000,-0.0603504410503
15717000000,-0.0572984929091
15732000000,-0.0538432925139
15741000000,-0.0488657738559
15746000000,-0.0444624227782
15761000000,-0.0401352783994
15771000000,-0.0323262857923
15781000000,-0.0252787938823
15781000000,-0.0189897625576
15796000000,-0.00954594513912
15796000000,-0.000621372983901
15817000000,0.00893482883344
15829000000,0.0197882131876
15838000000,0.0294981780032
15849000000,0.0380895325506
15860000000,0.0477565722354
15871000000,0.0568030695667
15887000000,0.0647233225882
15897000000,0.0715793864425
15901000000,0.0774438768241
15912000000,0.0838844240998
15937000000,0.0900280767062
15938000000,0.100018114751
15951000000,0.106591163041
15962000000,0.112317035886
15970000000,0.117247612934
15975000000,0.122363214648
15985000000,0.127638107541
15998000000,0.132183957559
16015000000,0.136052737462
16016000000,0.140734434985
16025000000,0.145700553131
16034000000,0.150008522537
16053000000,0.153827184501
16060000000,0.158173078346
16071000000,0.161925757392
16083000000,0.165125884886
16088000000,0.167818479721
16099000000,0.171447759969
16111000000,0.174731590786
16120000000,0.177544183508
16130000000,0.180108860584
16140000000,0.182993099564
16151000000,0.185462756397
16158000000,0.187549887808
16158000000,0.189288438515
16178000000,0.190889246213
16187000000,0.192600403536
16210000000,0.194029545379
16211000000,0.195204188621
16211000000,0.196896370085
16246000000,0.197465995443
16270000000,0.198078540562
16270000000,0.198740323391
16270000000,0.199269132619
16286000000,0.19961365899
16292000000,0.199561578385
16308000000,0.199363416395
16321000000,0.199121039325
16338000000,0.198849019789
16338000000,0.198559710512
16359000000,0.198263040015
16359000000,0.197967007531
16359000000,0.197677562756
16372000000,0.198387229301
16382000000,0.203721302593
16390000000,0.209070837391
16414000000,0.214022978224
16421000000,0.222642594885
16431000000,0.229289347177
16442000000,0.235329042487
16453000000,0.241031769559
16461000000,0.248541234218
16470000000,0.255298635935
16482000000,0.261311653412
16489000000,0.266603041412
16501000000,0.271206861673
16509000000,0.275667066843
16516000000,0.279553823052
16516000000,0.282856263399
16516000000,0.285623936278
16548000000,0.287907714376
16559000000,0.289758568708
16559000000,0.291226358371
16559000000,0.292359233377
16589000000,0.293202631147
16599000000,0.293798781177
16599000000,0.294186364565
16613000000,0.294400222651
16630000000,0.294471870414
16637000000,0.294429322736
16646000000,0.294297760515
16661000000,0.293991073115
16670000000,0.292695434884
16679000000,0.291431617916
16691000000,0.29022033206
16702000000,0.288390927759
16703000000,0.285120551652
16715000000,0.282078537259
16715000000,0.279285011807
16715000000,0.276749774108
16753000000,0.274474582018
16753000000,0.270437126332
16754000000,0.264798733409
16782000000,0.259636588077
16791000000,0.249736600387
16793000000,0.2406562959
16793000000,0.232425235713
16818000000,0.225047471181
16832000000,0.216427457715
16839000000,0.205696316453
16850000000,0.19605603562
16860000000,0.187491244191
16871000000,0.176129814283
16881000000,0.164404963146
16889000000,0.153966312807
16898000000,0.139617505051
16911000000,0.126207991714
16916000000,0.11430148798
16929000000,0.103845619811
16941000000,0.0929344404087
16950000000,0.0792512659694
16962000000,0.0671396928198
16971000000,0.0565368439134
16977000000,0.047358978344
16991000000,0.0375428940222
17006000000,0.0261904377578
17006000000,0.0162613010034
17021000000,0.00767690571942
17030000000,0.000344469677708
17039000000,-0.00828393630322
17040000000,-0.0193004600731
17040000000,-0.0323817148354
17068000000,-0.0462035208843
17082000000,-0.0584748123101
17092000000,-0.0692481532334
17100000000,-0.0822618837439
17111000000,-0.0941214809675
17120000000,-0.104478178829
17132000000,-0.113419423304
17141000000,-0.121045513582
17151000000,-0.127464485773
17161000000,-0.134198820623
17172000000,-0.140771880952
17180000000,-0.148459963593
17192000000,-0.15647980157
17202000000,-0.163430179774
17211000000,-0.169382433055
17221000000,-0.175667470071
17231000000,-0.181173914841
17242000000,-0.185830062172
17253000000,-0.189711550099
17259000000,-0.193709198289
17271000000,-0.19756693028
17283000000,-0.200790274046
17291000000,-0.203883923701
17299000000,-0.206624927639
17309000000,-0.208872377977
17322000000,-0.210680148488
17330000000,-0.212119664719
17340000000,-0.213240037695
17350000000,-0.214068603741
17358000000,-0.214648643782
17366000000,-0.215019325418
17380000000,-0.215147539784
17390000000,-0.215130163531
17396000000,-0.215004219136
17396000000,-0.214795709229
17422000000,-0.214415120003
17431000000,-0.213078914558
17439000000,-0.211779892485
17451000000,-0.21053828115
17460000000,-0.208509537324
17468000000,-0.206615871
17468000000,-0.204870979563
17483000000,-0.203282295962
17497000000,-0.201493569399
17508000000,-0.198510181584
17523000000,-0.195786104975
17531000000,-0.19332689076
17542000000,-0.190001692084
17551000000,-0.186266369517
17559000000,-0.182899261553
17567000000,-0.179897419426
17583000000,-0.175213280264
17590000000,-0.170769818063
17603000000,-0.166798196597
17611000000,-0.163287059218
17620000000,-0.159024125576
17631000000,-0.154085259805
17640000000,-0.149686807936
17652000000,-0.145812386153
17659000000,-0.142437375295
17667000000,-0.138237574724
17679000000,-0.13330225269
17688000000,-0.128929617933
17702000000,-0.124034441932
17712000000,-0.118177466594
17724000000,-0.112964601304
17729000000,-0.10837568853
17749000000,-0.10438119828
17749000000,-0.0998478189133
17762000000,-0.0942923661152
17770000000,-0.0893823571918
17783000000,-0.083190844118
17790000000,-0.0769128267707
17802000000,-0.0713554656455
17812000000,-0.0664904734043
17820000000,-0.0602385732439
17829000000,-0.054221786924
17845000000,-0.0489373569247
17850000000,-0.0443478416878
17860000000,-0.0404083466473
17870000000,-0.0370689537754
17881000000,-0.0340057876431
17888000000,-0.029073708683
17902000000,-0.0247458584302
17911000000,-0.0185029636413
17920000000,-0.0126758844129
17931000000,-0.00753012399991
17938000000,-0.00303620029487
17949000000,0.00136180132443
17962000000,0.00714193925664
17972000000,0.012241345305
17982000000,0.0166900819826
17991000000,0.0225757420117
18001000000,0.0282699550663
18012000000,0.033272001638
18022000000,0.0378397931878
18035000000,0.0435648923208
18044000000,0.04859755542
18067000000,0.0529717783657
18067000000,0.0567293202543
18072000000,0.0599172220443
18082000000,0.0642717963627
18091000000,0.068237947365
18102000000,0.072716675729
18112000000,0.0776341192322
18121000000,0.0819514283706
18132000000,0.0856991217822
18140000000,0.089486302435
18151000000,0.0931196565047
18161000000,0.0962426908935
18173000000,0.0988986445195
18181000000,0.102013222693
18192000000,0.104683086306
18202000000,0.106942571817
18211000000,0.108828284176
18221000000,0.110377320195
18233000000,0.111628580875
18241000000,0.112989145876
18253000000,0.114095877591
18261000000,0.114977529144
18270000000,0.116087877145
18278000000,0.117179976058
18290000000,0.118085823308
18301000000,0.118824568152
18310000000,0.119393357565
18321000000,0.119811997256
18324000000,0.120119892197
18337000000,0.12034820116
18351000000,0.120500009685
18362000000,0.120585191555
18372000000,0.120615880772
18382000000,0.120247519216
18390000000,0.119866231317
18398000000,0.11948295909
18412000000,0.119106522278
18422000000,0.118332389972
18432000000,0.117602088407
18438000000,0.116922588113
18449000000,0.116166480226
18462000000,0.114961845399
18469000000,0.113855063887
18480000000,0.112850018767
18487000000,0.111947513377
18499000000,0.111145948615
18511000000,0.110441769302
18521000000,0.109829979922
18530000000,0.108863562805
18539000000,0.107818904548
18548000000,0.106888523953
18557000000,0.10606891194
18563000000,0.104610302288
18580000000,0.102988375304
18592000000,0.100576472974
18616000000,0.0982788889862
18616000000,0.0962082438568
18627000000,0.094056574836
18632000000,0.0914454619667
18641000000,0.0891065071381
18650000000,0.0870342218518
18662000000,0.0847948693676
18671000000,0.0822040387444
18678000000,0.0799065382081
18692000000,0.077891645451
18701000000,0.0759075102717
18710000000,0.0732800183467
18720000000,0.0709543996076
18732000000,0.0689185838839
18741000000,0.0671565882771
18752000000,0.0653354975634
18759000000,0.0630532666144
18770000000,0.0610498358302
18780000000,0.0593109361686
18798000000,0.0567700845784
18800000000,0.0544069401621
18808000000,0.0520285408844
18821000000,0.0492530492921
18829000000,0.0467956865614
18840000000,0.0446441081474
18849000000,0.0427816724752
18862000000,0.0411887099233
18868000000,0.0397428713838
18880000000,0.0376454733065
18880000000,0.0358111555888
18898000000,0.0340213989111
18912000000,0.0317076817483
18926000000,0.0296673685873
18933000000,0.0278881577635
18943000000,0.025481177753
18949000000,0.0233547371841
18959000000,0.0214968930739
18972000000,0.019892349789
18980000000,0.0185235582635
18980000000,0.0172030063627
18999000000,0.015433064068
18999000000,0.0138906550607
18999000000,0.0125619804752
19031000000,0.0111318604767
19039000000,0.0096185605486
19046000000,0.00830752714416
19061000000,0.00670983928694
19070000000,0.005115907494
19079000000,0.00372516003987
19079000000,0.00252554860064
19105000000,0.00128903424726
19105000000,8.86859046356e-05
19105000000,-0.000940694830952
19131000000,-0.00193675231941
19142000000,-0.0030647577563
19153000000,-0.00403715173905
19159000000,-0.00486525160455
19166000000,-0.00556111571641
19181000000,-0.00618550765176
19190000000,-0.00680653515013
19202000000,-0.0073224240861
19212000000,-0.00778804628108
19220000000,-0.00826766042543
19231000000,-0.00866449949149
19236000000,-0.00898722985867
19253000000,-0.00924433336021
19262000000,-0.00944673336722
19270000000,-0.00960544371218
19285000000,-0.00972074206853
19297000000,-0.00979919540106
19302000000,-0.0098468811128
19316000000,-0.00982120921907
19320000000,-0.00977275839165
19332000000,-0.00964943025403
19342000000,-0.00946038343184
19351000000,-0.00927396288275
19358000000,-0.00909372787722
19373000000,-0.00892238521559
19382000000,-0.00858390752208
19391000000,-0.00824898188243
19402000000,-0.00794030692957
19412000000,-0.00763397163208
19421000000,-0.00713643703609
19431000000,-0.00668162318498
19441000000,-0.00627062642634
19453000000,-0.00583804607982
19462000000,-0.00519745344539
19472000000,-0.00461765780194
19482000000,-0.00409869578329
19488000000,-0.00314327840251
19501000000,-0.00222119698248
19510000000,-0.00139056050468
19522000000,-0.000650542603075
19532000000,3.00980649345e-05
19545000000,0.000632142664762
19557000000,0.00115304756008
19568000000,0.00159837581322
19572000000,0.0019742084994
19583000000,0.00228689179824
19598000000,0.00268202800831
19598000000,0.00333505077649
19598000000,0.00391495070277
19621000000,0.00483870007368
19632000000,0.0056703172618
19639000000,0.00641071963079
19648000000,0.00706268281165
19660000000,0.00763039813017
19669000000,0.0081190820665
19681000000,0.0085359331773
19689000000,0.00924775780613
19702000000,0.00996276195591
19711000000,0.0105933928976
19719000000,0.0111434347135
19730000000,0.0118335535754
19743000000,0.0127562325323
19747000000,0.0135803996925
19760000000,0.014522742374
19769000000,0.0157291047279
19779000000,0.0172982387517
19782000000,0.0187158010379
19801000000,0.0199821695572
19805000000,0.0211025563232
19814000000,0.0222567182588
19829000000,0.0233382047135
19851000000,0.0242794415287
19851000000,0.0250889982794
19859000000,0.0258734113642
19872000000,0.0267606899338
19883000000,0.0275271827524
19892000000,0.0281813915308
19902000000,0.0287566686303
19911000000,0.0294488234226
19921000000,0.0300423974471
19935000000,0.0306039695619
19941000000,0.0313091411047
19950000000,0.0319214481642
19962000000,0.0324469262865
19971000000,0.0329334370809
19981000000,0.0335021247887
19991000000,0.0339923921454
20002000000,0.034409800137
20011000000,0.0347604219887
20021000000,0.0350505502805
20031000000,0.0354037080309
20039000000,0.0357781116631
20052000000,0.0360978308933
20060000000,0.0364208992066
20072000000,0.0367734430696
20082000000,0.0370764133958
20092000000,0.037354117639
20100000000,0.0376690481992
20112000000,0.0379398700989
20120000000,0.0381698747401
20128000000,0.038362558621
20144000000,0.0385214332461
20144000000,0.0386500593815
20180000000,0.0387888590866
20180000000,0.0389260933596
20180000000,0.0390391626127
20212000000,0.0391306533505
20212000000,0.0392030844857
20212000000,0.0392588076441
20226000000,0.0393237825229
20232000000,0.0393775391847
20244000000,0.0394208668708
20252000000,0.0394242162487
20262000000,0.0393769986911
20274000000,0.0393267066149
20285000000,0.0392750692206
20291000000,0.0392232811495
20302000000,0.0391094044882
20312000000,0.0390013836936
20323000000,0.0389003894144
20332000000,0.0388071776537
20339000000,0.038722170546
20349000000,0.0386034674795
20356000000,0.0384340382677
20356000000,0.0382792636168
20377000000,0.0381394806013
20388000000,0.0379444067468
20399000000,0.0377224259963
20410000000,0.0375219957082
20411000000,0.037343014927
20411000000,0.0371849140389
20440000000,0.0369839873622
20448000000,0.036475418141
20461000000,0.0359729789385
20470000000,0.0355161621999
20480000000,0.0351055070203
20492000000,0.0347842215825
20504000000,0.0345471002962
20511000000,0.0343462339822
20530000000,0.0341784184219
20532000000,0.0340403867771
20541000000,0.0337728475702
20550000000,0.0335000401515
20572000000,0.0332607037495
20587000000,0.033053093456
20587000000,0.0328751333157
20593000000,0.0327245149788
20611000000,0.0324504414345
20619000000,0.032172176922
20622000000,0.0318336458681
20633000000,0.0313961756317
20645000000,0.0310025695867
20650000000,0.0305533352278
20651000000,0.0300876770675
20672000000,0.0296727897842
20681000000,0.0293071690597
20682000000,0.0289310969006
20698000000,0.0285185968585
20710000000,0.0281560859429
20720000000,0.0278410971799
20729000000,0.0274655528467
20740000000,0.0270935254579
20747000000,0.0267689604978
20761000000,0.0264890362166
20773000000,0.0262505479334
20785000000,0.0260500392787
20791000000,0.0258839646633
20799000000,0.0256258858204
20806000000,0.0254026156835
20821000000,0.0252117714906
20831000000,0.0249517903665
20839000000,0.0246604845042
20839000000,0.0244042611348
20839000000,0.0241814272424
20840000000,0.0239899245026
20876000000,0.0238274064593
20876000000,0.0235955668381
20900000000,0.023372294647
20910000000,0.0230958147234
20920000000,0.0228516985953
20932000000,0.0225939684461
20939000000,0.0223246341448
20951000000,0.0220881729318
20959000000,0.0218829123106
20963000000,0.0217068174023
20974000000,0.0215576274728
20992000000,0.0214329738304
20999000000,0.0212745925882
21013000000,0.021114692593
21022000000,0.0209075857676
21031000000,0.0207257477721
21040000000,0.0205678860107
21051000000,0.0204324318786
21058000000,0.0203079488628
21069000000,0.0201887033611
21081000000,0.0200880297107
21091000000,0.0200042688103
21098000000,0.0199163985258
21110000000,0.0198306479741
21120000000,0.0197588754449
21126000000,0.0196997189382
21141000000,0.0196518222637
21149000000,0.0196116531087
21157000000,0.0195753413457
21168000000,0.0195470076419
21178000000,0.0195255965385
21189000000,0.0195020940546
21200000000,0.0194539060687
21212000000,0.0194122858899
21212000000,0.0193767835864
21222000000,0.0193469243749
21222000000,0.0193185410003
21245000000,0.0192896387149
21257000000,0.0192654095419
21272000000,0.0192454096634
21281000000,0.0192345441327
21287000000,0.0192267191239
21300000000,0.0192214839229
21312000000,0.0192184241667
21322000000,0.0192328112054
21331000000,0.0192578866499
21342000000,0.01928239453
21351000000,0.0194773837476
21359000000,0.0196792935816
21369000000,0.0198667309903
21382000000,0.0200385692712
21391000000,0.020210502751
21398000000,0.0203720414715
21410000000,0.0205161496488
21419000000,0.0206432983191
21431000000,0.0207366209
21440000000,0.0208083814695
21457000000,0.0208676427137
21462000000,0.02089978658
21468000000,0.0209074540612
21481000000,0.0209085280501
21489000000,0.0208886962799
21501000000,0.0208555922289
21513000000,0.020821220128
21527000000,0.020786616044
21532000000,0.0207526074492
21541000000,0.0207073426067
21552000000,0.0206564123883
21560000000,0.0206088885202
21571000000,0.0205788876626
21577000000,0.0205721449703
21591000000,0.0205672202024
21602000000,0.0205638324641
21637000000,0.0205617299119
21637000000,0.0205605105408
21643000000,0.020561031422
21663000000,0.0207608864915
21663000000,0.0209976602842
21670000000,0.0212626018968
21680000000,0.0216807273557
21691000000,0.0220666125101
21701000000,0.0224978339869
21708000000,0.0229412231378
21720000000,0.0233415592525
21731000000,0.0237547508093
21739000000,0.0241590290697
21753000000,0.0245172194875
21762000000,0.0248310681805
21772000000,0.0251029537411
21781000000,0.0253662387789
21790000000,0.0256214337822
21800000000,0.0258398991827
21812000000,0.0260420211635
21812000000,0.0262520995651
21827000000,0.0264307989039
21841000000,0.0265807702627
21849000000,0.0267047572376
21857000000,0.0268054990479
21871000000,0.0268759974052
21878000000,0.026907052428
21890000000,0.0269219097599
21901000000,0.026915845213
21907000000,0.0269016649258
21917000000,0.0268814125744
21917000000,0.0268568324876
21917000000,0.0268293938869
21953000000,0.026800308015
21953000000,0.0267705533076
21953000000,0.0267409262086
21980000000,0.0267120528121
21980000000,0.0266629126216
22001000000,0.026614331716
22001000000,0.0265692094843
22030000000,0.0265278169491
22038000000,0.0264835663641
22041000000,0.0264174332616
22052000000,0.0263571405389
22064000000,0.0261679610277
22064000000,0.0259364112544
22077000000,0.0257233366638
22077000000,0.0255295872897
22078000000,0.0252692302988
22125000000,0.025024040202
22125000000,0.0248040272526
22134000000,0.0246144774513
22134000000,0.024449078701
22134000000,0.0243239856221
22160000000,0.0242446614584
22176000000,0.0241815502366
22189000000,0.0241326174648
22202000000,0.024095945294
22202000000,0.0240697477773
22217000000,0.0240529362453
22226000000,0.0240658699289
22230000000,0.0240930253398
22243000000,0.0241322117593
22252000000,0.0241739599318
22262000000,0.0242220362039
22269000000,0.0242685137248
22285000000,0.0243126888595
22286000000,0.0243540594226
22298000000,0.0244027763753
22305000000,0.0244500897339
22313000000,0.0244931121119
22316000000,0.0245317841694
22316000000,0.0245728741255
22351000000,0.0246192280617
22351000000,0.0246605708148
22375000000,0.0246970431191
22379000000,0.0247288630958
22387000000,0.024772566114
22400000000,0.0248129795654
22400000000,0.0248484329497
22400000000,0.0248791819094
22432000000,0.0249055340364
22432000000,0.0249452269616
22450000000,0.024982061564
22463000000,0.0250279176293
22470000000,0.0250774557456
22481000000,0.0251214280431
22483000000,0.0251600262499
22501000000,0.0252017909657
22511000000,0.0252416952167
22522000000,0.025276415924
22529000000,0.0253103175007
22533000000,0.025345385644
22542000000,0.025375683604
22542000000,0.0254015362609
22550000000,0.0254232981962
22564000000,0.0254444008384
22589000000,0.0254649648273
22611000000,0.0254821653498
22611000000,0.0254963242357
22611000000,0.0255077635934
22627000000,0.0255167970338
22642000000,0.0255247149563
22651000000,0.0255291800238
22659000000,0.0255301905852
22671000000,0.0255300392939
22682000000,0.0255289718627
22688000000,0.0255272048471
22700000000,0.0255237981118
22711000000,0.0255102471183
22721000000,0.0254971333671
22731000000,0.0254717589794
22743000000,0.0254425381324
22748000000,0.0254153965099
22749000000,0.0253905011398
22770000000,0.0253679283613
22777000000,0.0253476848968
22791000000,0.0253282077001
22803000000,0.0251788487784
22814000000,0.0249157714521
22814000000,0.0246712824739
22814000000,0.024446905556
22844000000,0.0242433891961
22853000000,0.0239845773464
22863000000,0.0236393690003
22876000000,0.0231888822383
22876000000,0.0227788779446
22876000000,0.0224099507924
22876000000,0.0220816626437
22912000000,0.0217927595676
22921000000,0.0214754227742
22935000000,0.0211463427742
22943000000,0.0208390297016
22952000000,0.0205709761131
22961000000,0.0203398582957
22968000000,0.0201384764893
22978000000,0.0199584541328
22986000000,0.0198078518483
22998000000,0.0196838048616
23009000000,0.0195834545299
23021000000,0.0195040234303
23031000000,0.0194428580462
23036000000,0.0193994656742
23050000000,0.0193739695295
23061000000,0.0193593790978
23071000000,0.019390602167
23079000000,0.0195705870047
23090000000,0.0197448964722
23099000000,0.0199223576933
23112000000,0.0201056750692
23122000000,0.0202755721502
23130000000,0.0204289092211
23138000000,0.0205484105214
23150000000,0.0206544039555
23161000000,0.0207473787747
23169000000,0.0208170333484
23178000000,0.0208597552228
23192000000,0.0208935857937
23200000000,0.0209196522951
23200000000,0.0209390166367
23219000000,0.0209416175519
23229000000,0.0209292954202
23240000000,0.0209144075799
23250000000,0.0208978352841
23261000000,0.02087150761
23272000000,0.0208367649487
23280000000,0.0208032746458
23291000000,0.0207715224385
23301000000,0.0207286944657
23312000000,0.0206875464106
23321000000,0.0206498335224
23330000000,0.0206131811525
23342000000,0.0205705153565
23354000000,0.0205321094057
23360000000,0.0204979212954
23373000000,0.0204615100486
23379000000,0.0204278432849
23398000000,0.0203983775756
23401000000,0.0203728884032
23408000000,0.0203511016
23420000000,0.0203317397818
23425000000,0.0203117162607
23442000000,0.0202947743115
23462000000,0.0202806471022
23462000000,0.0202690629215
23462000000,0.0202597497525
23462000000,0.0202524337323
23462000000,0.0202486636033
23463000000,0.020247032177
23505000000,0.0202502507303
23519000000,0.0202870738047
23529000000,0.0203486441891
23537000000,0.0206373513678
23551000000,0.0209079036906
23564000000,0.0211580750567
23568000000,0.0213865812165
23580000000,0.021627549843
23589000000,0.0219794468275
23598000000,0.0222992047733
23609000000,0.0225864820435
23620000000,0.0228417285901
23633000000,0.0230974982702
23642000000,0.0233935960947
23651000000,0.0236555783802
23661000000,0.0238848085544
23672000000,0.0240830986588
23681000000,0.0242803884936
23691000000,0.0244901975552
23698000000,0.0246856893203
23710000000,0.0248860765337
23713000000,0.0250591247099
23730000000,0.0252067513553
23739000000,0.0253404935062
23750000000,0.0254535215901
23761000000,0.0255468477793
23774000000,0.025622628318
23781000000,0.0257069688983
23788000000,0.0257787470465
23795000000,0.0258369019213
23809000000,0.0258830200747
23822000000,0.0259186217933
23828000000,0.0258066352867
23842000000,0.025637311668
23852000000,0.0254745376329
23861000000,0.0253205641842
23870000000,0.0251724278639
23877000000,0.0249973805099
23878000000,0.0248369217766
23878000000,0.024697994661
23904000000,0.0245765177811
23918000000,0.0244692731141
23928000000,0.024375638937
23938000000,0.0243085411767
23951000000,0.0242582614407
23961000000,0.0242176087681
23972000000,0.0241854534008
23979000000,0.024172404999
23989000000,0.0241699327915
24002000000,0.0241717958347
24012000000,0.0241770289276
24021000000,0.0241888064361
24030000000,0.0242112858885
24040000000,0.024234150606
24051000000,0.0242568041716
24060000000,0.0242787755174
24067000000,0.0242997706051
24081000000,0.0243301816008
24091000000,0.0243584706254
24099000000,0.0243844452405
24108000000,0.0244080075203
24120000000,0.0244291354882
24131000000,0.0244478643555
24139000000,0.0244642761873
24151000000,0.0244836947426
24161000000,0.0245058172831
24169000000,0.0245253588438
24178000000,0.0245460970976
24186000000,0.0245687518497
24194000000,0.0245886859586
24198000000,0.0246060212356
24214000000,0.0245670350244
24215000000,0.0244511345501
24239000000,0.0243416080419
24240000000,0.0242395406609
24257000000,0.024145629077
24258000000,0.0239784539346
24258000000,0.0238052343316
24258000000,0.0236473555608
24300000000,0.0235050948657
24300000000,0.0233783191872
24322000000,0.0232152994547
24332000000,0.0230185161463
24339000000,0.0227723177281
24349000000,0.0225501787784
24362000000,0.0223519846636
24370000000,0.0221771021604
24379000000,0.0220243769684
24391000000,0.0218570444953
24399000000,0.0217029196261
24400000000,0.0215696233847
24419000000,0.0214557255694
24420000000,0.0213360766119
24436000000,0.0212187178399
24450000000,0.0211184954428
24450000000,0.021034014837
24469000000,0.020956317572
24478000000,0.0208626458884
24486000000,0.0207826614323
24498000000,0.0207117285444
24512000000,0.020621488407
24518000000,0.0205436285985
24528000000,0.0204772668289
24541000000,0.0203980856472
24551000000,0.0203273453974
24562000000,0.0202669433519
24571000000,0.0202160473965
24577000000,0.0201639483037
24586000000,0.0201058000832
24600000000,0.0200560995281
24609000000,0.0200141659602
24609000000,0.0199777293032
24626000000,0.0199348358886
24636000000,0.0198984780859
24652000000,0.0198680913907
24661000000,0.0198319237381
24671000000,0.019796553633
24679000000,0.0197664578034
24679000000,0.0197411841034
24679000000,0.0197202727607
24679000000,0.0197032622667
24679000000,0.0196897055685
24727000000,0.019726981205
24727000000,0.0198339411132
24746000000,0.0199542835291
24756000000,0.0200943980601
24756000000,0.0202243247938
24756000000,0.0203433159999
24756000000,0.0204509263049
24801000000,0.0205133213224
24807000000,0.020566714194
24821000000,0.0206043569361
24828000000,0.0206058258959
24841000000,0.0206027825076
24849000000,0.0205962488313
24860000000,0.020587107516
24870000000,0.0205533406706
24878000000,0.0205197366952
24888000000,0.0204742255054
24899000000,0.020381058888
24909000000,0.020293622329
24918000000,0.0202126593062
24919000000,0.0201386082233
24928000000,0.0200716584607
24953000000,0.020011799158
24959000000,0.0199364401494
24974000000,0.0198575225557
24981000000,0.0197831599595
24992000000,0.019717322893
24998000000,0.0196596765095
25012000000,0.0196097718779
25023000000,0.0195828441271
25029000000,0.0195633260299
25035000000,0.0195486752523
25050000000,0.0195437231614
25063000000,0.0195635209874
25070000000,0.0195845777812
25079000000,0.0196061605635
25091000000,0.0196276775651
25102000000,0.0196080422851
25115000000,0.0195855755158
25125000000,0.0195650381346
25127000000,0.0195464897134
25141000000,0.0195260509941
25151000000,0.019492661457
25173000000,0.0194623071058
25173000000,0.0194350221141
25189000000,0.0194107643589
25194000000,0.0193894370534
25204000000,0.0193658784143
25215000000,0.0193431418836
25223000000,0.0193233035427
25230000000,0.0193041442658
25258000000,0.0192867777827
25258000000,0.0192719175505
25258000000,0.0192593660738
25271000000,0.019253436125
25300000000,0.0192535421102
25308000000,0.0192568413094
25312000000,0.0192623933091
25322000000,0.0192793416177
25329000000,0.0193697617878
25343000000,0.0196234235176
25352000000,0.0198607098949
25362000000,0.0200797836416
25372000000,0.0202795944214
25381000000,0.0205781576797
25391000000,0.0208789316985
25398000000,0.0211507800546
25410000000,0.0213937527357
25421000000,0.0216526677081
25428000000,0.0219249605768
25435000000,0.0221660790641
25453000000,0.022377214428
25461000000,0.0225838021828
25471000000,0.0227965401503
25480000000,0.0229812283378
25480000000,0.0231396815936
25501000000,0.023277318101
25507000000,0.0234059209969
25523000000,0.0235135491163
25531000000,0.0236022284896
25539000000,0.0236739798951
25552000000,0.0237332397062
25568000000,0.0237808743674
25572000000,0.0238169687217
25572000000,0.0238431552425
25573000000,0.0238609328545
25592000000,0.0237850568945
25596000000,0.0236240987711
25608000000,0.0234065820921
25631000000,0.0231860286416
25641000000,0.0229807476863
25658000000,0.0228114098585
25658000000,0.0226770640794
25673000000,0.0225576992102
25677000000,0.0224528088187
25689000000,0.0223616695244
25700000000,0.0222359559102
25712000000,0.0221198606109
25722000000,0.0220182073944
25731000000,0.0219302079226
25741000000,0.021852894395
25752000000,0.021786557857
25761000000,0.0217310563381
25772000000,0.0216853294225
25782000000,0.0216527356431
25787000000,0.0216303457553
25801000000,0.0216141999049
25805000000,0.0216050504058
25827000000,0.021604105447
25830000000,0.0216064106773
25841000000,0.0216112197056
25841000000,0.0216178854244
25860000000,0.021627069866
25871000000,0.0216371622949
25880000000,0.021647633641
25891000000,0.0216574606052
25900000000,0.0216644307762
25911000000,0.0216712294628
25921000000,0.0216777316136
25933000000,0.0216838501466
25938000000,0.0215728737938
25948000000,0.0214196577999
25959000000,0.0212769745405
25959000000,0.0211457834901
25981000000,0.0209252284468
25991000000,0.0207119187595
25998000000,0.0205181958076
26012000000,0.0203442416523
26021000000,0.0201305795167
26029000000,0.0199248576069
26040000000,0.0197419563495
26041000000,0.0195811281263
26050000000,0.0194030307181
26065000000,0.0192377417413
26080000000,0.0190938324826
26087000000,0.0189699912567
26102000000,0.0188333716467
26110000000,0.0187156582301
26118000000,0.0186154729194
26128000000,0.0185313350429
26139000000,0.0184499421147
26146000000,0.0183793955483
26147000000,0.0183213568516
26166000000,0.0182744842764
26174000000,0.0182343708689
26192000000,0.0182000155319
26193000000,0.0181734427683
26209000000,0.0181534105222
26220000000,0.018138359827
26231000000,0.018128220094
26237000000,0.0181221900843
26246000000,0.0181226678753
26255000000,0.0181379043203
26271000000,0.0181543016433
26281000000,0.0181712628773
26292000000,0.0181883109815
26295000000,0.0182050416852
26309000000,0.018226902174
26321000000,0.0182512653239
26321000000,0.0182739922437
26340000000,0.0183090139219
26352000000,0.0183504645694
26360000000,0.0183885022632
26369000000,0.018427818892
26376000000,0.0184703403111
26390000000,0.018508610995
26399000000,0.0185426571414
26399000000,0.0185726031107
26421000000,0.0185986342544
26429000000,0.0186408507558
26436000000,0.0186785095362
26436000000,0.0187117311625
26460000000,0.0187407258546
26469000000,0.0187746633942
26479000000,0.0188043142745
26479000000,0.0188298924881
26501000000,0.018857902032
26511000000,0.0188881249392
26517000000,0.0189144168449
26527000000,0.0189370397762
26541000000,0.0189562439899
26552000000,0.0189813415633
26558000000,0.0190052346565
26569000000,0.0190258493717
26579000000,0.0190444671809
26589000000,0.0190625543399
26601000000,0.0190779171371
26609000000,0.0191067836313
26614000000,0.0191390988892
26625000000,0.0191678465512
26641000000,0.0191931421522
26647000000,0.0192151999673
26660000000,0.0192341972025
26663000000,0.01924946453
26681000000,0.0192621045474
26688000000,0.0192724410894
26698000000,0.0192838463598
26712000000,0.0193003568104
26720000000,0.0193146857831
26730000000,0.019322858366
26739000000,0.0193253753609
26750000000,0.0193267183781
26761000000,0.0193270797176
26772000000,0.0193295569982
26781000000,0.0193354751315
26789000000,0.0193404986038
26798000000,0.0193447149231
26812000000,0.0193481911667
26821000000,0.0193510247793
26830000000,0.0193532225186
26839000000,0.0193470908235
26852000000,0.01934095418
26860000000,0.0193310884952
26869000000,0.0193207999645
26885000000,0.019311164405
26890000000,0.0192982634877
26899000000,0.0192805126495
26910000000,0.0192641638506
26919000000,0.0192492643535
26919000000,0.019235847181
26940000000,0.0192239234531
26950000000,0.019201977596
26962000000,0.0191792937163
26968000000,0.0191588476558
26981000000,0.0191381826822
26989000000,0.0191197945859
27001000000,0.0191036048744
27011000000,0.0190892261191
27019000000,0.0190609564953
27020000000,0.0190354905598
27038000000,0.0190128069894
27053000000,0.0189923208189
27064000000,0.0189733116
27064000000,0.0189567895293
27064000000,0.0189426146313
27091000000,0.0189292862379
27100000000,0.0189064547533
27111000000,0.0188861939291
27119000000,0.0188683994505
27119000000,0.0188529390327
27140000000,0.0188396541404
27159000000,0.0188252755675
27181000000,0.0188109078639
27181000000,0.018798546321
27192000000,0.0187880457773
27192000000,0.018779242338
27201000000,0.0187719690035
27216000000,0.0187528918814
27217000000,0.0187277969605
27228000000,0.0187051567158
27239000000,0.0186849580448
27252000000,0.0186671361679
27260000000,0.0186440965422
27271000000,0.0186188290092
27276000000,0.0185963519719
27276000000,0.0185765762456
27305000000,0.0185593690867
27305000000,0.0185445725323
27323000000,0.0185232418495
27332000000,0.0185015452439
27339000000,0.0184656380314
27347000000,0.0184332413405
27360000000,0.0184043356598
27370000000,0.0183669930158
27380000000,0.0183323205663
27389000000,0.0183015918952
27414000000,0.0182746516467
27422000000,0.0182296097575
27432000000,0.0181962924298
27435000000,0.0181667923615
27452000000,0.0181409545887
27460000000,0.0181143194817
27471000000,0.0180814612946
27479000000,0.0180524651453
27489000000,0.0180271653636
27503000000,0.0179935964988
27507000000,0.0179590470927
27523000000,0.0179285548094
27534000000,0.0179019505024
27548000000,0.0178790016612
27552000000,0.0178594457929
27560000000,0.0178296560102
27571000000,0.0177919391868
27580000000,0.0177485056609
27587000000,0.0177096867507
27599000000,0.0176753836709
27609000000,0.0176454081628
27620000000,0.0176140414899
27629000000,0.0175789014898
27639000000,0.0175481186007
27663000000,0.017521463163
27663000000,0.0174986334544
27663000000,0.0174793361803
27663000000,0.0174632577433
27702000000,0.017450068153
27702000000,0.0174394566696
27713000000,0.017429681313
27721000000,0.0174039046168
27731000000,0.0173625742114
27742000000,0.017311726873
27748000000,0.0172656062327
27755000000,0.0172242319893
27755000000,0.0171875330699
27758000000,0.0171503631628
27784000000,0.0170987029014
27801000000,0.0170525191035
27817000000,0.0169997127982
27817000000,0.0169498408264
27823000000,0.016905805394
27824000000,0.0168673620014
27851000000,0.0168341895486
27862000000,0.0168001348674
27870000000,0.0167577373127
27881000000,0.0167205767347
27891000000,0.0166883746334
27900000000,0.0166536285423
27912000000,0.0166189047725
27922000000,0.0165888255008
27932000000,0.016563079906
27941000000,0.016534365199
27951000000,0.0165089303086
27961000000,0.0164872851009
27971000000,0.0164688433746
27980000000,0.0164512107694
27989000000,0.0164365584642
28001000000,0.0164245889537
28011000000,0.0164150057227
28019000000,0.0164072508886
28031000000,0.0164010753826
28042000000,0.0163964811873
28048000000,0.0163932260746
28059000000,0.0163889050779
28070000000,0.016384738414
28082000000,0.0163815543789
28089000000,0.0163796983629
28099000000,0.0163796558549
28110000000,0.0163801018453
28121000000,0.0163809104649
28132000000,0.0163819926333
28140000000,0.0163832741424
28147000000,0.0163847000761
28156000000,0.0163861947411
28170000000,0.0163876946827
28181000000,0.0163891811124
28191000000,0.0163866964859
28199000000,0.0163787029305
28209000000,0.0163687275846
28225000000,0.016349056546
28230000000,0.0163308276625
28241000000,0.0163141064727
28243000000,0.0162989646943
28260000000,0.0162829486632
28272000000,0.0162680288394
28279000000,0.0162548137904
28290000000,0.0162432497425
28296000000,0.0162252346344
28310000000,0.0162082432692
28316000000,0.0161931687956
28327000000,0.0161799495205
28337000000,0.0161684647394
28348000000,0.0161568460338
28362000000,0.0161464301671
28368000000,0.0161375820615
28380000000,0.0161293548086
28390000000,0.0161194692826
28402000000,0.0161109520825
28410000000,0.0161036761231
28422000000,0.016095963365
28431000000,0.0160892406804
28444000000,0.016083625611
28451000000,0.0160789630896
28470000000,0.0160882287033
28483000000,0.0160974598603
28483000000,0.0161064348094
28500000000,0.0161150164548
28501000000,0.0161231187683
28508000000,0.0161251619699
28533000000,0.016121656334
28533000000,0.0161181559876
28540000000,0.0161153669628
28550000000,0.0161176963379
28561000000,0.0161198482497
28572000000,0.0160909319884
28579000000,0.0160335697435
28591000000,0.0159800236295
28592000000,0.0159306041494
28611000000,0.0158855601015
28622000000,0.0158449746724
28630000000,0.0157882713186
28637000000,0.0157371159977
28637000000,0.0156914919444
28637000000,0.0156512755746
28637000000,0.0156161505651
28637000000,0.015583783459
28691000000,0.0155387238991
28700000000,0.0154988574135
28708000000,0.0154640117856
28721000000,0.0154339539039
28730000000,0.0154083945464
28733000000,0.0153905298405
28751000000,0.0153760932787
28759000000,0.0153647089072
28771000000,0.0153559703486
28779000000,0.0153618374944
28789000000,0.0153689251003
28821000000,0.0153768378469
28821000000,0.0153937360369
28830000000,0.0154171795658
28843000000,0.0154431347931
28851000000,0.0154674414594
28861000000,0.0154952000339
28871000000,0.0155207119903
28897000000,0.0155438982262
28897000000,0.0155646807376
28919000000,0.0155831070552
28919000000,0.0155992753637
28924000000,0.0156132819183
28933000000,0.0156360246799
28940000000,0.0156610208056
28954000000,0.0156853221716
28975000000,0.0157068527261
28975000000,0.0157257031212
28984000000,0.0157480060662
28992000000,0.0157734131167
29008000000,0.0157958826882
29012000000,0.0158155449478
29022000000,0.0158325679998
29031000000,0.015844910442
29041000000,0.0158550956971
29047000000,0.0158639460024
29058000000,0.0158756795901
29071000000,0.0158856136466
29085000000,0.0158939198729
29088000000,0.0159007661378
29105000000,0.0159063159765
29106000000,0.0159112066178
29123000000,0.0159150564697
29136000000,0.0159180049442
29141000000,0.0159201670756
29153000000,0.0159207571812
29171000000,0.0159208432518
29193000000,0.0159205311924
29193000000,0.0159198943908
29193000000,0.0159190149357
29213000000,0.0159145828242
29213000000,0.0159094097559
29213000000,0.0159044505433
29213000000,0.0158997692015
29242000000,0.0158913034149
29251000000,0.0158794161621
29252000000,0.0158674136055
29264000000,0.0158476901529
29287000000,0.0158295211075
29292000000,0.0158129798565
29302000000,0.0157903335646
29312000000,0.0157689440351
29315000000,0.0157497167014
29315000000,0.0157326173874
29330000000,0.0157175791472
29345000000,0.0156974326495
29357000000,0.0156787759891
29357000000,0.0156623447584
29382000000,0.0156445573066
29388000000,0.0156255761735
29401000000,0.0156088724576
29409000000,0.0155943390642
29416000000,0.0155796016554
29429000000,0.0155647159605
29441000000,0.0155518367626
29450000000,0.0155408283679
29451000000,0.015530325795
29468000000,0.015520270666
29476000000,0.0155117635202
29491000000,0.0155048753549
29501000000,0.0155000178678
29516000000,0.0154962302505
29533000000,0.0154933741297
29533000000,0.0154913259466
29539000000,0.0154916495551
29557000000,0.0154928262936
29557000000,0.0154943145565
29567000000,0.015496005662
29567000000,0.0154978172762
29594000000,0.015503825407
29595000000,0.0155106097542
29595000000,0.0155170177442
29621000000,0.0155229521001
29630000000,0.0155344239333
29638000000,0.0155488981508
29638000000,0.0155626190977
29659000000,0.0155785988772
29674000000,0.0155931233148
29678000000,0.0156061907374
29693000000,0.0156177771735
29693000000,0.0156279379437
29711000000,0.0156447393588
29721000000,0.0156649780274
29730000000,0.0156803978349
29738000000,0.0156921749464
29750000000,0.0157023453467
29762000000,0.0157109913931
29771000000,0.0157182252423
29779000000,0.0157302353237
29789000000,0.0157466284003
29800000000,0.0157612467186
29812000000,0.0157741548575
29821000000,0.0157837735132
29830000000,0.0157903239812
29841000000,0.0157956196285
29851000000,0.0157998284357
29860000000,0.0158057574812
29875000000,0.0158133043692
29889000000,0.015819824371
29897000000,0.0158254063233
29905000000,0.0158301353476
29911000000,0.0158327104289
29919000000,0.0158337992503
29929000000,0.0158346513554
29943000000,0.0158373025659
29948000000,0.0158394850438
29964000000,0.0158412561537
29968000000,0.0158426757963
29982000000,0.0158435787951
29991000000,0.0158440301392
30001000000,0.0158442489398
30001000000,0.0158442581003
30020000000,0.0158406796236
30030000000,0.0158372009542
30034000000,0.0158338953786
30034000000,0.015830760052
30034000000,0.0158278168148
30060000000,0.0158251022916
30077000000,0.0158260331933
30094000000,0.0158303365527
30100000000,0.0158296041917
30112000000,0.0158218488314
30120000000,0.0158145685571
30133000000,0.0158102708461
30143000000,0.0158074273541
30152000000,0.0158049302171
30161000000,0.0158027621564
30173000000,0.015800004576
30180000000,0.0157898783218
30191000000,0.0157805553277
30209000000,0.015772042143
30209000000,0.0157643693911
30220000000,0.0157575302706
30226000000,0.0157514933021
30238000000,0.0157462368752
30248000000,0.015742014865
30258000000,0.0157384651343
30271000000,0.0157354971832
30281000000,0.0157330588873
30292000000,0.0157291219306
30300000000,0.01572550226
30313000000,0.01572271446
30323000000,0.0157211024044
30331000000,0.015719873327
30341000000,0.0157189525958
30351000000,0.0157190241003
30375000000,0.015719753308
30375000000,0.0157205812653
30379000000,0.0157216091255
30396000000,0.0157231962276
30407000000,0.015724749439
30413000000,0.0157273629015
30422000000,0.0157323875106
30431000000,0.0157370728612
30438000000,0.0157413817292
30449000000,0.0157452961322
30457000000,0.0157480354803
30472000000,0.0157492935634
30478000000,0.0157502945929
30478000000,0.0157510615331
30492000000,0.0157516320852
30511000000,0.015753369423
30538000000,0.0157561846842
30538000000,0.0157609517302
30550000000,0.0157631988756
30562000000,0.0157658010832
30570000000,0.0157680979155
30582000000,0.015763802484
30591000000,0.0157569770354
30622000000,0.0157504936522
30622000000,0.015738818664
30639000000,0.0157336996382
30641000000,0.015729080547
30641000000,0.0157235666665
30660000000,0.0157178233038
30670000000,0.0157119139467
30679000000,0.0157066342456
30693000000,0.0157060571196
30701000000,0.0157075279681
30712000000,0.0157091624464
30729000000,0.0157108876871
30735000000,0.0157126473343
30741000000,0.0157143883221
30751000000,0.0157174445183
30762000000,0.0157234565994
30771000000,0.0157290847552
30779000000,0.0157370985164
30787000000,0.0157456428884
30802000000,0.0157534793157
30813000000,0.015761542212
30822000000,0.0157771884992
30831000000,0.0157915172284
30843000000,0.0158044782744
30847000000,0.0158139315025
30857000000,0.0158200778803
30870000000,0.0158252265506
30879000000,0.0158294795516
30879000000,0.0158329103927
30880000000,0.0158356044312
30908000000,0.0158412715009
30919000000,0.0158544511676
30919000000,0.0158664223191
30941000000,0.015876982121
30951000000,0.0158847399766
30955000000,0.0158914290852
30955000000,0.0158971150485
30956000000,0.0159018572622
30956000000,0.0159057887652
31011000000,0.0159116798329
31030000000,0.0159228445931
31030000000,0.015932904591
31041000000,0.0159418479932
31042000000,0.0159496951035
31042000000,0.0159581126372
31062000000,0.0159708575802
31072000000,0.0159875655993
31083000000,0.0160026499161
31093000000,0.0160161365859
31105000000,0.0160280522937
31112000000,0.0160359933653
31123000000,0.0160410180987
31132000000,0.0160432099012
31136000000,0.0160377996966
31148000000,0.0160321278348
31160000000,0.0160263881308
31171000000,0.0160207271098
31179000000,0.0160152202569
31179000000,0.0160099330184
31198000000,0.0160113710879
31211000000,0.0160155153182
31223000000,0.0160101035391
31233000000,0.0160039820737
31241000000,0.015998298177
31250000000,0.0160116320384
31261000000,0.0160288099823
31269000000,0.0160448436405
31282000000,0.0160596882561
31292000000,0.0160624240398
31301000000,0.0160539162109
31312000000,0.0160455105638
31328000000,0.0160373350048
31329000000,0.0160295039908
31341000000,0.0160220788068
31342000000,0.0160151932213
31369000000,0.016012571804
31371000000,0.0160138941532
31382000000,0.0160139592031
31391000000,0.0160121161456
31399000000,0.0160104754587
31410000000,0.0160105995478
31417000000,0.0160170364009
31430000000,0.0160232277372
31446000000,0.0160290711179
31452000000,0.0160345257228
31461000000,0.0161040867838
31464000000,0.0161762718153
31481000000,0.016243092559
31501000000,0.0163041815937
31506000000,0.0164005059323
31512000000,0.0164885105195
31523000000,0.0165679897791
31529000000,0.0166445051413
31536000000,0.0167338868136
31554000000,0.0168136133812
31559000000,0.0168839212523
31568000000,0.0169452868985
31581000000,0.0169959053005
31589000000,0.0170354294431
31596000000,0.0170681556455
31596000000,0.0170947626389
31620000000,0.0171188942457
31632000000,0.0171493913056
31642000000,0.0171748984132
31650000000,0.0171889170371
31658000000,0.0171893341858
31668000000,0.0171872921725
31673000000,0.0171833347563
31690000000,0.0171779371291
31701000000,0.0171665649224
31709000000,0.0171536225128
31712000000,0.0171407429273
31726000000,0.0171281854885
31741000000,0.0171122375793
31752000000,0.0170821690878
31762000000,0.0170540643644
31771000000,0.0170266966518
31782000000,0.016989190527
31789000000,0.0169548887036
31798000000,0.016923871907
31812000000,0.0168867898252
31821000000,0.016844361455
31832000000,0.0168061981217
31856000000,0.0167722429049
31856000000,0.0167423536153
31867000000,0.0167163493271
31871000000,0.016685912938
31881000000,0.0166540775447
31883000000,0.0166167980173
31901000000,0.0165746497004
31901000000,0.0165371935366
31921000000,0.0165042684259
31933000000,0.0164756538958
31941000000,0.0164431791253
31952000000,0.0164072066703
31963000000,0.0163756564295
31972000000,0.0163380296417
31982000000,0.016298256574
31992000000,0.0162632088658
32008000000,0.0162326692402
32009000000,0.0162063596219
32021000000,0.0161716543626
32029000000,0.0161383322521
32030000000,0.0161092878625
32030000000,0.0160842682946
32062000000,0.0160629812942
32062000000,0.0160451143533
32081000000,0.0160133853761
32090000000,0.0159729298107
32100000000,0.0159264299579
32110000000,0.0158848122762
32118000000,0.0158479803198
32130000000,0.0158157469433
32140000000,0.0157878645192
32149000000,0.015754940735
32160000000,0.0157203616603
32175000000,0.0156901437066
32175000000,0.0156640298926
32191000000,0.0156327163148
32201000000,0.0156017882025
32205000000,0.0155749025568
32205000000,0.0155518003324
32205000000,0.0155217193447
32205000000,0.0154929115519
32205000000,0.0154635259245
