%time,field
2000000,0.0
18000000,6.44259868076e-26
25000000,-1.6842604481e-21
43000000,-3.24275403754e-22
43000000,-1.39341625402e-21
61000000,4.21821116281e-22
66000000,-5.26420095485e-23
72000000,-1.20513764888e-15
88000000,-1.28404237868e-15
97000000,-1.35274279704e-15
116000000,-1.41216931226e-15
116000000,-1.46293350568e-15
127000000,-1.54782769856e-15
133000000,1.49182380109e-12
144000000,2.81408284082e-12
155000000,1.07346962034e-11
162000000,0.00181032226387
173000000,-0.00340392828324
183000000,0.00357960959014
195000000,-0.0034817682913
202000000,0.00346550567691
221000000,-0.00341620122453
238000000,0.00333183534701
238000000,-0.00331652796867
258000000,0.0689287077614
258000000,0.0606264668254
263000000,0.0620498110943
272000000,0.0527798476681
284000000,0.0186211323072
291000000,0.0127878475732
302000000,0.0192884756964
312000000,0.0124850583934
320000000,0.013946111662
331000000,0.0104017589965
343000000,0.0111990126737
349000000,0.00690154200571
362000000,0.00752032818391
372000000,0.00369602933324
380000000,-0.0084189557669
391000000,-0.012524541799
402000000,-0.00903870575667
410000000,-0.0612422387908
418000000,-0.0564509443976
432000000,-0.0551775720145
441000000,-0.0492717276213
449000000,-0.0469753761524
459000000,-0.0414781712174
472000000,-0.0259306783314
487000000,-0.0222286251
487000000,-0.0188691231043
501000000,-0.00965263778697
510000000,-0.00717744641736
514000000,-0.00506670515755
529000000,-0.00329046155266
530000000,-0.0018175629805
551000000,-0.000616664532592
551000000,0.000343049493367
570000000,0.00253724972677
570000000,0.00301501533915
585000000,0.00332358199901
585000000,0.00348861765997
607000000,0.00343786193215
618000000,0.00284877109697
628000000,0.002780506222
640000000,0.00266393502429
649000000,0.00251206333483
649000000,0.00233570147759
666000000,0.00218985360308
683000000,0.00198748877916
689000000,0.00178315683852
701000000,0.00215621884354
709000000,0.00192490566175
715000000,0.00169911784979
715000000,0.00147948194431
743000000,0.00224111544131
751000000,0.00199049449002
758000000,0.00174565882574
758000000,0.00151072822405
777000000,0.0450142805586
790000000,0.0422400514243
794000000,0.0391054361512
796000000,0.0357578731394
822000000,0.0597809039559
831000000,0.0546562137132
836000000,0.0493918667232
836000000,0.0441323990315
861000000,0.0394060564141
871000000,0.0476269606723
881000000,0.0420787165786
893000000,0.074057560016
901000000,0.0669028041845
909000000,0.0597629221387
922000000,0.0527957981224
930000000,0.046121670043
940000000,0.0567357899534
950000000,0.049776735216
959000000,0.0431761539549
970000000,0.040310402392
981000000,0.0344371284808
992000000,0.0290365887062
998000000,0.0241296934215
1014000000,0.0153583913765
1020000000,0.0116784822779
1032000000,0.00851554919473
1037000000,0.00583096674297
1045000000,0.00358358843749
1061000000,0.00569964202203
1065000000,0.00394124720934
1078000000,0.00246687202179
1078000000,0.00124910693212
1103000000,-0.0188110988533
1110000000,-0.0185530487832
1119000000,-0.0179366646654
1130000000,-0.0170495080559
1135000000,-0.0159686380187
1153000000,-0.0206530027144
1160000000,-0.0190072098634
1172000000,-0.0172844210712
1181000000,-0.0213509437222
1193000000,-0.0192546853628
1202000000,-0.0171707134338
1211000000,-0.0151429344883
1218000000,-0.0132881397141
1229000000,-0.0141570562634
1238000000,-0.0122820047964
1248000000,-0.0105280413332
1263000000,-0.00890792727626
1263000000,-0.0074295578608
1278000000,-0.00877281334538
1290000000,-0.00741832101399
1301000000,-0.0272027113143
1316000000,-0.0247965872145
1316000000,-0.0223429866881
1342000000,-0.0199065003055
1348000000,-0.0338307611796
1359000000,-0.0304825312637
1359000000,-0.0271581200241
1372000000,-0.0239268621493
1382000000,-0.0368278658883
1391000000,-0.0329236273475
1399000000,-0.0291072256273
1399000000,-0.0254438017831
1399000000,-0.021983098744
1432000000,-0.0187597014653
1437000000,-0.0294558293222
1448000000,-0.0258874075956
1461000000,-0.0224919085074
1471000000,-0.0341682210237
1492000000,-0.0303515216308
1492000000,-0.0266595579434
1492000000,-0.0231490629744
1511000000,-0.0312438193359
1520000000,-0.0275676967569
1528000000,-0.0240483175841
1540000000,-0.0207334724377
1551000000,-0.0300661090452
1563000000,-0.0264281470564
1570000000,-0.0229655590662
1581000000,-0.028473660592
1589000000,-0.0249557058332
1607000000,-0.0216209065534
1611000000,-0.0185058918749
1617000000,-0.0245602272972
1630000000,-0.021444491995
1630000000,-0.0185044425673
1651000000,-0.0157693570998
1661000000,-0.0132570064045
1672000000,-0.01667893445
1683000000,-0.0142826968793
1694000000,-0.0275442432622
1700000000,-0.0245575543662
1713000000,-0.0216503923637
1739000000,-0.0188713657359
1739000000,-0.016255607884
1746000000,-0.0138272248137
1753000000,-0.0206156105848
1764000000,-0.0180577270281
1774000000,-0.0156354726179
1783000000,-0.0133732738871
1791000000,-0.0170083577269
1802000000,-0.0147291952523
1812000000,-0.0126009675835
1819000000,-0.0137081540821
1831000000,-0.0117217779328
1838000000,-0.00989265064465
1848000000,-0.00822792109459
1854000000,-0.00735960287118
1854000000,-0.00598874016879
1881000000,-0.00477278809241
1881000000,-0.00370630168949
1901000000,-0.00255005843149
1912000000,-0.00177226126703
1916000000,-0.00111903054613
1916000000,-0.000578133038173
1941000000,0.00153141127403
1947000000,0.00179079488466
1956000000,0.00195588957545
1956000000,0.00204266701354
1979000000,0.00206567927335
1988000000,0.0147519869907
1998000000,0.0138873289071
2010000000,0.0128953714151
2010000000,0.0132484834762
2029000000,0.0120609246152
2041000000,0.0108549102392
2048000000,0.00966135450151
2062000000,0.00583840331064
2070000000,0.0048815923858
2080000000,0.00401747836486
2092000000,0.00324601410382
2099000000,0.00264371879617
2109000000,0.00204376730555
2122000000,0.00152427363978
2131000000,0.00107974367291
2141000000,0.000704183028608
2150000000,0.00225334958435
2160000000,0.00187273975905
2171000000,0.00152942646997
2180000000,0.00415286992543
2190000000,0.00369118592259
2197000000,0.00324308184804
2207000000,0.00281565998089
2218000000,0.00254392725217
2231000000,0.00633490652776
2243000000,0.00570817390796
2251000000,0.00508443649846
2252000000,0.00447696206181
2252000000,0.00813296095829
2282000000,0.00732557670574
2290000000,0.00652323403111
2302000000,0.011056477561
2312000000,0.00996370387995
2323000000,0.00887697809499
2330000000,0.00781938504138
2340000000,0.0111547922468
2353000000,0.00994222699405
2358000000,0.00876164234079
2369000000,0.00763302287075
2380000000,0.0117354531156
2389000000,0.0104522641071
2400000000,0.00920431333393
2410000000,0.00801216169242
2419000000,0.0110399596426
2428000000,0.00976143843607
2441000000,0.00853285189715
2447000000,0.00737163221208
2460000000,0.01088455213
2470000000,0.00961756830734
2478000000,0.00840103488638
2491000000,0.00725154008281
2500000000,0.0101338615996
2511000000,0.00893285726418
2520000000,0.00778479340466
2530000000,0.00670326239261
2542000000,0.00918750250422
2551000000,0.00804161795154
2558000000,0.00695593883291
2559000000,0.00594208060268
2573000000,0.005007578102
2588000000,0.00752723975603
2598000000,0.00654600188363
2599000000,0.00562343959369
2610000000,0.00720034062249
2630000000,0.00628401883262
2636000000,0.00541910620084
2637000000,0.00461390284523
2660000000,0.00697489339041
2671000000,0.00612555463279
2680000000,0.00531684350507
2680000000,0.00455816359095
2701000000,0.00390348143799
2712000000,0.00478343004577
2718000000,0.0040992774652
2718000000,0.00346642485088
2739000000,0.00528814778304
2748000000,0.00463532182142
2758000000,0.00401530466184
2758000000,0.00343495380543
2780000000,0.0028989398311
2792000000,-0.0161187804031
2798000000,-0.0153259672029
2798000000,-0.0143598729181
2821000000,-0.0174831380844
2829000000,-0.0160887232372
2836000000,-0.0146316533623
2837000000,-0.0131578070184
2837000000,-0.0117037312499
2870000000,-0.00923285576335
2877000000,-0.0079644466224
2886000000,-0.00678834470447
2901000000,0.0128125554108
2912000000,0.0126261147031
2919000000,0.0121948788716
2920000000,0.0115804916621
2939000000,0.0215034673079
2952000000,0.0200181432658
2957000000,0.0183984075305
2957000000,0.0167093628938
2981000000,0.0214558514969
2991000000,0.0194224969092
2991000000,0.0173843604114
2991000000,0.0153881559667
3021000000,0.0134697491154
3033000000,0.0142634836703
3043000000,0.0124054711422
3053000000,0.0106631051797
3061000000,0.00971567100853
3071000000,0.00820015844849
3077000000,0.0068218804977
3087000000,0.00558268240665
3100000000,0.00358938685017
3111000000,0.00267664705166
3123000000,0.00189742310542
3133000000,0.00124075316218
3133000000,0.000695607915505
3133000000,0.000250582822258
3133000000,-0.00754818293052
3133000000,-0.00742039311662
3133000000,-0.00715330533102
3133000000,-0.00678243677918
3134000000,-0.00633815155361
3206000000,-0.00819712504027
3220000000,-0.00541690736766
3233000000,-0.00484268290531
3241000000,-0.00428086997994
3249000000,-0.00374155404618
3261000000,-0.000946533221756
3271000000,-0.000618334379779
3280000000,-0.000344764314242
3289000000,-0.000120321822941
3300000000,6.03843904913e-05
3301000000,0.00145591698189
3322000000,0.00149289643746
3329000000,0.00148987548768
3341000000,0.00147297983512
3350000000,0.00198439587385
3362000000,0.00186964299851
3372000000,0.00173900265632
3380000000,0.00159882736732
3402000000,0.00151549099995
3402000000,0.00136685146658
3413000000,0.000822521393289
3423000000,0.000703770217783
3432000000,0.000596813564547
3442000000,0.000501299372899
3449000000,-0.000157600992462
3460000000,-0.000199784402101
3471000000,-0.000226368587776
3478000000,-0.000240155741209
3478000000,-0.000243934704753
3486000000,-0.00163695750519
3504000000,-0.00154844073298
3510000000,-0.00144159667468
3510000000,-0.00132251980293
3540000000,-0.0254545849071
3541000000,-0.0240031181976
3559000000,-0.0223216529084
3570000000,-0.0204949171291
3579000000,-0.033556817719
3588000000,-0.0308221773175
3602000000,-0.0279766355996
3611000000,-0.0251058614293
3622000000,-0.0313714551023
3631000000,-0.0280499860489
3637000000,-0.0248032082525
3652000000,-0.0216869404735
3662000000,-0.022728689465
3673000000,-0.0197485079103
3685000000,-0.0169561518262
3700000000,-0.0143744013257
3712000000,-0.0120167054584
3712000000,-0.00995289633861
3730000000,-0.0104504513334
3730000000,-0.00861277692165
3749000000,-0.00697064632201
3753000000,-0.00551944507713
3762000000,-0.00452365494203
3781000000,-0.00341076011311
3784000000,-0.00245689033788
3791000000,0.0153596360996
3801000000,0.0150122173251
3812000000,0.0179273204257
3821000000,0.016904715846
3821000000,0.0157212663529
3821000000,0.0144375514169
3821000000,0.013103400526
3861000000,0.0106154281569
3866000000,0.00936406346655
3881000000,0.00816902601786
3881000000,0.00600227322565
3881000000,0.00504673966647
3930000000,0.00418127500919
3930000000,0.00161666593767
3930000000,0.00102991421238
3952000000,-0.00695961298808
3959000000,-0.00694303897084
3970000000,-0.0067750576761
3981000000,-0.0064907688922
3990000000,-0.00941325201433
4000000000,-0.00878293437835
4011000000,-0.00808957500582
4017000000,-0.00829614994928
4030000000,-0.00749707209583
4040000000,-0.00669970538463
4040000000,-0.00592159371076
4062000000,-0.00517611981464
4072000000,-0.00342783199715
4080000000,-0.00283412999981
4091000000,-0.000353457723706
4098000000,-3.76904923063e-06
4105000000,0.000271310693559
4105000000,0.000481403214067
4105000000,0.000635557185455
4137000000,0.00074217041658
4137000000,0.000808841949202
4162000000,0.00353123968879
4168000000,0.00336936850132
4178000000,0.00104328030574
4191000000,0.00094392559427
4201000000,0.000843538317466
4211000000,-0.000901670336084
4219000000,-0.000896205481803
4231000000,-0.000873053314625
4241000000,-0.000836488669519
4255000000,-0.00116433900192
4264000000,-0.00108806903339
4272000000,-0.00100496087084
4282000000,-0.000918333826945
4302000000,-0.00083073276623
4312000000,-0.00073629186394
4321000000,-0.000378655403036
4324000000,-0.000318962992539
4336000000,0.000377711943905
4345000000,0.000387376149637
4353000000,0.000384534969307
4361000000,0.000372106740605
4372000000,0.000352422972734
4382000000,0.00179866797394
4391000000,0.0016871487966
4400000000,0.00155932787566
4409000000,0.00142166116775
4418000000,0.00312914213753
4431000000,0.00287528418557
4438000000,0.00260920236351
4448000000,0.00233881383581
4461000000,0.00436909266157
4469000000,0.00397145044253
4479000000,0.00356689763193
4491000000,0.00593138609438
4500000000,0.00539117466958
4510000000,0.00484327981321
4518000000,0.00430079920655
4532000000,0.00377450544135
4541000000,0.0271646470124
4552000000,0.0251018046933
4553000000,0.0229119438153
4571000000,0.036007741674
4581000000,0.0329212672825
4586000000,0.0297486623079
4597000000,0.0265804371948
4602000000,0.0234869161037
4620000000,0.0205216448053
4631000000,0.0245359452594
4636000000,0.0215238867443
4637000000,0.0186673443662
4655000000,0.0194967260138
4671000000,0.0168232369939
4679000000,0.0143388163906
4690000000,0.0120591678264
4697000000,0.00969421535225
4710000000,0.00785842620768
4716000000,0.00623541495631
4726000000,0.00481662588655
4741000000,0.00166026894601
4750000000,0.000718540080445
4757000000,-3.97836151216e-05
4759000000,-0.000636507456444
4781000000,-0.0044790760301
4790000000,-0.0045968590307
4797000000,-0.0045865227489
4799000000,-0.00447553938924
4820000000,-0.00828540598246
4829000000,-0.00780589200502
4839000000,-0.00725267540218
4839000000,-0.00665373760805
4861000000,-0.00603207946295
4871000000,-0.0101454031103
4881000000,-0.00923356668352
4892000000,-0.0121716030012
4898000000,-0.011033162065
4910000000,-0.00988795237098
4921000000,-0.00876312518185
4938000000,-0.00767947036402
4951000000,-0.00665259998777
4960000000,-0.00569369492155
4960000000,-0.00874757924076
4971000000,-0.00767929105397
4985000000,-0.00666424292255
4990000000,-0.00928817121505
5012000000,-0.0081765195855
5012000000,-0.00711620658301
5012000000,-0.00612042360024
5013000000,-0.00519725314152
5042000000,-0.00844642709166
5051000000,0.00210380001999
5062000000,0.00250479565527
5074000000,0.00276621591244
5076000000,0.00291185536584
5085000000,0.00296271721239
5102000000,0.00634184127299
5111000000,0.00604498850691
5123000000,0.00567753715399
5129000000,0.00526272631095
5138000000,0.00463774802397
5153000000,0.00419421794966
5161000000,0.00375252981609
5167000000,0.00216311413562
5179000000,0.00181982275425
5189000000,0.00151074716471
5194000000,0.00123552403492
5207000000,0.000993149756409
5221000000,-0.00124326038704
5231000000,-0.00130060450282
5238000000,-0.0013150449191
5252000000,-0.00129458309887
5260000000,-0.00366536810352
5273000000,-0.00345549217128
5285000000,-0.00321032155068
5285000000,-0.002942862121
5285000000,-0.00266384380124
5311000000,-0.0272284080455
5323000000,-0.0255926239751
5330000000,-0.0385855846291
5347000000,-0.0357554139077
5347000000,-0.0327209532037
5354000000,-0.0295952275473
5370000000,-0.0264676193096
5382000000,-0.0234089827155
5392000000,-0.0293355368374
5402000000,-0.0260176556739
5410000000,-0.0228189583248
5421000000,-0.02305808311
5430000000,-0.0200361875499
5441000000,-0.0172049937955
5450000000,-0.0145878179145
5458000000,-0.0121983614231
5472000000,0.00822406762996
5481000000,0.00895743620264
5491000000,0.0093359100102
5492000000,0.01261690305
5512000000,0.0122778026147
5520000000,0.0117365692927
5533000000,0.011047889179
5541000000,0.00809094018995
5551000000,0.00736431918043
5565000000,0.00662749129048
5572000000,0.00589901309011
5582000000,0.00217490245294
5591000000,0.00168020435409
5602000000,0.00125298334826
5611000000,0.000888393883806
5623000000,-0.00201194931767
5632000000,-0.00211452757149
5641000000,-0.00214799864574
5641000000,-0.00212633970967
5667000000,-0.0020617535719
5673000000,-0.00196488724316
5697000000,-0.00394974133223
5697000000,-0.00368211270469
5709000000,-0.00338915460993
5712000000,-0.00308286709955
5723000000,-0.00648233006171
5734000000,-0.00659925006644
5746000000,-0.00599523243532
5752000000,-0.00538578472711
5763000000,-0.00478572955606
5772000000,-0.00420661221588
5780000000,-0.00160125808608
5792000000,-0.00121358374293
5802000000,-0.000881976454108
5812000000,-0.000601978994494
5823000000,0.00376241647203
5832000000,0.00369953027602
5839000000,0.00356586505947
5839000000,0.00337936563891
5854000000,0.00753882647188
5869000000,0.00702694422521
5880000000,0.00646484894298
5887000000,0.00587598321907
5895000000,0.00527887149656
5907000000,0.00903419175633
5933000000,0.0081842472244
5933000000,0.00732962694127
5942000000,0.00649045365852
5954000000,0.00568223863544
5957000000,0.0090626701832
5971000000,0.0080877972458
5981000000,0.00713661046358
5982000000,0.0112351694137
6007000000,0.0100552469629
6020000000,0.0088985761958
6020000000,0.00778616284546
6020000000,0.00673366804862
6055000000,0.00901237966639
6055000000,0.00792137579689
6059000000,-0.00764231549538
6069000000,-0.00778437149118
6083000000,-0.00772355974509
6091000000,-0.0117206737704
6092000000,-0.0111466405361
6108000000,-0.0104459147823
6122000000,-0.00966192866186
6129000000,-0.00883002200583
6135000000,-0.00797895873184
6148000000,-0.00652896164293
6149000000,-0.00574178927437
6169000000,-0.0029453280001
6179000000,-0.00235915833008
6191000000,-0.00184621830577
6198000000,-0.00140321937792
6212000000,0.00145707751028
6220000000,0.00161657557456
6232000000,0.00170364457548
6237000000,0.00173170857612
6237000000,0.00171282753918
6237000000,0.00165763576831
6237000000,0.0015742867364
6238000000,0.00147071068362
6238000000,0.0259606952134
6238000000,0.0242598998499
6311000000,0.0411659381678
6320000000,0.0380482196518
6332000000,0.0431353481673
6341000000,0.0392430654513
6351000000,0.0352953586258
6364000000,0.0313926458335
6388000000,0.0276128641338
6388000000,0.024014711813
6388000000,0.0206403961657
6401000000,0.0205188668019
6412000000,0.0174934769741
6421000000,0.0156398421252
6432000000,0.0130608528523
6442000000,0.0107353718344
6451000000,0.0086618451237
6462000000,0.0048386244206
6469000000,0.00336428227026
6483000000,0.00212685207185
6491000000,0.00110380760712
6502000000,0.000272800072333
6510000000,-0.0126604634624
6521000000,-0.012355343931
6529000000,-0.0118382241071
6538000000,-0.0111655428768
6551000000,-0.0121389778658
6561000000,-0.0111814793595
6561000000,-0.0101762084517
6576000000,-0.00777749039011
6591000000,-0.00685967997957
6596000000,-0.00598226241998
6596000000,-0.0051562592769
6623000000,-0.0027910755936
6631000000,-0.00217936427707
6632000000,-0.00164752115314
6632000000,-0.00119053075971
6632000000,-0.000802687225429
6669000000,0.00051814388057
6681000000,0.00072477567106
6691000000,-0.00729008257677
6696000000,-0.00668018593962
6711000000,-0.0060483892142
6719000000,-0.00541367790974
6731000000,-0.0108627507743
6742000000,-0.00988233452947
6751000000,-0.00888700293821
6763000000,-0.00790241782184
6771000000,-0.00694852984547
6778000000,-0.0108943776853
6784000000,-0.00971777409985
6799000000,-0.00857140101209
6799000000,-0.00747452537222
6800000000,-0.0107208100933
6832000000,-0.00952679268358
6838000000,-0.00837197828576
6850000000,-0.0103910050003
6862000000,-0.00918961825065
6867000000,-0.00803583174881
6869000000,-0.00694506670473
6873000000,-0.00592840565459
6901000000,-0.00508430941482
6909000000,-0.00716622687646
6917000000,-0.00620089662479
6932000000,-0.00529948940497
6940000000,0.00970204133273
6950000000,0.00951459005767
6950000000,0.00915560401368
6972000000,0.00866951913284
6978000000,0.0113938383273
6989000000,0.0105449265125
7001000000,0.00964210492893
7010000000,0.00827382780476
7023000000,0.00737627045045
7032000000,0.00650590166972
7039000000,0.00567643552176
7040000000,0.00489763682076
7060000000,0.00245915307517
7075000000,0.00189759877667
7077000000,0.00141498453471
7089000000,-0.00103489061819
7108000000,-0.00126109966336
7113000000,-0.00140883311559
7121000000,-0.00149153874724
7130000000,-0.00406071448043
7138000000,-0.00388228211348
7152000000,-0.00365213892413
7160000000,-0.00338664834854
7171000000,-0.00309924063337
7182000000,-0.0273323235354
7191000000,-0.025592049068
7201000000,-0.023645959838
7212000000,-0.0215813607586
7220000000,-0.0338655952689
7231000000,-0.0308789153415
7240000000,-0.0278321661443
7251000000,-0.0248064858548
7258000000,-0.0295856224252
7270000000,-0.0263031000996
7277000000,-0.0231266977543
7291000000,-0.022565764246
7301000000,-0.0195952318442
7301000000,-0.0168143732805
7331000000,-0.0142456452556
7331000000,-0.0119016760415
7340000000,-0.0100501469873
7351000000,-0.00815050516785
7359000000,-0.00647039588182
7369000000,-0.005001107796
7380000000,-0.00133179595956
7390000000,-0.000397560219176
7399000000,0.000347684809843
7411000000,0.000927191863357
7422000000,0.00436118826767
7427000000,0.00448578765602
7436000000,0.00448337718568
7451000000,0.00965622887248
7461000000,0.00918231612884
7470000000,0.00860223655946
7481000000,0.00795201220805
7490000000,0.00726103728975
7498000000,0.00695665960769
7512000000,0.00622665051234
7521000000,0.00551109391987
7538000000,0.0042481989448
7549000000,0.00363367184498
7555000000,0.00306699466406
7559000000,0.00255073745542
7571000000,0.0107761319088
7580000000,0.00988641955189
7590000000,0.00896357597111
7602000000,0.00803430629659
7610000000,0.00712073791158
7621000000,0.00623998237465
7632000000,0.00540484834069
7643000000,0.0108413719484
7657000000,0.00971519133926
7664000000,0.0152512701306
7670000000,0.0137949144941
7681000000,0.0123368028951
7692000000,0.0109100395523
7697000000,0.0131878518019
7711000000,0.0116599811758
7721000000,0.0101934337766
7731000000,0.0113005084901
7741000000,0.00986356134539
7751000000,0.00850881594953
7763000000,0.0072492292856
7771000000,0.00882689297071
7787000000,0.00761748113558
7792000000,0.00649258422294
7802000000,0.00545914911426
7812000000,0.00452104220412
7822000000,-0.0100964129655
7830000000,-0.00992645062751
7842000000,-0.009571883889
7850000000,-0.00907967800123
7861000000,-0.0117915282889
7869000000,-0.0109402193456
7880000000,-0.0100262102706
7888000000,-0.00908329432636
7901000000,-0.00756846584899
7910000000,-0.00667642564379
7920000000,-0.00582577887185
7921000000,-0.00502626048395
7937000000,-0.00255818208663
7944000000,-0.00197937601225
7954000000,-0.00148079171685
7966000000,-0.00105653781039
7976000000,-0.00182141080419
7996000000,-0.00145944142034
7996000000,-0.00114298014266
8013000000,-0.000869790914406
8022000000,0.000682254911577
8030000000,0.000790241886141
8040000000,0.000855777883042
8047000000,0.00088641668826
8060000000,0.00363509751946
8074000000,0.00344694718349
8079000000,0.00321990731235
8094000000,0.00296687709743
8114000000,0.00269914990748
8114000000,0.00242584959257
8125000000,0.00215428928624
8131000000,0.0221779515085
8141000000,0.020680155494
8145000000,0.0190355929029
8162000000,0.0322703336574
8173000000,0.0295265867295
8182000000,0.0365759486994
8192000000,0.0330935993367
8206000000,0.0296075061916
8213000000,0.026196697711
8222000000,0.023914566921
8244000000,0.0207538663737
8244000000,0.0177978394549
8253000000,0.015069435715
8253000000,0.0125815975631
8272000000,0.0103391445419
8282000000,0.00691984989852
8290000000,0.00524720969065
8300000000,0.000540983401899
8310000000,-0.000461944865578
8321000000,-0.0012417670566
8330000000,-0.00563297477372
8342000000,-0.00583576883869
8351000000,-0.00586441017849
8360000000,-0.00575522326496
8367000000,-0.00553997955338
8380000000,-0.00788174589277
8391000000,-0.00737677927786
8400000000,-0.0068128805671
8410000000,-0.00621513242807
8420000000,-0.00531690796324
8426000000,-0.00472765937132
8437000000,-0.00415672315291
8447000000,-0.00361254521721
8461000000,-0.00251804740862
8471000000,-0.00208267261871
8486000000,-0.00169157563095
8490000000,-0.00134406519943
8500000000,-0.000842494801453
8511000000,-0.00058915885838
8521000000,-0.000374780792627
8532000000,-0.00019549099186
8538000000,-0.000463022183485
8552000000,-0.000319464402332
8573000000,-0.000197265026835
8573000000,-9.4584043363e-05
8581000000,-0.0170330885025
8588000000,-0.0160335929565
8602000000,-0.0148864412001
8609000000,-0.0139585001177
8621000000,-0.0226680455245
8631000000,-0.020691403207
8642000000,-0.0186686629506
8652000000,-0.0166551796253
8660000000,-0.014694382254
8671000000,-0.0204039167298
8681000000,-0.0181604884989
8692000000,-0.0204085542206
8700000000,-0.0180869410296
8709000000,-0.0158503136278
8717000000,-0.0137314145075
8731000000,-0.011753225906
8741000000,-0.0125025669263
8751000000,-0.0106733501559
8759000000,-0.00899140816732
8765000000,-0.00746322927793
8781000000,0.0109564716909
8792000000,0.0111066763425
8801000000,0.010977528655
8810000000,0.0106313263311
8821000000,0.013632636478
8829000000,0.0127909144197
8837000000,0.011842825525
8837000000,0.0108321369947
8861000000,0.00877898822985
8870000000,0.00780323518342
8877000000,0.00686077774862
8891000000,0.00596635218586
8892000000,0.00291361846056
8910000000,0.002268004055
8915000000,0.0017100779072
8918000000,0.00123368743828
8930000000,-0.00151739723065
8950000000,-0.00172338776841
8957000000,-0.00184547147627
8969000000,-0.00189874106186
8982000000,-0.00422765984914
8990000000,-0.00403287985601
8996000000,-0.00378766878534
9007000000,-0.00350828601191
9020000000,-0.0204123218657
9029000000,-0.0190466823688
9045000000,-0.0175426169289
9053000000,-0.0159635080075
9062000000,-0.0230811563725
9076000000,-0.0209372355124
9083000000,-0.0187782049718
9092000000,-0.0166559860238
9092000000,-0.0189754153852
9111000000,-0.0167791113573
9119000000,-0.014672204203
9135000000,-0.0126830534804
9140000000,-0.0112095830234
9151000000,-0.00948395578499
9161000000,-0.00791179915013
9170000000,-0.00649597837939
9182000000,-0.00352530882507
9190000000,-0.00252161532645
9199000000,-0.00167448582183
9211000000,0.00192826675213
9222000000,0.00234691878644
9231000000,0.00262385330037
9239000000,0.00278278627923
9250000000,0.00284514920715
9260000000,0.0063597070046
9270000000,0.0060529952806
9280000000,0.00567495644994
9291000000,0.0052491386738
9299000000,0.00879877523788
9313000000,0.00806625918479
9321000000,0.00730734414328
9331000000,0.0065445977947
9347000000,0.00579583761375
9347000000,0.00507481027409
9362000000,-7.234707361e-05
9362000000,-0.000430194031671
9377000000,-0.000703727996089
9389000000,-0.00353768137138
9400000000,-0.00351251025632
9410000000,-0.00341571929771
9422000000,-0.0024041703547
9430000000,-0.00226320605467
9442000000,-0.00210328578806
9449000000,-0.000774403646683
9461000000,-0.000673380651831
9472000000,-0.000580873039035
9480000000,-0.000497118016811
9491000000,0.0010281787392
9503000000,0.00101349279601
9510000000,0.000976841605405
9513000000,0.000923970854722
9532000000,0.000859744575287
9539000000,0.0216193601493
9549000000,0.0201549438589
9561000000,0.0185474160028
9570000000,0.0168631170411
9578000000,0.0151560793097
9591000000,0.0270424542347
9602000000,0.0246679456901
9605000000,0.0222438626397
9619000000,0.0283056800597
9626000000,0.0254870090336
9642000000,0.0226922956439
9649000000,0.0199800586992
9665000000,0.0226779856067
9669000000,0.0199387603878
9681000000,0.0173323686146
9691000000,0.0170445958431
9701000000,0.0146659939507
9711000000,0.0124619908148
9721000000,0.0104447773837
9734000000,-0.00953642617792
9740000000,-0.0100779063322
9749000000,-0.0102799855682
9759000000,-0.0102106039611
9769000000,-0.00992870394213
9782000000,-0.00948560233591
9791000000,-0.0118926950357
9800000000,-0.0110743920205
9810000000,-0.00890280974788
9821000000,-0.00804657559052
9830000000,-0.00719301155405
9839000000,-0.00636054257155
9849000000,-0.00556330839194
9859000000,-0.00238675283666
9870000000,-0.00183990421677
9880000000,-0.00136879338887
9885000000,-0.000967722785482
9902000000,0.00178611617274
9914000000,0.00190366439066
9922000000,0.00195275845385
9933000000,0.00194685302381
9943000000,0.0018977800175
9953000000,0.0142077120827
9961000000,0.0134100976809
9978000000,0.0124794643775
9978000000,0.0114661091921
9995000000,0.0165678395123
10006000000,0.0151325811244
10006000000,0.0136624659701
10021000000,0.0146607095521
10033000000,0.0130726477264
10038000000,0.0115286001791
10039000000,0.0100538375409
10058000000,0.00866686966199
10058000000,0.00693312199466
10076000000,0.00578121584776
10076000000,0.00474455139388
10103000000,0.000427588829482
10107000000,-0.000171502036345
10119000000,-0.000639180234624
10131000000,-0.000992488099244
10139000000,-0.00124780229262
10150000000,-0.0052813385973
10161000000,-0.00513724082953
10161000000,-0.00490766458175
10162000000,-0.00906708251708
10162000000,-0.00844232572795
10162000000,-0.00775958447386
10211000000,-0.00704659299104
10211000000,-0.00632568223221
10223000000,-0.00930741713951
10239000000,-0.00837882044298
10239000000,-0.0074582661371
10239000000,-0.0057121979191
10286000000,-0.00491076223846
10298000000,-0.0041676850706
10308000000,-0.00788735426749
10308000000,-0.00701921292069
10336000000,0.00298349714359
10336000000,0.00318888578988
10342000000,0.00950048465737
10352000000,0.00915360697611
10361000000,0.00867724745898
10373000000,0.00642342382486
10381000000,0.0058978588119
10392000000,0.00535371145525
10397000000,0.0048067476291
10397000000,0.00427009536622
10424000000,0.0037542133717
10424000000,0.00130652410194
10449000000,0.000974048764578
10449000000,0.000692672469253
10460000000,-0.00165057745551
10471000000,-0.00172837079192
10478000000,-0.00174923855741
10491000000,-0.0264733697999
10499000000,-0.0250584113859
10509000000,-0.0233825298741
10523000000,-0.0215359811149
10531000000,-0.0358982767763
10542000000,-0.0330373340117
10552000000,-0.0300435134441
10559000000,-0.0270091061522
10568000000,-0.024010817008
10580000000,-0.0306747446587
10588000000,-0.0273127694932
10599000000,-0.0240500115103
10609000000,-0.0209386957578
10620000000,-0.0240220580762
10620000000,-0.0209543984456
10634000000,-0.0180660683222
10644000000,-0.0153841204703
10657000000,-0.0144334194973
10668000000,-0.0121143299396
10675000000,-0.0100144968722
10675000000,-0.00813488463859
10702000000,0.0117761675962
10710000000,0.0120889858869
10719000000,0.0120658218493
10731000000,0.011778410199
10743000000,0.0145076204319
10752000000,0.0136558715092
10759000000,0.0126796780681
10760000000,0.0116270660152
10760000000,0.0105382326903
10790000000,0.00786825677176
10798000000,0.00688859261872
10811000000,0.00596299373551
10816000000,0.00275462140407
10824000000,0.00211759548894
10824000000,0.00156840330467
10850000000,0.00110097075443
10857000000,0.000708382255165
10869000000,0.000383430647249
10878000000,0.000118994199285
10888000000,-0.00227922189269
10898000000,-0.00231480206647
10908000000,-0.00229106949117
10919000000,-0.00835869315893
10919000000,-0.0078611150835
10940000000,-0.00729329056574
10949000000,-0.00992632754689
10958000000,-0.0090842606689
10972000000,-0.00821779784228
10980000000,-0.00600847310269
10991000000,-0.0052352350142
10998000000,-0.00450931997956
11012000000,-0.00383711899682
11012000000,-0.000219342309684
11032000000,0.000164190225782
11035000000,0.000461735582516
11048000000,0.000684952747198
11062000000,0.00455290880052
11067000000,0.00443581619331
11069000000,0.00424300703387
11091000000,0.0039948209779
11102000000,0.0037085062061
11112000000,0.00339853619891
11119000000,0.0068945311076
11132000000,0.0118234369849
11142000000,0.0109259846714
11142000000,0.00997208210089
11161000000,0.00899564666897
11171000000,-0.00283019573834
11180000000,-0.00314036939805
11191000000,-0.00331600716825
11200000000,-0.00338159955201
11209000000,-0.00622541399878
11219000000,-0.00595898208498
11231000000,-0.00561774606149
11240000000,-0.00522528721394
11249000000,-0.00480128794101
11260000000,-0.00155381047898
11266000000,-0.00128070010313
11280000000,-0.00103897050294
11293000000,-0.00082794010923
11300000000,0.0204246988747
11306000000,0.0192309504576
11318000000,0.0178572188185
11318000000,0.0163724812977
11319000000,0.0148337321968
11349000000,0.0276973050995
11357000000,0.025255764009
11371000000,0.0227638933238
11373000000,0.0285361611409
11392000000,0.0256227182018
11398000000,0.0227511684424
11411000000,0.0199771490618
11420000000,0.0229342728134
11432000000,0.0201319581874
11440000000,0.0174709850094
11450000000,0.0149811692828
11461000000,0.0146544184852
11472000000,0.01243604013
11480000000,0.0104080578634
11490000000,0.00857601174316
11502000000,0.00783923323873
11510000000,0.00634083940961
11523000000,0.00501674901518
11535000000,0.00385986862092
11546000000,0.00286075443715
11552000000,0.00200844802672
11570000000,0.000545199944494
11589000000,6.76598123101e-09
11589000000,-0.000430607611734
11592000000,-0.000760951079198
11600000000,-0.00274777315244
11612000000,-0.00490575179667
11622000000,-0.00476873985736
11630000000,-0.00455393669322
11652000000,-0.00428297545332
11652000000,-0.00397425199853
11663000000,-0.00615748303734
11671000000,-0.00567692060133
11682000000,-0.00517167871645
11686000000,-0.00465786778586
11697000000,-0.00600561514404
11709000000,-0.00538987982984
11718000000,-0.00478457909099
11728000000,-0.00420024210623
11739000000,-0.00586796574281
11751000000,-0.0052067723002
11762000000,-0.00456893630984
11771000000,-0.00396366481857
11782000000,-0.00534776785226
11790000000,-0.00471134872886
11813000000,-0.00410391815055
11813000000,-0.00353289502128
11813000000,-0.00300337868291
11813000000,-0.00251838942261
11838000000,-0.00381852855317
11853000000,-0.00549677394526
11862000000,-0.00489141313889
11871000000,-0.00430474007636
11881000000,-0.00374528585717
11891000000,-0.00440350906315
11900000000,-0.00384256838295
11912000000,-0.00331387919453
11921000000,-0.00282222430419
11932000000,-0.00363693587194
11941000000,-0.00315048727573
11952000000,-0.00269571729029
11962000000,-0.00227626604311
11971000000,-0.0028387217688
11982000000,-0.00243895405617
11989000000,-0.00206848960386
12003000000,-0.00172908250269
12010000000,-0.00289924269641
12022000000,-0.00253675028032
12030000000,-0.00219349620169
12042000000,-0.00187314990895
12050000000,-0.00157804559601
12064000000,-0.00130937631833
12065000000,-0.00106722031121
12073000000,-0.00131766144149
12092000000,-0.00220718357913
12098000000,-0.00194539892292
12109000000,-0.00169473107059
12110000000,-0.00145853733915
12132000000,-0.00145870966457
12140000000,-0.001244917477
12151000000,-0.00104811427085
12170000000,-0.000869361389711
12171000000,-0.000708222932655
12184000000,0.000396969202105
12194000000,0.000465545747523
12212000000,0.000509757449645
12224000000,0.000533940329834
12224000000,0.000541678795993
12224000000,0.000535623726333
12224000000,0.000519619417416
12252000000,0.00103334933336
12263000000,0.000971212394917
12272000000,0.000901018170484
12279000000,0.000826146680987
12279000000,0.000749395149159
12279000000,0.000671928129716
12303000000,0.000596530194767
12322000000,0.000193097708246
12329000000,0.000522335451106
12345000000,0.000461302528246
12351000000,0.00040332502844
12356000000,0.000349253761189
12370000000,0.000330374936316
12381000000,0.000282603088328
12392000000,0.000239071813635
12401000000,0.000199804687684
12410000000,0.000172659446963
12419000000,0.000399899450109
12431000000,0.000357073227963
12442000000,0.000315392086802
12451000000,0.000275791544696
12459000000,0.000396091649712
12470000000,0.00035291736665
12481000000,0.000311239208474
12491000000,0.000271709721108
12500000000,0.000234773874702
12511000000,0.000553956796125
12522000000,0.000502406769715
12531000000,0.000450799100115
12541000000,0.000400244802838
12547000000,0.000903232966077
12562000000,0.000822628700738
12571000000,0.000740865397327
12582000000,0.000922879472679
12592000000,0.000827525050951
12597000000,0.000734081946098
12598000000,0.000644116537681
12620000000,0.00111635512808
12632000000,0.00100403732896
12643000000,0.000893105065513
12650000000,0.000785648549999
12661000000,0.00124819246647
12668000000,0.00112097192038
12681000000,0.000995549741206
12696000000,0.00167783506898
12696000000,0.0015156263914
12715000000,0.0013538490147
12721000000,0.0011959352118
12728000000,0.00106642908893
12750000000,0.00170335689352
12760000000,0.00152072340509
12767000000,0.00134271284983
12767000000,0.00117229753867
12782000000,0.00101169705259
12789000000,0.0017100766319
12799000000,0.00152185755564
12799000000,0.00133955908495
12799000000,0.0011657619059
12830000000,0.00233954147345
12830000000,0.00211511445559
12855000000,0.001890881727
12868000000,0.00271781474763
12874000000,0.00244292478407
12883000000,0.00217164918212
12892000000,0.00190905340976
12900000000,0.00292631635378
12909000000,0.00262260439917
12918000000,0.00232446977658
12930000000,0.00310916209779
12936000000,0.00277688539235
12947000000,0.0024526876064
12959000000,0.00214210547005
12967000000,0.00184907041582
12982000000,0.00157644174223
12993000000,0.0013259979311
13001000000,0.0021711116926
13012000000,0.00331952909205
13022000000,0.0029703351852
13032000000,0.00262854826536
13040000000,0.00230000071468
13050000000,0.00291700855926
13061000000,0.00257157139772
13069000000,0.00224148954326
13081000000,0.00193077480753
13089000000,0.00164236082969
13100000000,0.00246996843872
13106000000,0.00217081814455
13119000000,0.00188635776273
13119000000,0.00161963311192
13119000000,0.00137288855195
13149000000,0.00207746550845
13149000000,0.0018116958714
13171000000,0.00274452408268
13182000000,0.00244441463094
13190000000,0.00215278508853
13199000000,0.0018744550198
13199000000,0.001612872856
13199000000,0.00137029646939
13199000000,0.00114805427919
13199000000,0.000947081662325
13199000000,0.000767202611731
13257000000,0.00153274709863
13272000000,0.00250081479957
13282000000,0.00224662113092
13289000000,0.00294337762758
13300000000,0.00264496006164
13308000000,0.00235037376411
13318000000,0.00206538773694
13327000000,0.00179427196887
13340000000,0.00154017225281
13347000000,0.00130518180291
13363000000,0.00196395148178
13369000000,0.00287763023597
13383000000,0.00257459573453
13398000000,0.00227792843952
13398000000,0.00199289181724
13413000000,0.00246056871829
13428000000,0.00216719554008
13431000000,0.0018872348208
13449000000,0.00162416436851
13458000000,0.00138023819202
13466000000,0.00191973864022
13472000000,0.00167515752579
13496000000,0.00144463115277
13496000000,0.00123044593236
13503000000,0.00175816776323
13515000000,0.00154036041382
13523000000,0.00133421453363
13532000000,0.00114169737839
13542000000,0.00163277215212
13552000000,0.00143114748051
13562000000,0.00124009594578
13573000000,0.00170566572367
13581000000,0.00150433103586
13593000000,0.0013118898365
13604000000,0.00113066217735
13611000000,0.000962550070838
13620000000,0.00136480749098
13628000000,0.00118887915422
13643000000,0.00102358002768
13651000000,0.000870389769202
13660000000,0.0011866802775
13671000000,0.00103230048187
13679000000,0.000887570889647
13692000000,0.000753676139187
13701000000,0.00105896919457
13710000000,0.000921587786815
13723000000,0.00079274033945
13736000000,0.000673534810062
13743000000,0.000564249650618
13750000000,0.000868687050088
13759000000,0.000753269636229
13771000000,0.00540375357633
13781000000,0.00501196969048
13791000000,0.0045909189359
13802000000,0.0041562916359
13807000000,0.00649934973812
13822000000,0.00590554486494
13834000000,0.00530534296379
13845000000,0.00471349051462
13850000000,0.00414146545993
13852000000,0.00523790087588
13868000000,0.00461971222398
13883000000,0.00402911760038
13886000000,0.00418093916977
13900000000,0.00362265895489
13911000000,0.00310158458361
13921000000,0.0026214977112
13930000000,0.00218447098129
13942000000,0.00179120015345
13952000000,0.00144121712477
13960000000,0.00144805329418
13971000000,0.00116105918835
13978000000,0.00101629341543
13992000000,0.00079036108506
13998000000,0.000594708243624
14011000000,0.000427336524905
14019000000,-0.0001041965533
14030000000,-0.000197050820807
14046000000,-0.000265502316104
14055000000,-0.000313331814351
14063000000,-0.000343830085333
14073000000,-0.000752964807822
14099000000,-0.00073492698107
14099000000,-0.000704058736299
14111000000,-0.000663967325204
14111000000,-0.000617059773223
14121000000,-0.0012459167852
14131000000,-0.0019623712091
14141000000,-0.0018129227611
14152000000,-0.00165417202886
14159000000,-0.00149177846339
14169000000,-0.00133044537456
14175000000,-0.00117296081144
14188000000,-0.00163730713957
14201000000,-0.00145587963415
14209000000,-0.00127996177679
14219000000,-0.00155595035084
14220000000,-0.0013690774271
14238000000,-0.00119115175002
14251000000,-0.00102383032596
14260000000,-0.000868348100532
14268000000,-0.000726033322128
14282000000,-0.00107005156487
14293000000,-0.00179658719089
14303000000,-0.00161199863808
14321000000,-0.00143032163697
14324000000,-0.00125496127915
14332000000,-0.00107523432316
14344000000,-0.000919530024589
14357000000,-0.000775820642298
14363000000,-0.000644794332941
14371000000,-0.000526648486769
14381000000,-0.00113267556149
14393000000,-0.000994914168514
14400000000,-0.000863119188865
14411000000,-0.000739466168107
14419000000,-0.000693516285727
14431000000,-0.000584958218989
14431000000,-0.000485887786873
14431000000,-0.000396585041965
14431000000,-0.000317455186733
14467000000,-0.000247121696533
14467000000,-0.000185597501713
14489000000,-0.000722365946238
14508000000,-0.00085355294605
14508000000,-0.000760671661934
14519000000,-0.00067006271221
14532000000,-0.000891731331972
14539000000,-0.00079201212549
14548000000,-0.000694932949767
14563000000,-0.000602533617165
14577000000,-0.000515834324616
14582000000,-0.000496339905478
14588000000,-0.000419000189054
14600000000,-0.000348568740932
14606000000,-0.000271459189726
14618000000,-0.00021504713916
14622000000,-0.000165460987984
14636000000,-0.000122319737641
14649000000,-8.52495226597e-05
14659000000,-0.000207312926019
14659000000,-0.000170882804007
14679000000,-0.000138323450522
14691000000,-0.000108864578975
14699000000,0.000238396648669
14703000000,0.000241317040455
14717000000,0.000238506789074
14731000000,-0.000108031815935
14732000000,-0.000100015652771
14739000000,-9.16080188103e-05
14759000000,-8.23842083161e-05
14769000000,0.00011061257425
14788000000,0.000108248312066
14792000000,0.000104238203673
14810000000,9.90271598322e-05
14821000000,9.29624312163e-05
14821000000,8.61205620375e-05
14822000000,-0.000181982605773
14842000000,-0.000174263938771
14852000000,-0.000114213209651
14862000000,-0.000105283967202
14867000000,-9.56578585456e-05
14880000000,-8.56877364924e-05
14892000000,-0.000239215405152
14901000000,-0.000220091443952
14909000000,-0.00019965417453
14922000000,-0.000178871347616
14931000000,-9.67097653142e-05
14936000000,-8.04551402498e-05
14944000000,-6.56348320004e-05
14959000000,-5.23303282727e-05
14971000000,-4.06459103304e-05
14981000000,-3.02923109809e-05
14989000000,-4.09103018367e-05
14997000000,-3.19640007392e-05
15009000000,-2.4017375708e-05
15021000000,-1.70477040493e-05
15026000000,4.20497001007e-05
15034000000,4.35983967149e-05
15051000000,4.38942075636e-05
15061000000,8.93844816555e-05
15070000000,8.53133248376e-05
15078000000,8.03447227268e-05
15078000000,7.47747757285e-05
15078000000,6.88764808309e-05
15112000000,2.8844301672e-05
15120000000,2.47166852629e-05
15133000000,1.11851367654e-05
15141000000,8.42798214917e-06
15152000000,6.3072922558e-06
15176000000,4.61593798708e-06
15176000000,3.31872585826e-06
15185000000,2.35913029627e-06
15189000000,-0.000130329336505
15203000000,-0.000123244811582
15211000000,-0.000136247296418
15222000000,-0.000125610294924
15227000000,-0.000114257261993
15242000000,-0.000102636461694
15252000000,-0.000267026111349
15259000000,-0.000244513140516
15270000000,-0.000221351725215
15282000000,-0.000197914896151
15295000000,-0.000174913160734
15302000000,-0.000223150527211
15313000000,-0.000198173203522
15334000000,-0.000173883540611
15334000000,-0.000150747892511
15343000000,-0.000369439991381
15352000000,-0.00033523187289
15370000000,-0.000300657589938
15372000000,-0.0002665852369
15385000000,-0.000233677594002
15401000000,-0.000358036986201
15405000000,-0.000319165297349
15412000000,-0.000609382966595
15423000000,-0.000554357554565
15432000000,-0.000498432998069
15443000000,-0.000443106879303
15452000000,-0.000700243472878
15465000000,-0.000630503855139
15471000000,-0.00056133701372
15480000000,-0.000494294823993
15488000000,-0.000430278158446
15501000000,-0.000673245412308
15511000000,-0.000599601321129
15525000000,-0.000528035877698
15534000000,-0.000459702369235
15542000000,-0.00039544540437
15554000000,-0.000741596205291
15575000000,-0.000663340837295
15575000000,-0.000586583701764
15583000000,-0.000512838620294
15590000000,-0.000719083689532
15599000000,-0.000636468495958
15611000000,-0.00110853115264
15622000000,-0.00100318459256
15631000000,-0.000897794549879
15643000000,-0.000794381791233
15654000000,-0.00108767923704
15663000000,-0.000970095656497
15672000000,-0.000855574168238
15685000000,-0.000746002694374
15692000000,-0.000642841165609
15698000000,-0.000547131859706
15711000000,-0.000459223419178
15717000000,-0.000379484630387
15732000000,-0.000887154425582
15743000000,-0.000790625366196
15752000000,-0.000696672676586
15768000000,-0.00122318999333
15771000000,-0.00110445288865
15782000000,-0.000986010111257
15791000000,-0.00087035337136
15801000000,-0.00139868149448
15812000000,-0.00125252955102
15819000000,-0.0016567115283
15832000000,-0.00148662987657
15840000000,-0.00131916950779
15846000000,-0.00115764636499
15858000000,-0.00134617071904
15871000000,-0.00118070634051
15887000000,-0.00102369991023
15897000000,-0.000876877563213
15900000000,-0.000741357872514
15912000000,-0.00101543758815
15937000000,-0.000879287437041
15941000000,-0.00108738136165
15951000000,-0.000955911814129
15962000000,-0.000830786945566
15971000000,-0.000713406003415
15978000000,-0.00107835715389
15985000000,-0.000950687573429
15985000000,-0.000828746475033
16011000000,-0.000713873355015
16015000000,-0.00101246261866
16024000000,-0.000889784826573
16045000000,-0.000773018193153
16053000000,-0.0012376811356
16062000000,-0.00110483019234
16069000000,-0.000975675876773
16080000000,-0.000851771182595
16083000000,-0.000734878139461
16099000000,-0.00110238967573
16112000000,-0.00097142082235
16122000000,-0.000846269966652
16131000000,-0.00143032689679
16140000000,-0.00128212178706
16152000000,-0.00113630381002
16165000000,-0.000995758557741
16169000000,-0.000862539320668
16180000000,-0.00131906031307
16190000000,-0.00117103407485
16210000000,-0.00102788938093
16210000000,-0.000892099878049
16210000000,-0.000647450121079
16246000000,-0.000540161856772
16270000000,-0.00122441009833
16270000000,-0.00109108881949
16271000000,-0.000961361738535
16282000000,-0.00164056152979
16292000000,-0.00238237066375
16308000000,-0.00217020189011
16321000000,-0.00195409391726
16338000000,-0.0017398707196
16338000000,-0.00153191918913
16359000000,-0.0013335412184
16359000000,-0.00114717816603
16367000000,-0.000974672878601
16371000000,-0.0013756806066
16377000000,-0.0019081318772
16391000000,-0.00169625963133
16414000000,-0.00149111160994
16420000000,-0.00111271529824
16432000000,-0.00175559724102
16442000000,-0.00154674827527
16450000000,-0.00215036639011
16462000000,-0.00191873295433
16469000000,-0.0016932735039
16475000000,-0.00147744684768
16487000000,-0.00127408823891
16501000000,-0.00108528542444
16510000000,-0.00187972138244
16518000000,-0.00165917015694
16518000000,-0.00144799340485
16518000000,-0.0012489504473
16546000000,-0.00196966459035
16558000000,-0.00174422541367
16558000000,-0.00152751438329
16558000000,-0.00132211876959
16591000000,-0.00215062485123
16597000000,-0.00191142449512
16597000000,-0.00167993902559
16620000000,-0.0024732904961
16631000000,-0.00220900295243
16639000000,-0.0019512282272
16639000000,-0.00170385786075
16640000000,-0.00221457669193
16671000000,-0.00195651636599
16682000000,-0.00170962927569
16691000000,-0.00147659848076
16702000000,-0.00240598657229
16703000000,-0.0021417955325
16717000000,-0.00188477992815
16717000000,-0.00163986683127
16717000000,-0.00141005783654
16717000000,-0.00119728679165
16749000000,-0.00160561745488
16754000000,-0.00139351923655
16778000000,-0.00248205508922
16790000000,-0.00222733575014
16794000000,-0.00197735741519
16810000000,-0.00173608101739
16810000000,-0.00150702742952
16830000000,-0.00197204191919
16841000000,-0.00173433090724
16841000000,-0.00150884931217
16841000000,-0.00129669503335
16867000000,-0.00176393118651
16883000000,-0.00154190478743
16888000000,-0.00134994213273
16897000000,-0.00171716213584
16907000000,-0.00150029573807
16918000000,-0.00129650550479
16929000000,-0.00110686418782
16941000000,-0.000902028422426
16951000000,-0.000745088640765
16953000000,-0.000604822400301
16953000000,-0.000480878769826
16953000000,-0.000372483644267
16990000000,-0.000897827709576
16995000000,-0.000782407868236
16995000000,-0.000672715421866
17015000000,-0.000571498039206
17015000000,-0.000479124931502
17040000000,0.000429704005364
17049000000,0.000455767506174
17061000000,-0.000287323087093
17071000000,-0.00024485840607
17075000000,-0.000204517627791
17088000000,-0.000168304625168
17101000000,7.81680238561e-05
17111000000,9.22726478988e-05
17119000000,0.000101106154495
17119000000,0.000105561990813
17155000000,0.000105730980343
17155000000,0.000103668798647
17160000000,-0.00063435927808
17169000000,-0.000593522726064
17181000000,-0.000934404517832
17202000000,-0.000863001295106
17202000000,-0.000787628508988
17211000000,-0.000711258403254
17222000000,-0.0007477887785
17223000000,-0.000665841440861
17223000000,-0.000586811421242
17243000000,-0.000511719241444
17255000000,-0.00039652260933
17264000000,-0.000334221524652
17281000000,-0.000278129992671
17290000000,-3.20557290044e-05
17302000000,5.90668272923e-07
17308000000,2.58938753246e-05
17321000000,4.48630655791e-05
17331000000,0.000137343825115
17341000000,0.00014170281849
17355000000,0.000141568562466
17356000000,0.000137323405186
17370000000,0.000131333678991
17382000000,0.000738993199815
17391000000,0.000689400272264
17400000000,0.000634522970558
17408000000,0.00057671845443
17422000000,0.000482371275494
17431000000,0.00042567606529
17439000000,0.000371324609959
17451000000,0.0003202139208
17463000000,0.00085198580765
17470000000,0.000769126142825
17470000000,0.000686233310047
17470000000,0.000605204250907
17501000000,0.000535839451017
17509000000,0.000461725039856
17521000000,0.000392924602803
17528000000,0.000329469927884
17541000000,0.000512027577257
17552000000,0.000445229889366
17559000000,0.000382260082135
17559000000,0.000323685807269
17582000000,0.000566393305033
17589000000,0.000498243785113
17598000000,0.000432989357028
17608000000,0.000371469185767
17620000000,0.000670691055684
17633000000,0.000596749658503
17640000000,0.00052475362895
17652000000,0.000456002340501
17659000000,0.00039106869917
17667000000,0.000799433798694
17681000000,0.000715284575157
17681000000,0.000632551933496
17700000000,0.00107916388434
17705000000,0.000971913788726
17719000000,0.000865431881705
17719000000,0.00076170352162
17719000000,0.000662287261825
17749000000,0.00101641855177
17757000000,0.000903277132778
17772000000,0.000793496554794
17780000000,0.00136790870074
17791000000,0.00122626634032
17794000000,0.0010871022964
17794000000,0.000952137645439
17815000000,0.0011077626598
17829000000,0.000969916246781
17840000000,0.000839204794462
17857000000,0.000717049256265
17857000000,0.000604469531659
17857000000,0.000502409807874
17858000000,0.00123065425376
17887000000,0.0011030081368
17897000000,0.000977562680273
17913000000,0.000960276980265
17919000000,0.00083852981027
17933000000,0.000723526400801
17941000000,0.000616839526637
17950000000,0.00137357740209
17959000000,0.00123459728997
17970000000,0.00109720235101
17979000000,0.000964068319385
17990000000,0.00124135129469
17998000000,0.00109651315574
18010000000,0.000957869196757
18020000000,0.00137413291418
18035000000,0.00122016371534
18044000000,0.00107141999206
18045000000,0.000929998448301
18045000000,0.000797512034045
18072000000,0.000675020463396
18078000000,0.00083141759053
18091000000,0.000713604167859
18099000000,0.000828988229514
18112000000,0.000714607152014
18118000000,0.000608333352572
18118000000,0.000510804895413
18140000000,0.00061756606426
18143000000,0.000526360699432
18156000000,0.000443156100994
18166000000,6.84131762244e-05
18181000000,1.64532895551e-05
18191000000,-2.48874754713e-05
18199000000,-5.70240849604e-05
18212000000,-8.11883897881e-05
18221000000,-9.84622015728e-05
18228000000,0.000175545947371
18241000000,0.000153171522789
18251000000,0.000131847356574
18259000000,0.000112118897493
18268000000,-0.000219415529408
18270000000,-0.000216197313254
18285000000,-0.000208852304922
18299000000,-0.000198201523392
18307000000,3.57259054304e-05
18310000000,3.59347009167e-05
18331000000,3.53849204699e-05
18336000000,1.32041685123e-05
18352000000,1.28087450735e-05
18361000000,1.22164228218e-05
18371000000,1.15950703159e-05
18374000000,-3.06137320694e-05
18389000000,-2.89676425059e-05
18397000000,-2.68611317065e-05
18411000000,-2.4542543844e-05
18423000000,-0.000126741080723
18432000000,-0.000117313191339
18439000000,-0.000107147097438
18453000000,-0.000375553077896
18461000000,-0.000349733673215
18469000000,-0.000321339067869
18475000000,-0.000291660984702
18475000000,-0.000261650384881
18476000000,-0.000232051486866
18511000000,-0.000203398010851
18522000000,-0.000176104799877
18530000000,-0.000286903661646
18539000000,-0.000254788067104
18548000000,-0.000223610367039
18557000000,-0.000193891293229
18571000000,-0.000585255536199
18580000000,-0.000533092741781
18591000000,0.000255886365844
18616000000,0.000260477028426
18616000000,0.000258526771695
18621000000,-0.000559476858151
18631000000,-0.000524065945236
18641000000,-0.000484187664898
18648000000,-0.000441718775328
18661000000,-0.00115804038943
18670000000,-0.00107022665816
18682000000,-0.000976734139114
18686000000,-0.00088087548796
18700000000,-0.00113497978478
18712000000,-0.00102244823697
18714000000,-0.000910632024851
18727000000,-0.000801913762213
18741000000,-0.000698295428885
18751000000,-0.00124569435406
18752000000,-0.00111798347162
18757000000,-0.000992087300583
18771000000,-0.000870442909802
18800000000,-0.00110293531903
18800000000,-0.000971982587902
18808000000,-0.00137576771718
18822000000,-0.00122798978506
18832000000,-0.00108340918596
18840000000,-0.000945018189481
18849000000,-0.000814587989798
18862000000,-0.000693361607486
18870000000,-0.000835335657889
18880000000,-0.000720566831042
18890000000,-0.000614201637225
18899000000,-0.000885624287154
18912000000,-0.00077471997951
18919000000,-0.000669771740114
18931000000,-0.000571870773079
18943000000,-0.000817798412916
18949000000,-0.000713396550479
18957000000,-0.00061534798876
18957000000,-0.000523832047196
18976000000,-0.000439611683416
18976000000,-0.000333740483561
18984000000,-0.000266890382012
19006000000,-0.000208042420648
19018000000,-0.000156814709622
19031000000,-0.000524057405228
19041000000,-0.000462222548924
19051000000,-0.000402608746045
19062000000,-0.000250040250778
19073000000,-0.000203950335727
19080000000,-0.000162914186146
19091000000,-0.000126739536164
19098000000,-0.000549705490334
19098000000,-0.00049503648717
19098000000,-0.000440312043465
19132000000,-0.000279524999929
19142000000,-0.000235029145992
19149000000,-0.000194573393969
19158000000,-0.000158171242106
19169000000,-0.000125876772223
19179000000,-0.00052301222068
19188000000,-0.000473860430849
19202000000,-0.000424356661043
19212000000,-0.000507761995859
19219000000,-0.000453368353582
19235000000,-0.000400233921386
19242000000,-0.000349311871049
19253000000,-0.000301510634828
19262000000,-0.000450248598462
19271000000,-0.000397992487555
19285000000,-0.000347837364116
19297000000,-0.000300444039332
19297000000,-0.000256296041987
19312000000,-0.000255805821657
19320000000,-0.000216392106786
19332000000,-0.000161879646617
19342000000,-0.000130414296186
19353000000,-0.000102657879316
19369000000,-7.8433802562e-05
19372000000,-5.75480978453e-05
19382000000,-5.23838208139e-05
19387000000,-3.66257526599e-05
19401000000,-2.35049264197e-05
19412000000,0.000159991154118
19424000000,0.000159579575243
19434000000,0.000155726786235
19441000000,0.000149217467196
19451000000,0.000124404146313
19459000000,0.00011558643195
19472000000,0.00010599052234
19482000000,9.60590057395e-05
19488000000,-6.63149315234e-05
19498000000,-6.60440284945e-05
19511000000,-6.43335649376e-05
19522000000,-6.15256043082e-05
19531000000,-0.000176296362731
19545000000,-0.00016454947714
19551000000,-0.000151741102022
19561000000,-0.000138146794269
19572000000,-0.000124333831814
19572000000,-0.000110666357424
19598000000,-0.000321853630998
19607000000,-0.000296361872884
19613000000,-0.000269615586585
19622000000,-0.000375412168567
19632000000,-0.000339896602221
19639000000,-0.000304296314147
19648000000,-0.00026946111694
19660000000,-0.000236018541051
19669000000,-0.000204406223114
19680000000,-0.000172275540523
19692000000,-5.97222783521e-05
19702000000,-4.08818915137e-05
19706000000,-2.51162523604e-05
19716000000,-1.21893518028e-05
19730000000,8.00633868447e-05
19740000000,8.3417178339e-05
19750000000,8.41605088955e-05
19760000000,0.000383376985282
19771000000,0.000515298167555
19782000000,0.000482360841504
19788000000,0.000445549611152
19802000000,0.000406469333542
19811000000,0.000696220637313
19817000000,0.000638025190606
19818000000,0.000577876207959
19840000000,0.000517201826989
19840000000,0.000457720401036
19862000000,0.000566198679425
19870000000,0.00050254056399
19883000000,0.000441003061638
19891000000,0.000382541226403
19901000000,0.000685145816272
19912000000,0.000615029940992
19921000000,0.000545790985725
19935000000,0.000775688451429
19941000000,0.00069561054944
19950000000,0.000616773459922
19957000000,0.00054072951785
19971000000,0.000732596227156
19981000000,0.000650171523055
19988000000,0.000570244407243
20002000000,0.000494466612665
20012000000,0.000423572122649
20021000000,0.000358102115865
20033000000,0.000514894994249
20041000000,0.000447779017489
20052000000,0.000384882775182
20060000000,0.000484224255629
20070000000,0.000421456853216
20082000000,0.000362470672295
20092000000,0.000477632108818
20099000000,0.000418040717508
20111000000,0.00036162245562
20128000000,0.000309057848354
20136000000,0.000260505573928
20144000000,0.000216270468506
20155000000,0.000176512406275
20155000000,0.00020539492463
20155000000,0.000170309327001
20180000000,0.000138773074056
20197000000,0.000110784537131
20197000000,8.61276990659e-05
20212000000,6.45818389233e-05
20213000000,0.000151340751259
20232000000,0.000126834312602
20239000000,4.19822976232e-05
20252000000,0.000119560754317
20262000000,0.00010208060481
20274000000,8.59678791872e-05
20279000000,7.11143677653e-05
20291000000,0.000125152508509
20302000000,0.000109645945977
20312000000,9.49102518125e-05
20323000000,8.11118433557e-05
20332000000,6.83914435237e-05
20342000000,5.68178364739e-05
20352000000,4.8131308366e-05
20361000000,3.86693178169e-05
20372000000,3.03045846034e-05
20382000000,2.29888389604e-05
20385000000,3.14588877706e-05
20396000000,2.51763102939e-05
20411000000,1.96453178001e-05
20419000000,1.4683730166e-05
20430000000,1.04852400599e-05
20440000000,-0.000554416013593
20449000000,-0.00078283962155
20460000000,-0.000732589506499
20470000000,-0.000676604646446
20476000000,-0.000617362661668
20491000000,-0.000431427234722
20502000000,-0.000378929279588
20510000000,-0.000329060831394
20530000000,-0.0002824275968
20530000000,-0.000239392763896
20539000000,0.000143940524391
20550000000,0.000157319667126
20572000000,0.000164265850979
20572000000,0.000165998786022
20587000000,0.000163727936263
20593000000,0.000158257162302
20599000000,0.00030268205401
20614000000,0.000283161427339
20614000000,0.00037231586522
20629000000,0.000342809550611
20640000000,0.000311782477088
20650000000,0.000348889183881
20660000000,0.000313746559305
20671000000,0.000279031625734
20681000000,0.000245425913648
20690000000,7.71340596191e-05
20697000000,5.51672437636e-05
20709000000,3.65031696375e-05
20720000000,2.11191982966e-05
20730000000,-1.82880112578e-05
20740000000,-2.66737639313e-05
20749000000,-3.26684452045e-05
20757000000,-3.66138048065e-05
20757000000,-3.88777748082e-05
20780000000,-3.9885312082e-05
20780000000,-4.50911912822e-05
20780000000,-0.000217420305964
20780000000,-0.000203713280435
20821000000,-0.000188316284813
20832000000,-0.00030849023914
20846000000,-0.000283277234319
20862000000,-0.00025711614805
20863000000,-0.000230728293405
20868000000,-0.000204637655811
20868000000,-0.000184528859403
20895000000,-0.0003229519371
20905000000,3.53970225027e-05
20905000000,5.016367703e-05
20917000000,6.06196888235e-05
20927000000,0.000175198028262
20927000000,0.000172758098812
20951000000,0.000166991456772
20959000000,0.000158739790956
20974000000,0.000148706283639
20974000000,0.000137525851439
20974000000,0.000125647624004
20974000000,0.000116175658159
21011000000,0.000131248927854
21022000000,0.000117812128213
21032000000,0.000104623163474
21039000000,9.19191984743e-05
21047000000,7.99082024896e-05
21058000000,-9.90909043178e-05
21069000000,-9.96801758182e-05
21081000000,-9.78385368612e-05
21092000000,-9.40756703393e-05
21092000000,-0.000147947109304
21093000000,-0.000138255567672
21093000000,-0.000127470365087
21110000000,-0.000116052899189
21125000000,-0.000104472128352
21125000000,-0.000320913855679
21125000000,-0.000296594897212
21139000000,-0.00027074474986
21139000000,-0.000244265217488
21189000000,-0.000338795402786
21189000000,-0.000305967184408
21212000000,-0.000273810156293
21213000000,-0.00024276646477
21237000000,-0.000213092024777
21237000000,-0.000402150329923
21237000000,-0.000363787437997
21262000000,-0.000325869741134
21270000000,-4.96312955706e-05
21272000000,0.00793082397141
21272000000,0.00741918212742
21272000000,0.00684956675588
21312000000,0.00624701153981
21314000000,0.0118787003601
21314000000,0.01088392336
21342000000,0.00985597819265
21353000000,0.00689069210549
21361000000,0.00600672091247
21368000000,0.00517520669001
21380000000,0.00440374930841
21391000000,0.00127721032979
21402000000,0.00078878746759
21409000000,0.000385864296714
21420000000,5.93656125539e-05
21430000000,-0.000799291957473
21441000000,-0.000961691767483
21457000000,-0.00106843460913
21462000000,-0.000958011039072
21468000000,-0.000991060475192
21481000000,-0.000995242452326
21489000000,-0.000608733588088
21499000000,-0.000594950962414
21510000000,-0.000571111249484
21520000000,-0.000539756125972
21530000000,-0.000503189060841
21538000000,-0.000106999907653
21552000000,-8.7301447741e-05
21559000000,-6.99807681886e-05
21571000000,0.000251339737397
21582000000,0.000246322590875
21591000000,0.000236703188495
21613000000,0.000223783695745
21637000000,0.000208528355562
21637000000,0.000174297592891
21643000000,0.00015663975622
21663000000,0.00194974429855
21663000000,0.00181691968429
21671000000,0.00211484404655
21684000000,0.0019384328264
21692000000,0.00175612882917
21702000000,0.000707672608738
21710000000,0.000581803122674
21722000000,0.000469846546722
21732000000,-0.00098704908851
21744000000,-0.000989235919911
21752000000,-0.0009684069346
21761000000,-0.000929905427588
21772000000,-0.00087831866192
21780000000,-0.00375773610082
21792000000,-0.00351443042384
21796000000,-0.00324369123001
21806000000,-0.00575278749165
21818000000,-0.00529942738492
21818000000,-0.00482263590251
21844000000,-0.00433810822177
21847000000,-0.00385829364315
21858000000,-0.00339290175617
21872000000,-0.0108421115243
21881000000,-0.00997349389468
21890000000,-0.0142661149028
21902000000,-0.0130554189036
21912000000,-0.011807930301
21917000000,-0.0105597031265
21917000000,-0.00933881175092
21917000000,-0.00816698280063
21917000000,-0.00706015497745
21917000000,-0.00602877113737
21967000000,-0.00508014247545
21967000000,-0.00421798044089
21967000000,-0.00696491564603
21973000000,-0.00604644597682
22008000000,-0.00518660756411
22020000000,-0.00439245729012
22020000000,-0.00649065244165
22020000000,-0.00567867537736
22021000000,-0.00491062504457
22064000000,0.00358473237501
22064000000,0.00375550618964
22064000000,0.00380666561518
22064000000,0.00376220544766
22064000000,0.00843094136841
22064000000,0.00794415497174
22065000000,0.0073834715455
22065000000,0.00687716230873
22065000000,0.00624183783291
22065000000,0.00332732874114
22170000000,0.00283502645195
22176000000,0.00238429891307
22189000000,0.00197660908986
22189000000,0.00161182122296
22202000000,0.00128899630854
22217000000,0.000967138291514
22226000000,-0.000885324432558
22232000000,-0.00257094798437
22243000000,-0.00253226094948
22252000000,-0.00340487912963
22262000000,-0.00322670048328
22272000000,-0.00301340905144
22281000000,-0.00277735333602
22290000000,-0.00252862284771
22298000000,-0.00342797484366
22312000000,-0.00310359188257
22317000000,-0.00277787469259
22328000000,-0.00245849027082
22337000000,-0.00352561345502
22351000000,-0.00315426582362
22361000000,-0.00279059155154
22375000000,-0.00244116563549
22382000000,-0.0021109786803
22393000000,-0.00320994114233
22412000000,-0.00283474149664
22412000000,-0.00247533831175
22412000000,-0.00213646377232
22412000000,-0.00182138002002
22443000000,-0.0030680915579
22451000000,-0.00270544510671
22463000000,-0.004273242429
22471000000,-0.00382978653223
22481000000,-0.00339456962538
22487000000,-0.00297563952783
22498000000,-0.0037160912925
22511000000,-0.00327303600496
22522000000,-0.00285078233984
22530000000,-0.00365460912213
22535000000,-0.00321708595853
22553000000,-0.00280056490754
22554000000,-0.00240998257118
22571000000,-0.00204863156674
22579000000,-0.00278847971272
22593000000,-0.00242594924609
22602000000,-0.00208649761971
22602000000,-0.00177282949362
22613000000,-0.00148656243828
22613000000,-0.00122836568143
22642000000,-0.00185780530704
22650000000,-0.00244118756719
22659000000,-0.0021512755821
22672000000,-0.00187541302032
22680000000,-0.00161697165436
22688000000,-0.00137805332905
22699000000,-0.00131079063761
22710000000,-0.00110576900147
22721000000,-0.000920557079857
22731000000,-0.000639661057531
22742000000,-0.000500629144114
22748000000,-0.000381073633286
22752000000,-0.00027963340031
22752000000,-0.000194802274487
22784000000,-0.000124992981129
22796000000,0.000223153798283
22803000000,0.010202873493
22814000000,0.00962584132387
22834000000,0.00895501700198
22834000000,0.0082249190607
22835000000,0.00746438138166
22853000000,0.0149328878308
22861000000,0.0136933323498
22871000000,0.0180830208113
22881000000,0.016413983838
22889000000,0.0147303820809
22901000000,0.0130725415229
22912000000,0.0114721237026
22921000000,0.0136278383209
22932000000,0.0152335419028
22943000000,0.0134463753103
22952000000,0.0117358863958
22962000000,0.010124360386
22967000000,0.0093688456473
22970000000,0.00795173952671
22984000000,0.00665588387191
23004000000,0.00548465531284
23004000000,0.00443791525369
23016000000,0.00351278693289
23028000000,0.00270437425963
23039000000,0.00248380017055
23048000000,0.00186027048508
23059000000,0.00132645889883
23071000000,-0.00961609053158
23078000000,-0.00940616599126
23085000000,-0.0090297121388
23102000000,-0.0107725763621
23110000000,-0.0100581411076
23122000000,-0.00927069680365
23130000000,-0.00762921939432
23140000000,-0.00683344212328
23150000000,-0.00605397331117
23161000000,-0.00530485330191
23170000000,-0.00318725389544
23178000000,-0.00260934044637
23192000000,-0.00209621362886
23211000000,-0.00164550867889
23211000000,-0.00125410831039
23219000000,0.000347135132789
23232000000,0.000555839678522
23242000000,0.000707350272039
23252000000,0.000810489673483
23261000000,0.00220284105692
23272000000,0.0021523123243
23281000000,0.00206384407146
23292000000,0.00194748744819
23302000000,0.00308368887307
23307000000,0.00285274146335
23315000000,0.0026065942389
23332000000,0.00379570965449
23343000000,0.00346307255489
23351000000,0.00312296841495
23360000000,0.0027847737115
23370000000,0.00399043305547
23379000000,0.00357765460664
23398000000,0.00317215047976
23402000000,0.00278142736922
23410000000,0.0024111002629
23418000000,0.00363695612396
23431000000,0.00323037067952
23442000000,0.002837450076
23462000000,0.00246432191408
23462000000,0.00211519279926
23479000000,0.00179278258124
23479000000,0.00149853475216
23479000000,0.00277117453265
23498000000,0.00243799257082
23499000000,0.00663706242671
23522000000,0.00609286757834
23529000000,0.00793843989444
23541000000,0.00723822473139
23549000000,0.00652475966389
23560000000,0.00581686550871
23570000000,0.0051291601164
23582000000,0.00469824920114
23590000000,0.00406872487238
23599000000,0.00348202226095
23611000000,0.0029422328312
23620000000,0.0024513223952
23632000000,0.000618714073232
23640000000,0.000306606853212
23650000000,5.45168740162e-05
23661000000,-0.000144654015309
23672000000,-0.000297602986703
23681000000,-0.00250559245584
23691000000,-0.00246214378622
23698000000,-0.0055028966034
23711000000,-0.00519830532129
23714000000,-0.00484093612795
23728000000,-0.00445025415076
23738000000,-0.00666402010529
23747000000,-0.00607968333622
23762000000,-0.00548251428924
23774000000,-0.00488955920739
23778000000,-0.00434550618708
23792000000,-0.00378986626041
23797000000,-0.00326627256581
23798000000,-0.00277965915724
23810000000,-0.00233305194284
23828000000,0.00556213569218
23829000000,0.00545524992437
23843000000,0.00525012823995
23843000000,0.00497206029107
23871000000,0.00631739563237
23872000000,0.00586159596707
23889000000,0.00537220702657
23901000000,0.00436952483609
23911000000,0.00389487996229
23921000000,0.00343513768659
23928000000,0.00299737211092
23941000000,0.0013448197779
23950000000,0.00104260972183
23959000000,0.000782578347121
23972000000,0.000561546834483
23980000000,-0.00110907648296
23990000000,-0.00116904799838
23999000000,-0.0011883879564
24012000000,-0.00117538789732
24012000000,-0.00290237755705
24032000000,-0.00274396249378
24038000000,-0.00255600542259
24047000000,-0.00234939948808
24060000000,-0.00213237228952
24072000000,-0.0040763892069
24073000000,-0.00373690630853
24092000000,-0.00338364923355
24100000000,-0.00302770282077
24107000000,-0.00267759050374
24115000000,-0.00234025446608
24129000000,-0.00202049358964
24139000000,-0.00172099105069
24154000000,-0.00398354958567
24169000000,-0.00357878088898
24169000000,-0.00317773004764
24181000000,-0.0106869957438
24189000000,-0.00983098232755
24196000000,-0.00893463754533
24200000000,-0.00802598341132
24222000000,-0.0288094773419
24222000000,-0.0266683785046
24240000000,-0.0243824900925
24250000000,-0.0220338692085
24251000000,-0.0196885718322
24258000000,-0.0301767447695
24278000000,-0.027146833752
24278000000,-0.0241500779646
24278000000,-0.02124680816
24278000000,-0.0184822822898
24322000000,-0.0214655054084
24328000000,-0.0227684886169
24340000000,-0.0199619392739
24351000000,-0.0173027688842
24358000000,-0.0148191887616
24359000000,-0.0125299663623
24380000000,-0.00859229319217
24388000000,-0.00681656480061
24398000000,-0.00526457929894
24399000000,-0.00392386433583
24399000000,-0.0027798518285
24426000000,0.00122696921035
24436000000,0.00183975071202
24436000000,0.00228095276721
24436000000,0.00257698089727
24468000000,0.00706729372864
24477000000,0.00690190270841
24484000000,0.0066157955548
24502000000,0.0113465379287
24510000000,0.0106315332126
24518000000,0.00982956928279
24530000000,0.00897639905639
24539000000,0.013007677363
24550000000,0.0118155856783
24562000000,0.0106106272513
24572000000,0.0094221943034
24581000000,0.013176448455
24595000000,0.0117964885028
24595000000,0.0104434089134
24606000000,0.00914183874512
24607000000,0.0129184013847
24628000000,0.0114961914193
24629000000,0.0101168820924
24644000000,0.00880179562247
24655000000,0.0115861238437
24670000000,0.0101897166008
24679000000,0.00885954404015
24679000000,0.00761137498416
24679000000,0.00645596878897
24679000000,0.00539946842254
24679000000,0.00444415048451
24730000000,-0.00943392716297
24742000000,-0.00942453477922
24751000000,-0.0153323859566
24761000000,-0.0145979981013
24769000000,-0.0136943458718
24781000000,-0.0126774807694
24787000000,-0.00902007004173
24800000000,-0.00805039719785
24800000000,-0.0071081280176
24820000000,-0.00343652756419
24829000000,-0.00274607640492
24837000000,-0.00214314649874
24838000000,-0.00162203679538
24860000000,-0.00117770177804
24867000000,0.00164236134359
24874000000,0.0017893079725
24891000000,0.0276262831388
24899000000,0.0262011957179
24909000000,0.0244863282215
24920000000,0.0225848854601
24927000000,0.0205787033187
24936000000,0.0185343941932
24949000000,0.0169306543569
24959000000,0.029200558111
24969000000,0.0374977443773
24984000000,0.0340032448616
24992000000,0.0304870334999
24997000000,0.0270326955263
25012000000,0.0237036326074
25023000000,0.0232560156479
25029000000,0.0201310430629
25042000000,0.0172164684642
25052000000,0.0156745288168
25063000000,0.0131697833913
25067000000,0.0109003240736
25079000000,0.00886673588366
25092000000,0.00706470037585
25093000000,-0.0121718398867
25110000000,-0.0123864803568
25119000000,-0.0122792002643
25127000000,-0.01192056439
25143000000,-0.0143947365872
25153000000,-0.0135396937794
25173000000,-0.012563146634
25173000000,-0.0115130188243
25189000000,-0.0104283648848
25194000000,-0.00934073673194
25204000000,-0.00672798933342
25204000000,-0.00580034935815
25204000000,-0.00493993341039
25230000000,-0.00148556263714
25258000000,-0.000938930461579
25258000000,-0.000487359601792
25264000000,-0.000120748163195
25272000000,0.00202842680276
25300000000,0.00214278237933
25300000000,0.00218493296871
25308000000,0.00216929608045
25312000000,0.00381260857159
25322000000,0.00362273946839
25332000000,0.00533863581631
25343000000,0.00496980874085
25352000000,0.00456833146622
25362000000,0.00415015784964
25372000000,0.00372814482024
25382000000,0.00292836798567
25391000000,0.00255237256004
25399000000,0.00219974558231
25411000000,0.00187347511729
25421000000,-0.000699580030619
25428000000,-0.000832255124647
25435000000,-0.000917438725153
25450000000,-0.000962743631454
25461000000,-0.00366332246041
25471000000,-0.00348561703362
25496000000,-0.00326639236699
25496000000,-0.00301930723429
25502000000,-0.00507639068414
25509000000,-0.00467671756208
25518000000,-0.00425531471009
25519000000,-0.00382656208864
25519000000,-0.00340164563431
25551000000,-0.00542525691088
25560000000,-0.00487913060457
25560000000,-0.00433818959258
25560000000,-0.00381379394059
25560000000,-0.0033136141425
25595000000,0.00679752348211
25609000000,0.00665405403784
25618000000,0.0113257154044
25628000000,0.010663339676
25643000000,0.00990444940335
25658000000,0.00718631549081
25658000000,0.00645348822877
25673000000,0.0057336194481
25677000000,0.00503985374061
25689000000,0.00438221811675
25700000000,0.00584287396693
25712000000,0.00514074145976
25725000000,0.00447407832015
25732000000,0.00385014480719
25741000000,0.00215257632587
25752000000,0.00169843948355
25763000000,0.00130477266487
25770000000,0.000967572120391
25780000000,-0.00150095912195
25788000000,-0.00159618602635
25801000000,-0.00163382276783
25808000000,0.28809786341
25827000000,0.271539301938
25833000000,0.252408755459
25842000000,0.231689136439
25850000000,0.210181751171
25861000000,0.566139909491
25872000000,0.520207853808
25879000000,0.472379369234
25891000000,0.849365065404
25900000000,0.777493860142
25911000000,0.703463105233
25922000000,0.629403145473
25932000000,0.556980569695
25940000000,0.891581523671
25950000000,0.800578908731
25962000000,0.71098652106
25971000000,0.624515895945
25976000000,0.885927940063
25990000000,0.786729026255
26000000000,0.691006774468
26011000000,0.600167362209
26022000000,0.774852651005
26031000000,0.679827070589
26037000000,0.589811657948
26046000000,0.505764961757
26058000000,0.60503793364
26058000000,0.522967614567
26071000000,0.446687875865
26089000000,0.376670010594
26099000000,0.401507116064
26109000000,0.338721156281
26120000000,0.281797487752
26128000000,0.230773232822
26137000000,0.214215199987
26150000000,0.172728504891
26157000000,0.13629442492
26167000000,0.104689629588
26177000000,0.0405702496209
26188000000,0.0199107260634
26201000000,0.00337052846057
26209000000,-0.131701614548
26220000000,-0.134660878278
26230000000,-0.133800320765
26241000000,-0.129959837871
26252000000,-0.23527798621
26259000000,-0.221199288751
26270000000,-0.2049235438
26279000000,-0.187287299351
26292000000,-0.168972656911
26302000000,-0.150552115366
26311000000,-0.381968864676
26329000000,-0.348857390049
26335000000,-0.314698269639
26341000000,-0.475707708479
26350000000,-0.43021778012
26360000000,-0.384488379938
26369000000,-0.652825585882
26376000000,-0.591276810423
26393000000,-0.529275273207
26401000000,-0.468285612982
26408000000,-0.409469983038
26415000000,-0.353682913787
26429000000,-0.537367550492
26436000000,-0.473561033142
26436000000,-0.412482003213
26461000000,-0.354868782146
26471000000,-0.61312474083
26479000000,-0.543051553274
26485000000,-0.475398010049
26501000000,-0.677433911003
26511000000,-0.601358810939
26518000000,-0.527736935122
26524000000,-0.45769433136
26540000000,-0.391949093295
26549000000,-0.598142111205
26558000000,-0.525392702641
26570000000,-0.456038071897
26572000000,-0.661287181207
26585000000,-0.585496421244
26600000000,-0.512477081148
26605000000,-0.622827465468
26614000000,-0.54675901371
26630000000,-0.474318483134
26641000000,-0.406364349811
26641000000,-0.343474906663
26669000000,-0.286005839871
26669000000,-0.491646926439
26675000000,-0.428144330088
26689000000,-0.368264172094
26700000000,-0.429633007426
26712000000,-0.371824744169
26718000000,-0.317721352758
26730000000,-0.495968376902
26736000000,-0.436740329445
26753000000,-0.380094192886
26762000000,-0.326711599196
26772000000,-0.361067210873
26782000000,-0.310649574663
26789000000,-0.263768632087
26802000000,-0.220732986814
26813000000,-0.181730557873
26820000000,-0.146778154492
26829000000,-0.120049327526
26841000000,-0.235776302493
26848000000,-0.202361998354
26859000000,-0.258415369058
26866000000,-0.224283438089
26881000000,-0.192235716768
26889000000,-0.21905939731
26899000000,-0.188554542534
26910000000,-0.160145062203
26917000000,-0.134031302426
26925000000,-0.110317295084
26941000000,-0.089031259961
26950000000,-0.103056217936
26958000000,-0.0844194072022
26968000000,-0.0677127405289
26981000000,-0.0331121647739
26986000000,-0.0214719871112
27002000000,-0.0117133037487
27019000000,-0.021923883904
27019000000,-0.0142627126497
27034000000,-0.00784286269111
27034000000,-0.00251972381491
27053000000,0.049448320468
27061000000,0.0501799008346
27071000000,0.0497075019187
27071000000,0.048292049816
27091000000,0.0608010997669
27101000000,0.0573349975809
27111000000,0.0533708098741
27119000000,0.049114390884
27127000000,0.0447110142553
27141000000,0.0402858815795
27149000000,0.100229958634
27159000000,0.0920876466745
27159000000,0.0836368878498
27160000000,0.0751269810331
27160000000,0.0667702877565
27201000000,0.0587125612704
27209000000,0.194444821676
27221000000,0.178703044292
27228000000,0.16229885951
27239000000,0.145745230716
27252000000,0.129439947902
27260000000,0.199163238892
27271000000,0.178963646036
27290000000,0.159034239117
27290000000,0.139760994855
27305000000,0.121433253491
27312000000,0.104258028393
27323000000,0.186731860783
27327000000,0.30506323885
27339000000,0.277233401191
27348000000,0.24907190753
27361000000,0.221276736007
27370000000,0.289943547408
27379000000,0.258132435665
27387000000,0.227259367502
27414000000,0.197810908794
27418000000,0.231751393375
27432000000,0.203477508192
27442000000,0.176606383373
27451000000,0.151431160345
27461000000,0.255565839477
27472000000,0.227020409575
27483000000,0.199382945428
27492000000,0.173085733479
27499000000,0.249491930541
27507000000,0.220346592356
27523000000,0.192389320305
27534000000,0.165999145048
27534000000,0.141442547995
27548000000,0.118855280147
27560000000,0.233739798922
27570000000,0.350161611458
27579000000,0.315341298007
27587000000,0.280777980512
27601000000,0.247195658731
27607000000,0.21515151144
27622000000,0.283923442126
27634000000,0.250017215087
27643000000,0.217632557986
27663000000,0.187172563477
27663000000,0.1589115574
27683000000,0.13301859601
27683000000,0.109586386803
27702000000,0.0885969402157
27702000000,0.0699947878918
27713000000,0.146382733931
27721000000,0.20816154592
27729000000,0.297327353389
27742000000,0.26883212228
27752000000,0.240303909407
27758000000,0.212378283534
27758000000,0.185539126805
27779000000,0.240195014163
27779000000,0.211958145319
27801000000,0.18489207289
27809000000,0.267544759846
27817000000,0.236876852995
27818000000,0.207351143291
27818000000,0.179366745855
27852000000,0.153233084037
27861000000,0.182060017971
27871000000,0.157087661247
27882000000,0.133826939448
27892000000,0.11244743053
27904000000,-0.104749158237
27911000000,-0.11005947173
27922000000,-0.111845215003
27931000000,-0.110811777734
27941000000,-0.459476645552
27952000000,-0.431596762115
27962000000,-0.400023375253
27971000000,-0.75566760837
27979000000,-0.699622974768
27990000000,-0.639912541309
28000000000,-0.57860667969
28012000000,-0.517417741243
28019000000,-0.819907801401
28032000000,-0.740916921834
28042000000,-0.66214903372
28050000000,-0.58534011088
28061000000,-0.824284049822
28070000000,-0.735374259724
28080000000,-0.648946869648
28090000000,-0.790661324024
28099000000,-0.700193732291
28109000000,-0.613316407355
28121000000,-0.531225169406
28131000000,-0.45477315486
28138000000,-0.384470264741
28145000000,-0.320589695532
28158000000,-0.263202256702
28171000000,-0.212219691751
28181000000,-0.167416552498
28190000000,-0.307129799667
28202000000,-0.185448646197
28210000000,-0.152114717452
28221000000,-0.208079176258
28230000000,-0.174684407429
28239000000,-0.144624150245
28251000000,-0.117859055918
28261000000,-0.0394286916701
28271000000,-0.0224976699243
28282000000,-0.00884849689817
28291000000,0.00191467954144
28303000000,0.0834988712398
28308000000,0.0847868124438
28318000000,0.0837115670814
28318000000,0.0808314747166
28341000000,0.0765491666202
28352000000,0.258727347002
28359000000,0.240717023364
28359000000,0.220916074097
28380000000,0.402407560171
28392000000,0.370047556506
28393000000,0.336064866145
28409000000,0.301562706238
28419000000,0.504305028801
28419000000,0.455654889489
28442000000,0.406880303016
28448000000,0.359100110283
28470000000,0.616316722768
28483000000,0.55271985516
28483000000,0.49003841913
28500000000,0.429393600166
28504000000,0.37173779554
28512000000,0.496160075119
28517000000,0.435541413563
28517000000,0.377776641105
28543000000,0.642429256094
28551000000,0.574012787355
28561000000,0.506961316142
28572000000,0.645310988735
28579000000,0.572189446237
28587000000,0.501510435937
28587000000,0.434340589164
28589000000,0.371448661201
28622000000,0.313382540741
28631000000,0.570778862993
28638000000,0.502226791654
28638000000,0.436718399729
28639000000,0.375077350391
28639000000,0.317866767546
28639000000,0.456469771752
28674000000,0.398599990161
28701000000,0.640732316044
28711000000,0.571018666068
28721000000,0.503067103695
28729000000,0.612704472424
28738000000,0.541911184189
28750000000,0.473773783136
28757000000,0.409281414989
28769000000,0.349129906326
28781000000,0.474289625937
28793000000,0.411770883708
28821000000,0.353082198145
28821000000,0.249013211583
28830000000,0.351660053119
28843000000,0.302087932667
28852000000,0.256058027363
28861000000,0.304523896955
28872000000,0.260261670284
28897000000,0.21937984071
28897000000,0.182082054879
28919000000,0.148449543639
28919000000,0.118491267304
28924000000,0.0920807199209
28933000000,0.181088152307
28943000000,0.266457044142
28954000000,0.2350769609
28975000000,0.20494413778
28975000000,0.176473571778
28984000000,0.214281580157
28992000000,0.1860765281
29008000000,0.159540207672
29012000000,0.134934775895
29022000000,0.112410203567
29032000000,0.0816183011117
29041000000,0.0640924621874
29050000000,0.0823650212623
29057000000,0.067287834811
29071000000,0.053801501
29078000000,0.0418788863759
29079000000,0.0314656206469
29079000000,-0.000744410640777
29107000000,-0.00713029995538
29119000000,-0.0120690161655
29136000000,-0.0157363186066
29146000000,-0.0183359573502
29153000000,-0.312545464108
29171000000,-0.294012929581
29185000000,-0.272877262552
29185000000,-0.250159551725
29193000000,-0.226699205295
29213000000,-0.664690908817
29228000000,-0.556970258355
29236000000,-0.501105446895
29239000000,-1.08954378923
29250000000,-0.997429090146
29251000000,-1.53345592434
29272000000,-1.40401666878
29280000000,-1.27069025828
29291000000,-1.13722324905
29302000000,-1.33547944294
29311000000,-1.18860363158
29320000000,-1.04630287519
29331000000,-0.910795036555
29338000000,-0.783673472982
29351000000,-0.941238130805
29358000000,-0.81568612783
29368000000,-0.698553020234
29382000000,-0.82595118992
29387000000,-0.713658407558
29402000000,-0.609264948357
29411000000,-0.513435876818
29421000000,-0.581481164358
29428000000,-0.494200317341
29440000000,-0.414452449713
29448000000,-0.342426514215
29457000000,-0.380549764482
29465000000,-0.317444028468
29470000000,-0.260711848545
29488000000,-0.217516760351
29500000000,-0.172738665863
29509000000,-0.133714141343
29525000000,-0.100092129602
29525000000,-0.0714828565913
29542000000,-0.0285630174191
29560000000,-0.00991622453706
29581000000,0.00487748311218
29581000000,0.0163151634098
29581000000,0.0248047541182
29589000000,0.120091735797
29605000000,0.118245629202
29607000000,0.113989581013
29625000000,0.107928399315
29631000000,0.227035929692
29638000000,0.210940842995
29638000000,0.319920464167
29661000000,0.294305889677
29671000000,0.267356176074
29677000000,0.239959305256
29689000000,0.212823476326
29693000000,0.186500650567
29708000000,0.378102382074
29721000000,0.341268005524
29729000000,0.435638772125
29741000000,0.391519333678
29749000000,0.347798584665
29762000000,0.305372290231
29768000000,0.264914160011
29779000000,0.458385181969
29788000000,0.409321748247
29800000000,0.361273649696
29808000000,0.315122242273
29825000000,0.421714025686
29830000000,0.37204673631
29846000000,0.324383345842
29851000000,0.279380726045
29860000000,0.484647422729
29870000000,0.431283147621
29889000000,0.379367886453
29897000000,0.329769468982
29897000000,0.283108147548
29911000000,0.36174168388
29919000000,0.314260322303
29930000000,0.487051435266
29943000000,0.433786815482
29949000000,0.381916528341
29964000000,0.332300582351
29968000000,0.285573987112
29982000000,0.396390072963
29986000000,0.347325175618
30001000000,0.300738677901
30014000000,0.25712305929
30023000000,0.346599662978
30033000000,0.301143598139
30041000000,0.258405715339
30050000000,0.218770283003
30061000000,0.182469065711
30061000000,0.149634317885
30079000000,0.257820003687
30094000000,0.223536466619
30100000000,0.294513218848
30112000000,0.258650600669
30122000000,0.224443833752
30133000000,0.30370102324
30143000000,0.266954783111
30152000000,0.231909417805
30162000000,0.198937856756
30171000000,0.191524163744
30182000000,0.162224810666
30191000000,0.135368160121
30203000000,0.111043803067
30209000000,0.0892694603801
30220000000,0.0700188164467
30229000000,0.0531512772906
30240000000,0.117923880335
30251000000,0.101093026325
30259000000,0.0854638085392
30268000000,0.0711275487133
30281000000,0.0581367018714
30290000000,0.0700228284503
30303000000,0.0581995434279
30311000000,0.0833076409961
30322000000,0.0716478541612
30341000000,0.0607675585913
30346000000,0.0507500289921
30348000000,0.0321380706299
30375000000,0.0245473857842
30375000000,0.0179541392315
30380000000,-0.00157723028959
30392000000,-0.0056216500116
30400000000,-0.00874485251992
30413000000,-0.040245193307
30422000000,-0.0402136187186
30431000000,-0.0393343957461
30442000000,-0.0377992768165
30449000000,-0.0357974337987
30454000000,-0.0917316187306
30472000000,-0.0857625108837
30483000000,-0.0791754469569
30492000000,-0.0722461089988
30492000000,-0.0651966242519
30511000000,-0.100777385585
30538000000,-0.0914333092194
30549000000,-0.0728312752745
30556000000,0.159241313811
30562000000,0.154862311445
30572000000,0.147931699776
30582000000,0.498646717554
30587000000,0.466068343302
30622000000,0.429966972453
30622000000,0.391904556112
30632000000,0.353153223884
30632000000,0.314730587778
30650000000,0.277431359397
30650000000,0.623689357388
30660000000,0.981228017581
30670000000,0.896688502673
30678000000,0.810046900531
30693000000,0.958179942667
30698000000,0.859290163644
30712000000,0.762199385541
30729000000,0.668701683267
30735000000,0.580128335485
30736000000,0.497445882628
30751000000,0.600569076929
30762000000,0.520939131574
30772000000,0.446645116616
30781000000,0.437064719654
30791000000,0.370969777039
30799000000,0.310695975056
30811000000,0.265594959663
30819000000,0.216739084724
30824000000,0.173561943581
30843000000,0.13583240731
30851000000,0.0363616151119
30860000000,0.0125722521042
30870000000,-0.00630207252889
30881000000,-0.0208301819546
30891000000,-0.0315806059763
30898000000,-0.0391162080567
30910000000,-0.183265497412
30921000000,-0.17785834161
30931000000,-0.169377657401
30941000000,-0.433985332352
30951000000,-0.406738496129
30958000000,-0.375903036441
30969000000,-0.342912976053
30981000000,-0.308958308447
30989000000,-0.275004929364
31011000000,-0.545188825832
31030000000,-0.495982663747
31030000000,-0.445871489367
31041000000,-0.39606989007
31056000000,-0.347643395769
31056000000,-0.662699299074
31062000000,-0.800143222766
31072000000,-0.720936192178
31083000000,-0.642113251688
31093000000,-0.565404483752
31105000000,-0.491950650222
31112000000,-0.818414122377
31123000000,-0.729765582551
31131000000,-1.06183545869
31136000000,-0.955561943713
31148000000,-0.850101500613
31160000000,-0.747757561295
31171000000,-0.650035549154
31194000000,-0.558133684278
31194000000,-0.472888136984
31198000000,-0.712970027759
31212000000,-0.622313375635
31223000000,-1.02015919184
31233000000,-0.908838549021
31241000000,-0.800472734959
31251000000,-0.897870243831
31261000000,-0.787397966007
31272000000,-0.682406621109
31282000000,-0.584097489091
31292000000,-0.836967843361
31299000000,-0.733483789917
31312000000,-0.635271528702
31325000000,-0.543329738209
31325000000,-0.458420108168
31325000000,-0.380957059408
31325000000,-0.311106633922
31361000000,-0.430100639023
31371000000,-0.364339137898
31375000000,-0.643455027703
31382000000,-0.568999294505
31389000000,-0.497315465094
31413000000,-0.565978450859
31421000000,-0.494994783864
31432000000,-0.427720250306
31446000000,-0.364918517297
31448000000,-0.307101677065
31457000000,-0.42708605203
31467000000,-0.368346392604
31481000000,-0.313585480989
31501000000,-0.263192294432
31502000000,-0.332690444854
31511000000,-0.283850439813
31526000000,-0.238871311517
31534000000,-0.274641253705
31542000000,-0.233414883494
31554000000,-0.195503733905
31560000000,-0.161068406096
31570000000,-0.130152543378
31581000000,-0.206324397855
31589000000,-0.176196232626
31605000000,-0.14837020618
31605000000,-0.122943204171
31621000000,-0.104250410687
31632000000,-0.0835485232931
31642000000,-0.0652259051054
31653000000,-0.121843587342
31662000000,-0.103547288149
31667000000,-0.0867172420561
31679000000,-0.0713749213477
31689000000,-0.05757006369
31699000000,-0.0263076982289
31708000000,-0.0167310811006
31710000000,-0.00871268675447
31731000000,-0.00211820191891
31741000000,-0.0221849676737
31750000000,-0.0165257456422
31761000000,-0.0116115906035
31770000000,0.0255758325733
31782000000,0.0273232302107
31783000000,0.0281559335319
31792000000,0.0282371119529
31812000000,0.0431915070304
31822000000,0.0412739675568
31832000000,0.0388911213898
31856000000,0.0361848311381
31856000000,0.0332794580438
31867000000,0.0302769789695
31871000000,0.0678766971634
31883000000,0.0624111854379
31891000000,0.125461970349
31901000000,0.115600266643
31915000000,0.105252508645
31928000000,0.0947493321437
31933000000,0.084354639579
31939000000,0.138104649707
31952000000,0.124658467583
31963000000,0.111262886495
31972000000,0.190805311795
31982000000,0.172614914203
31991000000,0.154396428146
32000000000,0.136560755521
32006000000,0.119422900046
32021000000,0.204906099756
32028000000,0.183155636033
32038000000,0.161880681002
32038000000,0.141450238679
32039000000,0.122141208965
32039000000,0.10414516846
32076000000,0.190610364967
32091000000,0.324585456295
32097000000,0.29423608477
32112000000,0.26368387122
32125000000,0.233641452893
32130000000,0.204675928902
32140000000,0.177205475681
32153000000,0.23276174046
32160000000,0.204080520473
32160000000,0.176850844743
32160000000,0.151378419688
32191000000,0.257327405125
32198000000,0.227724218006
32198000000,0.199224290294
32225000000,0.172231030603
32229000000,0.255164549525
32235000000,0.225017030041
32251000000,0.322866604843
32260000000,0.288212178086
32270000000,0.254363412382
32276000000,0.221911426928
32276000000,0.307930210709
