%time,field
43000000,1.24078005247e-16
43000000,8.84018535068e-17
91000000,9.13051692768e-17
129000000,1.28854837029e-16
162000000,5.74903102281e-13
207000000,-0.00550794159157
267000000,-0.00294621964968
291000000,-0.00337297030024
328000000,-0.00357018760583
374000000,-0.00244269811348
408000000,0.00150559898545
456000000,0.000501363471522
480000000,2.44790116028e-05
514000000,-8.74284835105e-05
598000000,-7.88154040199e-05
615000000,-3.6007716275e-05
649000000,-3.95986110499e-05
687000000,-8.48249122333e-05
735000000,-0.000159119270187
776000000,-0.0035248450358
813000000,-0.00566212421258
853000000,-0.00674288844602
879000000,-0.00959882088154
930000000,-0.010937866965
968000000,-0.0111883332795
1006000000,-0.0108573467154
1046000000,-0.0111718602355
1097000000,-0.00972622661674
1139000000,-0.00926756960999
1159000000,-0.00881005098911
1212000000,-0.00858980775897
1254000000,-0.00838148386467
1290000000,-0.00674567083967
1330000000,-0.00544737762574
1372000000,-0.00419620585177
1432000000,-0.00312083177405
1464000000,-0.0019771174662
1492000000,-0.00110975373643
1543000000,-0.0001267444086
1575000000,0.000547153372356
1611000000,0.00122726190864
1661000000,0.00167101041017
1684000000,0.00288190933638
1739000000,0.0035795468393
1774000000,0.00403531861853
1807000000,0.00427834125105
1850000000,0.00432708868956
1881000000,0.00430907089332
1919000000,0.00418253478356
1976000000,0.00318671008944
2000000000,0.00307818273066
2037000000,0.003280249585
2094000000,0.00327413115787
2140000000,0.00312576990597
2160000000,0.00289357091304
2216000000,0.00255126090354
2257000000,0.00222127574616
2288000000,0.00180049191025
2330000000,0.00146386401347
2375000000,0.00106806690058
2415000000,0.00075034069954
2450000000,0.000396572172585
2500000000,9.69266821375e-05
2530000000,-0.000177772528041
2574000000,-0.000443096579921
2600000000,-0.000627464429381
2648000000,-0.000864917942743
2680000000,-0.000990040816899
2737000000,-0.00117193684672
2781000000,0.000304455161464
2815000000,0.000628091743587
2860000000,0.000544259338743
2888000000,-0.000906573837009
2932000000,-0.00173802178273
2969000000,-0.00222757355299
3009000000,-0.00243286483093
3054000000,-0.00248491187405
3093000000,-0.00241513671549
3156000000,-0.00185046956906
3203000000,-0.00166848167844
3217000000,-0.00182912531573
3246000000,-0.00200918274927
3297000000,-0.00210515122773
3329000000,-0.00215201586841
3380000000,-0.00215686131113
3402000000,-0.00212652174809
3449000000,-0.00208296996782
3497000000,-0.00197698997441
3540000000,-0.00013521394144
3572000000,0.000998939866104
3613000000,0.00171897296977
3650000000,0.0020273659611
3685000000,0.00222331812336
3730000000,0.00224476189407
3781000000,0.000928446405807
3802000000,0.000652631333158
3852000000,0.00074171105552
3881000000,0.000878042318267
3930000000,0.00144689396158
3984000000,0.0017030747857
4009000000,0.00177705355721
4041000000,0.00169701038723
4083000000,0.00154528126002
4151000000,0.00133484977276
4174000000,0.00150094074193
4200000000,0.00162914999739
4240000000,0.00165842859443
4282000000,0.00163584618486
4325000000,0.0015867637999
4374000000,0.00147463085323
4408000000,0.00133147381071
4446000000,0.0011536325538
4479000000,0.000944020414968
4529000000,-0.000958256196412
4565000000,-0.00212680637608
4602000000,-0.00265398500566
4644000000,-0.00292478235459
4690000000,-0.00290184065371
4738000000,-0.0027554118963
4739000000,-0.00248880802478
4814000000,-0.00218106409331
4855000000,-0.00181017921635
4882000000,-0.0015142697089
4921000000,-0.0012004543739
4960000000,-0.000917388371724
4998000000,-0.000591125370344
5042000000,-0.0013313804702
5086000000,-0.0015977846106
5131000000,-0.0015835295779
5165000000,-0.00149433064256
5213000000,-0.00133671628367
5250000000,-0.00115055904342
5285000000,0.000732719474161
5323000000,0.00186457407601
5382000000,0.00255421065526
5416000000,0.00280476615279
5458000000,0.00135716783907
5483000000,0.00110744919522
5532000000,0.00127356002055
5575000000,0.00150590238462
5611000000,0.00170584426683
5652000000,0.00187070131013
5681000000,0.00216446064761
5723000000,0.00221591955371
5772000000,0.00205593889475
5809000000,0.00173419693271
5853000000,0.00139496108945
5897000000,0.0010525991534
5933000000,0.000728121310321
5983000000,0.000333749798454
6038000000,8.41059533122e-05
6057000000,0.00119631417018
6089000000,0.00151754985387
6141000000,0.00147032675409
6170000000,0.00131495489511
6201000000,0.00111954938924
6282000000,-0.000817571990004
6302000000,-0.00227185837263
6320000000,-0.00292221795155
6364000000,-0.00315196987364
6408000000,-0.00322509128503
6450000000,-0.00307059451016
6508000000,-0.00209271995565
6538000000,-0.00195537378922
6564000000,-0.00206519811264
6611000000,-0.00218758555997
6640000000,-0.00226510174393
6683000000,-0.00162627636847
6723000000,-0.0011510660842
6767000000,-0.000764216488544
6816000000,-0.000439827679462
6848000000,-0.000203467023428
6897000000,3.76245019052e-05
6928000000,-0.00109153608256
6972000000,-0.00135286965504
7003000000,-0.00131911714428
7057000000,-0.00118766756382
7087000000,-0.00103144790756
7121000000,-0.000830367743807
7173000000,0.00105789881436
7211000000,0.00217825045976
7251000000,0.00277904897774
7289000000,0.00296660494906
7334000000,0.00298650903623
7369000000,0.00279844880083
7411000000,0.00256379257338
7447000000,0.00216183500731
7485000000,0.00213044074842
7522000000,0.00217568057042
7568000000,0.00151696389883
7628000000,0.00102462613366
7648000000,0.000513316030803
7691000000,0.000225928218846
7724000000,3.40632724166e-05
7763000000,-0.000176384825825
7810000000,0.000921266522331
7854000000,0.00117677554047
7897000000,0.00113310828606
7932000000,0.00100083948843
7969000000,0.00108766724199
8009000000,0.000982548873341
8048000000,0.000768841096305
8082000000,-0.000809940914296
8145000000,-0.00200185973745
8166000000,-0.0027886256049
8206000000,-0.00286771755623
8265000000,-0.00275653999812
8289000000,-0.00249752972366
8327000000,-0.00220618674138
8374000000,-0.00200327395224
8408000000,-0.00202601057215
8447000000,-0.00207221564969
8486000000,-0.00208739661461
8513000000,-0.00205545070993
8561000000,-0.000765122680545
8608000000,5.66313276237e-05
8656000000,0.000650330814413
8682000000,0.00098743986358
8730000000,0.00119136880224
8768000000,-0.000142788078897
8814000000,-0.000415959440026
8854000000,-0.000337771704701
8894000000,-0.000168086920861
8935000000,1.01643867047e-05
8969000000,0.000193660861131
9011000000,0.00153243936921
9046000000,0.00221893275986
9086000000,0.00255493104838
9121000000,0.00258453452035
9168000000,0.00245074857437
9206000000,0.0022308774183
9250000000,0.00195133728413
9289000000,0.00163232543883
9340000000,0.0019817023107
9376000000,0.00218774407897
9414000000,0.00212184829922
9441000000,0.00203018552016
9488000000,0.00191967761123
9526000000,0.000259762233752
9590000000,-0.000769050635892
9613000000,-0.00141458885662
9654000000,-0.00182134446296
9685000000,-0.0019847680634
9722000000,-0.000579647749892
9781000000,-0.000350006709607
9805000000,-0.000448018613944
9850000000,-0.000637800530657
9883000000,-0.000830396264162
9941000000,-0.00177457643656
9973000000,-0.00225109892493
10010000000,-0.00244613660207
10053000000,-0.00241153817418
10092000000,-0.00214587948908
10131000000,-0.00184168360303
10172000000,-0.00148918295539
10205000000,-0.00119673583212
10250000000,-0.000859801754809
10286000000,-0.00158520740756
10321000000,-0.0020586326205
10365000000,-0.00192814045685
10421000000,-0.00177478268478
10457000000,-0.00161496289959
10490000000,0.000261037397967
10527000000,0.00149670799977
10572000000,0.00224541000107
10609000000,0.00271085350227
10649000000,0.00282759459925
10698000000,0.00139952255516
10728000000,0.00114306847066
10786000000,0.00126443907839
10806000000,0.00145137616677
10869000000,0.00161974431559
10906000000,0.00210326922237
10940000000,0.00236013122661
10969000000,0.00225823043647
11008000000,0.00202827823766
11052000000,0.00174128855603
11106000000,0.00144052830014
11122000000,0.00102171707039
11163000000,0.0018571504073
11200000000,0.00208016593717
11256000000,0.00186284490906
11288000000,0.000204142142132
11340000000,-0.000930240878556
11373000000,-0.00157258037948
11412000000,-0.00200531628593
11450000000,-0.00215880869843
11495000000,-0.00222776961851
11521000000,-0.00216832305279
11570000000,-0.00202944666437
11601000000,-0.00186914724135
11640000000,-0.00167819558868
11686000000,-0.00153112789074
11728000000,-0.00135617215942
11760000000,-0.00120590894283
11800000000,-0.00107056051174
11844000000,-0.000900062388369
11883000000,-0.000807433538301
11921000000,-0.000708905010734
11963000000,-0.000636191595424
12003000000,-0.000521965256881
12038000000,-0.000485124220634
12088000000,-0.000400212180389
12119000000,-0.000383479613708
12171000000,-0.000457965457248
12212000000,-0.000484875846806
12247000000,-0.00049977605035
12311000000,-0.000473549272151
12326000000,-0.0005023293678
12368000000,-0.000504742007298
12409000000,-0.00052542603978
12454000000,-0.000537472032386
12504000000,-0.000564559425132
12542000000,-0.000607728295239
12571000000,-0.000628428769754
12614000000,-0.000671338700532
12657000000,-0.000714443960115
12687000000,-0.000776285168822
12724000000,-0.000839326702461
12785000000,-0.000904933278654
12825000000,-0.00100627474707
12848000000,-0.00108769066819
12895000000,-0.00118374068921
12932000000,-0.0012654204535
12991000000,-0.00135087690339
13004000000,-0.00146233075015
13042000000,-0.00153412785388
13099000000,-0.00161687107771
13140000000,-0.00169098620846
13165000000,-0.00178157196455
13248000000,-0.00185395022821
13267000000,-0.00194366532709
13283000000,-0.00201661304359
13350000000,-0.00208578286407
13365000000,-0.00217496486013
13408000000,-0.0022314140021
13440000000,-0.00228953236412
13478000000,-0.00234441873812
13536000000,-0.00239614561568
13564000000,-0.00244545918496
13612000000,-0.00248951756183
13655000000,-0.00252487065355
13690000000,-0.00255834028334
13725000000,-0.0025904809148
13770000000,-0.00296106185909
13803000000,-0.00317610124036
13849000000,-0.00330678302764
13883000000,-0.00336155387116
13968000000,-0.0033859393136
13968000000,-0.00339444575719
14009000000,-0.00336373451625
14046000000,-0.00333363960819
14082000000,-0.00327978953139
14128000000,-0.00321744015831
14184000000,-0.00316900843209
14208000000,-0.003133655729
14271000000,-0.00309674502113
14286000000,-0.00303006386123
14327000000,-0.00303102814165
14372000000,-0.00297504316151
14411000000,-0.00296978102627
14479000000,-0.00292336130022
14493000000,-0.00290680212216
14527000000,-0.00288310151097
14571000000,-0.00287830211247
14599000000,-0.00287936858125
14644000000,-0.00286714073791
14686000000,-0.0028921308465
14719000000,-0.00286642353645
14761000000,-0.00288087430518
14801000000,-0.00286098069555
14840000000,-0.00286485683329
14882000000,-0.00285227383161
14922000000,-0.00285703511493
14983000000,-0.0028555124051
15019000000,-0.00285973344135
15049000000,-0.00286332888233
15106000000,-0.00286066509882
15127000000,-0.00285985883118
15161000000,-0.00284968099687
15200000000,-0.00284799818338
15243000000,-0.00283413834303
15282000000,-0.00282874690165
15320000000,-0.00281026027529
15372000000,-0.00279815238847
15401000000,-0.00277304516891
15443000000,-0.00274899664846
15495000000,-0.00272565513104
15529000000,-0.00269442653283
15557000000,-0.00267269968991
15609000000,-0.00263089239851
15640000000,-0.00260049728425
15721000000,-0.00255614728696
15760000000,-0.00250918517044
15790000000,-0.00245857583845
15817000000,-0.00241643162214
15847000000,-0.00238951637845
15887000000,-0.00235840145268
15921000000,-0.00232410886428
15969000000,-0.00228743348963
16006000000,-0.00225590428971
16051000000,-0.00221239414764
16088000000,-0.00217468477133
16130000000,-0.00212120977492
16176000000,-0.00207668723098
16201000000,-0.00201624327263
16246000000,-0.00195505564217
16286000000,-0.00188589698717
16321000000,-0.00184287043092
16372000000,-0.00178679188624
16414000000,-0.00172209919709
16445000000,-0.00166125569369
16499000000,-0.00158461108132
16516000000,-0.00151412714363
16590000000,-0.00143467702332
16614000000,-0.00135705016279
16656000000,-0.00130068699234
16698000000,-0.00121276809201
16757000000,-0.00116609366107
16783000000,-0.00106864434
16817000000,-0.00101630016478
16860000000,-0.000964024611108
16887000000,-0.000918046781861
16937000000,-0.000920317942374
16956000000,-0.000872663689843
17033000000,-0.00093620496401
17052000000,-0.000877602589947
17090000000,-0.000894588443511
17151000000,-0.000837086119365
17172000000,-0.000807043141382
17210000000,-0.000798179424105
17228000000,-0.000801673395645
17283000000,-0.000817070438968
17325000000,-0.000823174765358
17367000000,-0.000871916821281
17413000000,-0.000869204459229
17447000000,-0.000915394367649
17500000000,-0.000916046689741
17530000000,-0.000934747703415
17571000000,-0.000958231862567
17614000000,-0.000985813606823
17665000000,-0.00102228302788
17692000000,-0.00106301544859
17740000000,-0.0010974723454
17760000000,-0.00115092938038
17811000000,-0.00117325548881
17858000000,-0.001235481395
17896000000,-0.00124370491947
17944000000,-0.00130919209144
17989000000,-0.0013410046699
18017000000,-0.00138292410142
18044000000,-0.00140415596021
18091000000,-0.0014217971733
18112000000,-0.00143699112772
18163000000,-0.00141427126428
18209000000,-0.0014358996585
18258000000,-0.00141137177524
18299000000,-0.0014285837911
18324000000,-0.00142693440725
18367000000,-0.00142361607369
18410000000,-0.001415278784
18447000000,-0.00139400001192
18525000000,-0.00138334138741
18560000000,-0.00135050115011
18580000000,-0.00140876991155
18616000000,-0.00134667070749
18652000000,-0.00128817977001
18688000000,-0.00126152277682
18746000000,-0.00121213894012
18780000000,-0.00118457370317
18807000000,-0.00114407964232
18867000000,-0.0011248842458
18895000000,-0.00109643172977
18929000000,-0.0010696498105
18977000000,-0.00107189642011
19018000000,-0.00104001231253
19045000000,-0.00104756160128
19080000000,-0.00101220646861
19126000000,-0.00102045102427
19172000000,-0.000987839435944
19206000000,-0.000977730289601
19254000000,-0.000962910911227
19285000000,-0.000959733008288
19322000000,-0.000961176467683
19370000000,-0.000960174866545
19408000000,-0.000973246911028
19439000000,-0.000971997062732
19482000000,-0.000959919832255
19519000000,-0.000950599349675
19568000000,-0.000933414452586
19607000000,-0.00092283616136
19677000000,-0.000929790025003
19704000000,-0.000936096630675
19704000000,-0.00095922839431
19766000000,-0.000970808649004
19804000000,-0.00099593336529
19840000000,-0.00100862081759
19900000000,-0.00103570018399
19925000000,-0.00105831057965
19967000000,-0.00107852326745
19999000000,-0.00109538586886
20055000000,-0.00110753710907
20082000000,-0.0011204801591
20128000000,-0.00112548094384
20197000000,-0.0011338191293
20212000000,-0.00112857421905
20247000000,-0.00113566131971
20290000000,-0.00114076389486
20342000000,-0.00114091185395
20381000000,-0.00114206328397
20411000000,-0.00109929157929
20440000000,-0.00107919559338
20485000000,-0.00108891265016
20530000000,-0.00111599896961
20560000000,-0.0011280594526
20600000000,-0.00113659257867
20640000000,-0.00114191523676
20683000000,-0.00113141191473
20720000000,-0.00112931109252
20781000000,-0.00111504690585
20820000000,-0.00110441887318
20876000000,-0.00109107301667
20894000000,-0.00111582665254
20925000000,-0.00112416745742
20964000000,-0.00112438944539
21005000000,-0.00112647365157
21055000000,-0.00111355823224
21094000000,-0.00110896783975
21145000000,-0.00109150587081
21184000000,-0.00108219191478
21210000000,-0.00106550023666
21266000000,-0.00171867790454
21312000000,-0.00220479868474
21340000000,-0.00205161516904
21379000000,-0.00186224551671
21424000000,-0.00181530783034
21450000000,-0.00182853943696
21481000000,-0.00185716160121
21531000000,-0.0018848908673
21567000000,-0.00190846200277
21613000000,-0.00205098605393
21643000000,-0.00208474641409
21695000000,-0.00201738070537
21723000000,-0.00191159341808
21772000000,-0.0016840516278
21795000000,-0.00146995942724
21853000000,-0.000865590849292
21886000000,-0.000468652936806
21963000000,-0.000189758947909
22000000000,2.53621924743e-05
22042000000,-0.0005834882722
22077000000,-0.00096260368316
22110000000,-0.000970527909472
22134000000,-0.000794477594271
22176000000,-0.000662362153494
22202000000,-0.000539663044093
22248000000,-0.000466476302934
22285000000,-0.000375756518471
22339000000,-0.000269971022383
22355000000,-0.000158566905273
22400000000,-3.69261155568e-05
22453000000,0.000112027705483
22497000000,0.000201544444747
22523000000,0.000293917948569
22577000000,0.000376729895882
22601000000,0.000444812496888
22642000000,0.000510020454263
22678000000,0.000521453801283
22722000000,0.000512419562773
22777000000,-0.000283218139084
22814000000,-0.000917180309383
22853000000,-0.00136931503674
22906000000,-0.00166214609032
22924000000,-0.0019182091642
22962000000,-0.00197504449605
23067000000,-0.00201166351846
23067000000,-0.00121228087772
23092000000,-0.00103978234285
23125000000,-0.00110149048859
23162000000,-0.00120995571212
23200000000,-0.00130787876862
23251000000,-0.00141087013526
23287000000,-0.00151159845283
23329000000,-0.00162145528518
23360000000,-0.0017422744608
23410000000,-0.00186202918157
23442000000,-0.0019824024138
23502000000,-0.00232471621479
23531000000,-0.00250739756888
23577000000,-0.00252457611869
23624000000,-0.00241801783246
23671000000,-0.00225651760161
23695000000,-0.00201676783584
23728000000,-0.00180911320813
23769000000,-0.00180628902476
23814000000,-0.00239250118948
23868000000,-0.00252009890929
23895000000,-0.00248113267224
23934000000,-0.00238393836072
23983000000,-0.00226772185645
24026000000,-0.00213255364194
24048000000,-0.00196760782
24078000000,-0.00177110806795
24078000000,-0.00140140317312
24078000000,-0.00115528987683
24210000000,0.000514892389893
24262000000,0.00152682110247
24306000000,0.0019607762872
24323000000,0.00226923919564
24376000000,0.00212865694653
24423000000,0.00189183889104
24468000000,0.00156303442848
24490000000,0.0011760706376
24527000000,0.000787563947385
24577000000,0.000410149182591
24616000000,2.98917423657e-05
24652000000,-0.000284676669078
24715000000,0.000717825638993
24738000000,0.00118924390906
24752000000,0.000994091524296
24813000000,0.000782855703011
24851000000,0.000587932620821
24887000000,-0.00137511834414
24938000000,-0.00253304165033
24964000000,-0.00339794003183
25009000000,-0.00361239408712
25046000000,-0.00369936755713
25092000000,-0.00230099537478
25137000000,-0.00207066026118
25160000000,-0.0021917371755
25204000000,-0.00240039388702
25241000000,-0.00254415557699
25280000000,-0.00267398630661
25322000000,-0.00282303687288
25372000000,-0.00279276385441
25403000000,-0.00261670734092
25450000000,-0.00240756668378
25493000000,-0.00223075943827
25550000000,-0.00204010912104
25559000000,-0.0027862299377
25595000000,-0.00317449008121
25641000000,-0.0030274842016
25689000000,-0.0031918203105
25725000000,-0.00310399618097
25769000000,-0.0029310801189
25804000000,-0.0251161025511
25848000000,-0.055020198926
25886000000,-0.0875819779249
25931000000,-0.119209041246
25964000000,-0.146411017447
26011000000,-0.16685046671
26050000000,-0.180846576638
26087000000,-0.187883968612
26143000000,-0.19014108047
26179000000,-0.187273483969
26209000000,-0.177966481222
26241000000,-0.169465904667
26300000000,-0.149940729688
26329000000,-0.134748093082
26360000000,-0.110638469978
26421000000,-0.0918467326014
26457000000,-0.0669934657133
26494000000,-0.0463874419039
26532000000,-0.025364103799
26582000000,-0.00466082293084
26604000000,0.00939928435854
26659000000,0.0299171938927
26687000000,0.038879190427
26724000000,0.0565399393986
26766000000,0.0630016697515
26833000000,0.0747541658737
26849000000,0.0816504600719
26886000000,0.0860022224432
26947000000,0.088594463072
26976000000,0.0870168444015
27001000000,0.0884460896883
27047000000,0.0847964164415
27089000000,0.0836855547087
27145000000,0.0786823605056
27192000000,0.0743721385512
27203000000,0.0675691354874
27252000000,0.0609130093506
27290000000,0.0531237657666
27328000000,0.042557618619
27360000000,0.034990353402
27400000000,0.0283746117081
27454000000,0.0186112909322
27491000000,0.0107020333211
27523000000,-2.17282635817e-05
27560000000,-0.0111432196769
27600000000,-0.0187979036174
27663000000,-0.0258233859103
27702000000,-0.0320231989811
27713000000,-0.040586708688
27759000000,-0.0467148630101
27801000000,-0.0552314685153
27855000000,-0.0592834869442
27894000000,-0.0438922833038
27929000000,-0.0160239456425
27968000000,0.0134940274319
28012000000,0.0415256827242
28051000000,0.0659812546889
28085000000,0.0831527210708
28183000000,0.0969150951858
28196000000,0.0910181844661
28208000000,0.0982191903339
28249000000,0.0938765711731
28286000000,0.0880641409784
28340000000,0.0733039706272
28377000000,0.05788177432
28410000000,0.0391173547822
28454000000,0.014962623746
28483000000,0.00113306575952
28538000000,-0.0232828079058
28562000000,-0.0389771971226
28592000000,-0.0637116636518
28673000000,-0.0782056188506
28692000000,-0.101439156645
28721000000,-0.114691414475
28768000000,-0.129083051917
28821000000,-0.140700875488
28853000000,-0.147925399034
28881000000,-0.156695388808
28924000000,-0.165336419752
28975000000,-0.170313249967
29016000000,-0.169483179263
29044000000,-0.172036908645
29100000000,-0.17027656198
29131000000,-0.146969351791
29171000000,-0.110637705968
29213000000,-0.0608263159628
29254000000,-0.013004181052
29291000000,0.0130385000847
29343000000,0.0348354036778
29377000000,0.0530430544371
29414000000,0.0650467301301
29451000000,0.0730192221225
29485000000,0.0735746975831
29521000000,0.0720866188147
29571000000,0.0650563605957
29620000000,0.0551598921371
29641000000,0.0454690712634
29689000000,0.0286082241989
29725000000,0.0183948482182
29771000000,0.000483029172552
29817000000,-0.0111416796625
29854000000,-0.0302668977125
29889000000,-0.0398656759304
29927000000,-0.056343331928
29964000000,-0.0682780183605
30001000000,-0.0786209253723
30072000000,-0.0892658287136
30094000000,-0.0972066500459
30122000000,-0.105924320438
30167000000,-0.107689623947
30234000000,-0.113706686525
30277000000,-0.115569405192
30308000000,-0.118313306843
30331000000,-0.117573830109
30361000000,-0.116518344038
30407000000,-0.114284293395
30454000000,-0.109799187125
30492000000,-0.106504323969
30520000000,-0.12359523878
30568000000,-0.151729967644
30601000000,-0.182154996313
30641000000,-0.214557556543
30682000000,-0.232909029087
30742000000,-0.246639127305
30780000000,-0.251298529213
30806000000,-0.25199517008
30842000000,-0.246819100543
30905000000,-0.236150701839
30919000000,-0.215285100725
30986000000,-0.192054625957
31001000000,-0.163263518983
31030000000,-0.147396232862
31089000000,-0.116578843941
31125000000,-0.0846851677788
31165000000,-0.0597833355612
31209000000,-0.0214911090167
31243000000,-0.00566367886477
31282000000,0.0209354397473
31355000000,0.0349642288376
31371000000,0.0610807319674
31406000000,0.0714846639871
31446000000,0.0851594422939
31481000000,0.094347681651
31525000000,0.100195956218
31568000000,0.108171374385
31623000000,0.108495411861
31641000000,0.114148825963
31691000000,0.112653115594
31735000000,0.114595863566
31766000000,0.112096031624
31798000000,0.110897570646
31841000000,0.107736802441
31881000000,0.102417075695
31928000000,0.0974772582888
31961000000,0.0902712120859
32009000000,0.0822179413179
32053000000,0.0740588806626
32084000000,0.062004309227
32140000000,0.055682666447
32160000000,0.0455327518109
32198000000,0.037020064749
32244000000,0.0272673521402
