%time,field
4000000,0.0
18000000,1.03848347526e-27
25000000,-1.81042315512e-26
43000000,7.58431097896e-25
43000000,2.85711056922e-24
61000000,-1.29987508046e-25
66000000,-3.83868213546e-25
72000000,3.39811607396e-19
88000000,1.05577288146e-18
97000000,1.81468135498e-18
116000000,2.61239161885e-18
116000000,3.4419484382e-18
127000000,4.30804468646e-18
133000000,-1.35983554912e-15
144000000,-1.38135881502e-15
155000000,1.05932213796e-13
162000000,5.17052014342e-07
172000000,1.00277848805e-06
181000000,2.00512628966e-06
195000000,1.58060417143e-06
202000000,2.5675859142e-06
221000000,1.98762013774e-06
238000000,2.80611303544e-06
238000000,2.12741295865e-06
258000000,-0.000538639883055
258000000,-0.00118661559468
263000000,-0.00179408081818
272000000,-0.00235976498551
280000000,-0.00265779651249
291000000,-0.00282578221935
302000000,-0.00299214734207
312000000,-0.00315314115594
318000000,-0.00328473899506
331000000,-0.00339992055762
343000000,-0.00350797939096
349000000,-0.00359825471098
362000000,-0.00366706522757
372000000,-0.00372189097057
380000000,-0.00366603228081
391000000,-0.00355754098415
398000000,-0.00345335405267
410000000,-0.00324428997836
416000000,-0.00266364651568
427000000,-0.00210736653843
432000000,-0.00158969441294
433000000,-0.00110735070549
433000000,-0.000668619090968
450000000,-0.000381027367946
487000000,-0.000142952727849
487000000,6.06358430523e-05
495000000,0.000176025041746
509000000,0.000258569990958
509000000,0.000318370535083
509000000,0.000358910110395
509000000,0.000383363825345
509000000,0.000394595247882
557000000,0.000395157663703
557000000,0.00037999110304
580000000,0.000351672152927
580000000,0.000319523921686
599000000,0.000285187531811
612000000,0.000250806088953
620000000,0.00021802119203
630000000,0.000189675628806
643000000,0.000162288063191
649000000,0.000136269049551
649000000,0.000111910215016
665000000,8.90790398725e-05
680000000,6.80989880517e-05
691000000,4.91629246619e-05
699000000,2.75692198794e-05
711000000,7.09465939517e-06
717000000,-1.10929682951e-05
729000000,-2.71184214366e-05
744000000,-4.40645312906e-05
751000000,-6.55995172783e-05
756000000,-8.47741359398e-05
766000000,-0.000101673610156
779000000,-0.000292776995393
793000000,-0.000729251420665
799000000,-0.0011359212871
799000000,-0.00150998190971
819000000,-0.00201709449328
830000000,-0.00258841438083
834000000,-0.00310759050198
834000000,-0.00357408759416
859000000,-0.00400250517837
872000000,-0.0045054541181
878000000,-0.00495209240547
890000000,-0.00545690207034
900000000,-0.00615933976844
909000000,-0.0067901129799
918000000,-0.0073502683504
930000000,-0.00784221125048
941000000,-0.00842512510609
951000000,-0.00895492559182
959000000,-0.00941702033519
971000000,-0.00981871999664
980000000,-0.0101900791894
991000000,-0.0105052402666
1001000000,-0.0107690429619
1010000000,-0.0109778686567
1019000000,-0.0111116916017
1031000000,-0.0112116311979
1036000000,-0.0112826303253
1051000000,-0.0113292275758
1061000000,-0.0113959812661
1071000000,-0.0114438129666
1080000000,-0.0114755529405
1091000000,-0.0114938957423
1103000000,-0.0114821872863
1104000000,-0.0112954871678
1113000000,-0.0111133401088
1117000000,-0.0109388540257
1126000000,-0.0107743011936
1149000000,-0.0105853897006
1156000000,-0.0103877925008
1158000000,-0.0102070739553
1182000000,-0.00999625566635
1193000000,-0.00979403248751
1204000000,-0.00961268572736
1211000000,-0.00945184097053
1219000000,-0.00930792302386
1230000000,-0.009157361313
1238000000,-0.00902595096013
1248000000,-0.00891264263774
1259000000,-0.00881611794957
1259000000,-0.00873496320444
1277000000,-0.00865143734296
1292000000,-0.00857075888362
1298000000,-0.0083749936778
1309000000,-0.00811534330882
1324000000,-0.00788001356278
1332000000,-0.00766911877658
1348000000,-0.00731485370547
1348000000,-0.00699376757739
1360000000,-0.00670600521396
1372000000,-0.00645094136503
1380000000,-0.00611353606346
1384000000,-0.00576520318789
1397000000,-0.00545548078647
1408000000,-0.00518309819785
1422000000,-0.00494620591928
1429000000,-0.00474257230321
1439000000,-0.00445820170084
1448000000,-0.00418147218223
1461000000,-0.00393949816939
1471000000,-0.00367041854421
1492000000,-0.00334781556918
1492000000,-0.00306272454854
1506000000,-0.00281356409066
1511000000,-0.00257544955715
1520000000,-0.00228118862576
1530000000,-0.0020228939967
1540000000,-0.00179874429165
1552000000,-0.00149219377065
1563000000,-0.00120958878968
1572000000,-0.00096243996458
1581000000,-0.000713447842932
1589000000,-0.000446086145308
1607000000,-0.000212973148853
1611000000,-1.20852542311e-05
1621000000,0.000176797691882
1630000000,0.000407055579237
1642000000,0.000607064616097
1649000000,0.000778766626035
1661000000,0.000924329991845
1670000000,0.00108071970538
1682000000,0.0012360428481
1694000000,0.00147850666254
1701000000,0.00173931078204
1709000000,0.00197061821897
1739000000,0.0021735072691
1739000000,0.00234945902448
1746000000,0.00250023166164
1753000000,0.00267334981579
1758000000,0.00286700896639
1774000000,0.0030357207206
1781000000,0.00318101778981
1792000000,0.00336335878296
1801000000,0.00352227636567
1807000000,0.0036591714769
1822000000,0.00380390143927
1831000000,0.00393126635428
1841000000,0.00403953886634
1851000000,0.00413033382394
1859000000,0.00420852472238
1870000000,0.00427551048823
1879000000,0.00432959314369
1892000000,0.00437228846379
1901000000,0.00440363416652
1913000000,0.00442557099873
1921000000,0.00444034729844
1929000000,0.00444914713763
1942000000,0.00445137717834
1951000000,0.00443510987974
1957000000,0.00441672865987
1958000000,0.00439708528677
1958000000,0.00437687893014
1988000000,0.00425373379257
1995000000,0.00411167048217
1999000000,0.0039790661018
2020000000,0.00385264787042
2029000000,0.00372765340015
2038000000,0.0036146581817
2038000000,0.00351364404054
2039000000,0.00342699654047
2069000000,0.00337479222635
2079000000,0.00333156589713
2089000000,0.00329637713409
2099000000,0.00326790580347
2108000000,0.00324529969391
2121000000,0.00322813910271
2131000000,0.00321565086746
2141000000,0.00320712162898
2149000000,0.00318278223534
2160000000,0.00316232144312
2171000000,0.00314536669293
2177000000,0.00310169036195
2178000000,0.0030625131181
2206000000,0.00302782813077
2206000000,0.00299745968441
2206000000,0.00296678592303
2230000000,0.00290040548966
2246000000,0.00284023781241
2251000000,0.00278630391461
2260000000,0.00273848321085
2270000000,0.00266663294611
2281000000,0.00258947748104
2288000000,0.00252037572599
2302000000,0.00241023022996
2311000000,0.00230532863724
2319000000,0.00221128950608
2326000000,0.00212790778389
2341000000,0.0020285769744
2351000000,0.00192329010499
2357000000,0.00182995579896
2359000000,0.0017481370277
2381000000,0.0016566316763
2389000000,0.00154602625862
2397000000,0.00144806941937
2397000000,0.00136226774176
2421000000,0.00127544671388
2429000000,0.00117163023654
2441000000,0.00108030027834
2447000000,0.0010008668113
2460000000,0.000914040748338
2468000000,0.000811504728578
2481000000,0.000721305873245
2491000000,0.000642845834892
2500000000,0.000571443992267
2511000000,0.000475794164351
2522000000,0.000391850609046
2530000000,0.000319016231697
2541000000,0.000228066362914
2551000000,0.000141445094285
2557000000,6.59256222289e-05
2558000000,8.49013245239e-07
2580000000,-5.45326521119e-05
2591000000,-0.000128535492545
2596000000,-0.000199533361664
2597000000,-0.000261026613587
2618000000,-0.000316098851027
2628000000,-0.000384211847119
2636000000,-0.000443441231452
2646000000,-0.000494335389995
2660000000,-0.000546869622135
2671000000,-0.000613068627476
2676000000,-0.000670952355483
2679000000,-0.000721002097281
2699000000,-0.000765366305249
2711000000,-0.000817474281184
2717000000,-0.000862496495986
2726000000,-0.000900918293465
2739000000,-0.000935671869283
2751000000,-0.000985816821581
2756000000,-0.00102957577966
2758000000,-0.00106733014521
2758000000,-0.00109950904413
2790000000,-0.000936302532775
2797000000,-0.000779987293558
2797000000,-0.00063259793273
2819000000,-0.000478577227913
2828000000,-0.000311970507188
2834000000,-0.000159702438164
2850000000,-2.21465563139e-05
2850000000,0.000100733800124
2870000000,0.000200607377918
2878000000,0.000285178661902
2886000000,0.000357559135563
2901000000,0.000268746082594
2911000000,0.000141506323731
2922000000,1.76965580231e-05
2932000000,-0.000100639229494
2941000000,-0.000297692634037
2949000000,-0.000503269687842
2957000000,-0.000692981539468
2957000000,-0.000865932186942
2982000000,-0.00103450613626
2991000000,-0.00123584900517
2991000000,-0.00141677689581
2991000000,-0.00157756353165
3021000000,-0.00171887217007
3032000000,-0.00186294415825
3043000000,-0.00199357240872
3053000000,-0.0021063731972
3061000000,-0.00220733862418
3069000000,-0.00229478672324
3075000000,-0.00236798376521
3087000000,-0.00242830808233
3102000000,-0.00247078363827
3111000000,-0.00250082516205
3119000000,-0.00252258860056
3132000000,-0.00253734206348
3135000000,-0.00254623778866
3144000000,-0.00255031519298
3144000000,-0.0025358407722
3170000000,-0.00246094672349
3170000000,-0.00238824872162
3185000000,-0.0023189088885
3199000000,-0.00225376990814
3203000000,-0.00218150485631
3220000000,-0.00210557718236
3232000000,-0.00205489749744
3237000000,-0.00200988037699
3252000000,-0.00197033183409
3263000000,-0.00195686716789
3271000000,-0.00194934310584
3280000000,-0.00194472565853
3280000000,-0.00194249150097
3280000000,-0.00194218118214
3311000000,-0.00194717174854
3319000000,-0.00196170732957
3319000000,-0.00197632637315
3334000000,-0.00199128728749
3350000000,-0.00201113378217
3362000000,-0.00202987009155
3372000000,-0.00204730523898
3381000000,-0.00206332023344
3402000000,-0.00207842051481
3402000000,-0.00209205841333
3413000000,-0.00210339199165
3422000000,-0.00211020729116
3430000000,-0.0021158695302
3435000000,-0.00212048454853
3449000000,-0.00212359081933
3462000000,-0.0021208709361
3470000000,-0.00211778950935
3482000000,-0.00211449586203
3486000000,-0.00211111831623
3502000000,-0.00210634294453
3504000000,-0.00208944271464
3504000000,-0.00207349709863
3527000000,-0.00205865770373
3539000000,-0.00197380660026
3548000000,-0.00172777817532
3559000000,-0.00149813431785
3568000000,-0.00128655458921
3574000000,-0.0010789531389
3585000000,-0.000760220227971
3602000000,-0.000469533394457
3611000000,-0.000207466932864
3620000000,0.000109920306086
3631000000,0.000403677289912
3637000000,0.000664694940715
3637000000,0.00089408779389
3663000000,0.00111358102795
3672000000,0.00132337649464
3685000000,0.00150456881414
3700000000,0.00165915414688
3712000000,0.00178930207047
3721000000,0.00191216669656
3730000000,0.00202465612655
3738000000,0.00211790526714
3749000000,0.00219384232068
3753000000,0.00225443244429
3762000000,0.00230378614644
3781000000,0.00234187797611
3784000000,0.00236978242942
3792000000,0.00230303593804
3804000000,0.00215032877313
3812000000,0.00197760660059
3824000000,0.00180320604188
3827000000,0.00164007055783
3842000000,0.00148946062366
3851000000,0.00135208864566
3862000000,0.00123629288768
3869000000,0.00113685210692
3905000000,0.00104969284454
3905000000,0.000909483112585
3918000000,0.000854800901349
3930000000,0.000809217318682
3930000000,0.000775408815415
3930000000,0.000762668506125
3950000000,0.000762760059363
3959000000,0.000832601249551
3959000000,0.000901429206626
3981000000,0.000967912856978
3991000000,0.00105108740582
4005000000,0.00114203555175
4006000000,0.00122628736212
4018000000,0.00131198509721
4018000000,0.00139072652878
4035000000,0.00146144739897
4035000000,0.00152426120378
4035000000,0.00157943490581
4068000000,0.00162419618537
4085000000,0.0016551751722
4091000000,0.00166866850964
4102000000,0.00167015871889
4112000000,0.00166853931815
4118000000,0.00166450329112
4129000000,0.00165865199743
4139000000,0.00165150029112
4146000000,0.0016434826799
4157000000,0.00161581457799
4157000000,0.0015810817585
4181000000,0.00156329308095
4192000000,0.00155309302641
4201000000,0.00154387000961
4208000000,0.00154724590413
4220000000,0.00155580559421
4230000000,0.00156417291802
4241000000,0.00157219579097
4255000000,0.00158242658682
4264000000,0.00159307876421
4271000000,0.00160290226821
4280000000,0.00161185383167
4302000000,0.0016199201565
4312000000,0.00162653019109
4321000000,0.00162997353225
4321000000,0.00163277250618
4336000000,0.00163370412869
4336000000,0.00162917068115
4336000000,0.00162460010089
4367000000,0.00162010561144
4367000000,0.0016157760594
4380000000,0.00160871065596
4388000000,0.00159056494523
4395000000,0.00157360500737
4396000000,0.00155795717307
4421000000,0.00153434495071
4431000000,0.00150358861539
4438000000,0.0014754458186
4451000000,0.00144998666062
4452000000,0.00141558161264
4471000000,0.00137315156862
4478000000,0.00133472024313
4491000000,0.00129753740578
4501000000,0.00124019933577
4510000000,0.00118832037085
4519000000,0.00114190622943
4531000000,0.00110082189137
4541000000,0.000843027592429
4552000000,0.000580172946346
4553000000,0.000338511907724
4571000000,8.8197425231e-05
4581000000,-0.000257887183489
4589000000,-0.000572512701628
4602000000,-0.000855318856892
4602000000,-0.00110672586552
4620000000,-0.00132776239125
4631000000,-0.0015543530864
4636000000,-0.00178539470999
4646000000,-0.00198696770336
4657000000,-0.00217848544626
4670000000,-0.00236044772117
4676000000,-0.00251653310514
4684000000,-0.00264873079735
4699000000,-0.00275764908106
4708000000,-0.00284553423694
4719000000,-0.00291608668409
4719000000,-0.00297139260946
4740000000,-0.00300964426796
4749000000,-0.00302163941732
4758000000,-0.00302515356453
4770000000,-0.00302190176018
4780000000,-0.00298574228132
4790000000,-0.0029405420773
4799000000,-0.00289481080582
4799000000,-0.00284968462205
4820000000,-0.00278991379457
4828000000,-0.0027096601462
4839000000,-0.00263456799331
4839000000,-0.0025652207416
4861000000,-0.00250195033955
4871000000,-0.00241114371418
4881000000,-0.00231442802357
4891000000,-0.0022152353327
4901000000,-0.00209940568632
4910000000,-0.00199498567658
4921000000,-0.00190189266946
4938000000,-0.00181980996934
4951000000,-0.00174824231763
4960000000,-0.00168656813899
4971000000,-0.00159362236814
4979000000,-0.00151151868213
4979000000,-0.00143979354287
4985000000,-0.00134492533716
5012000000,-0.00125757493289
5012000000,-0.00118106535412
5012000000,-0.00111481796925
5032000000,-0.00105813992321
5040000000,-0.000968210016658
5051000000,-0.000946706065049
5062000000,-0.000969454725282
5068000000,-0.000995412980981
5074000000,-0.00102332166536
5085000000,-0.00105214744672
5100000000,-0.00110529070614
5111000000,-0.00116651237793
5120000000,-0.0012243313746
5130000000,-0.00127817101796
5139000000,-0.00132637301363
5148000000,-0.00136958471271
5161000000,-0.00140834945141
5168000000,-0.00143807667997
5179000000,-0.0014570274571
5189000000,-0.00147270340562
5195000000,-0.001485443443
5210000000,-0.00149558332886
5219000000,-0.00149112769561
5229000000,-0.00147743525588
5242000000,-0.00146341394843
5253000000,-0.00144944543741
5259000000,-0.0014260568624
5272000000,-0.00138954732949
5285000000,-0.0013553144479
5285000000,-0.00132364633997
5285000000,-0.00129471355196
5311000000,-0.00124373194735
5321000000,-0.000979076181948
5331000000,-0.000702276316096
5342000000,-0.000330505246171
5347000000,1.17275459752e-05
5361000000,0.000323014102619
5370000000,0.000602934799931
5381000000,0.000851860322041
5392000000,0.00112469248237
5399000000,0.00140081449606
5413000000,0.00164433312231
5420000000,0.00186657885059
5433000000,0.00208138770044
5441000000,0.00226694658744
5451000000,0.00242529158114
5461000000,0.00255863260544
5469000000,0.00248315103959
5480000000,0.00239807886995
5487000000,0.00230780319697
5499000000,0.00219272894024
5499000000,0.00206994506083
5521000000,0.00195169581327
5530000000,0.00183966132952
5543000000,0.00174367431318
5546000000,0.0016681544609
5561000000,0.00159986270486
5571000000,0.00153879341457
5580000000,0.00149695327433
5590000000,0.00147895611034
5599000000,0.001465415592
5615000000,0.00145568381918
5621000000,0.00146467347037
5631000000,0.00148574817317
5652000000,0.00150731704784
5652000000,0.00152878806201
5652000000,0.00154969711912
5667000000,0.00156969120008
5701000000,0.00160555242339
5701000000,0.0016432718485
5709000000,0.00167810207996
5712000000,0.0017098717991
5722000000,0.00177268429507
5732000000,0.00183739000429
5746000000,0.00189956929944
5751000000,0.00195564945999
5762000000,0.00200566350515
5770000000,0.00204977483982
5780000000,0.00207573393351
5790000000,0.00208899688878
5800000000,0.00209868985508
5811000000,0.00210535182065
5820000000,0.00208031063893
5827000000,0.00204256179387
5835000000,0.00200587952397
5836000000,0.001970854205
5858000000,0.00191575302025
5870000000,0.00184274705792
5874000000,0.00177515302184
5874000000,0.00171334060133
5874000000,0.00165746723801
5907000000,0.0015677956081
5918000000,0.00148185705843
5918000000,0.00140446761843
5942000000,0.00133554882101
5942000000,0.00127485181761
5942000000,0.00119247869755
5942000000,0.00110690666696
5974000000,0.00103093856291
5990000000,0.000923342777634
5990000000,0.000817025412698
5990000000,0.000722358001344
6020000000,0.000638995686917
6020000000,0.000566413272181
6021000000,0.000494122203314
6021000000,0.000409417223417
6059000000,0.000379140088805
6069000000,0.000455938573965
6082000000,0.000532964815626
6092000000,0.0006169083692
6092000000,0.000730423133898
6108000000,0.000837442440957
6122000000,0.000936946240182
6129000000,0.00102828830102
6131000000,0.00111114782196
6146000000,0.00118058213524
6158000000,0.00124070307053
6165000000,0.00129109681743
6181000000,0.00131641262515
6191000000,0.00133626715699
6198000000,0.00135136072311
6208000000,0.00134209563375
6220000000,0.00132562879156
6230000000,0.00130794903265
6239000000,0.00128971513608
6239000000,0.00127145862717
6239000000,0.00125360253667
6239000000,0.00123645209659
6239000000,0.00122022876205
6285000000,0.00100424702579
6285000000,0.000752573353548
6311000000,0.000423993045286
6320000000,2.7947604143e-05
6331000000,-0.000386342378597
6335000000,-0.000797258544809
6345000000,-0.00116873661098
6364000000,-0.00150082147073
6364000000,-0.00179442678522
6364000000,-0.00205112536696
6388000000,-0.0022729818923
6400000000,-0.00247145509279
6413000000,-0.00266017048737
6420000000,-0.0028284582083
6431000000,-0.00297077688779
6439000000,-0.0030886780189
6450000000,-0.00318469028821
6462000000,-0.00324926574857
6465000000,-0.00328962736084
6478000000,-0.00331655345994
6478000000,-0.00333229114142
6499000000,-0.00333885608286
6511000000,-0.00321201804333
6521000000,-0.00308701753247
6528000000,-0.00296625911942
6536000000,-0.00285154322015
6551000000,-0.00272995808058
6560000000,-0.00261388040307
6563000000,-0.00250765601695
6576000000,-0.00242572432739
6589000000,-0.00235307217426
6597000000,-0.00228935634087
6597000000,-0.00223410702003
6623000000,-0.00219158884652
6631000000,-0.0021670439861
6637000000,-0.00214813036391
6637000000,-0.00213407237621
6637000000,-0.00212415149451
6667000000,-0.00212377197262
6682000000,-0.00212985622284
6693000000,-0.00207952173305
6696000000,-0.00200954978092
6711000000,-0.00194577652908
6721000000,-0.00188830802999
6729000000,-0.00179385934911
6742000000,-0.00169000690782
6750000000,-0.00159603883405
6756000000,-0.00151196723637
6771000000,-0.00143758414583
6781000000,-0.00132263527974
6787000000,-0.00121947415433
6799000000,-0.00112790853167
6812000000,-0.00104753011174
6820000000,-0.000973488558717
6833000000,-0.00087209201032
6840000000,-0.000782447055738
6852000000,-0.000700946776768
6862000000,-0.000602892756148
6868000000,-0.000516593910684
6881000000,-0.000441489938871
6890000000,-0.000376893713061
6901000000,-0.000318938361808
6907000000,-0.00024205724268
6922000000,-0.000175144310083
6931000000,-0.000117568698551
6938000000,-0.000214155406242
6946000000,-0.000309824793958
6947000000,-0.000402630890762
6957000000,-0.000491106688745
6980000000,-0.000604591768797
6989000000,-0.000713437242577
7001000000,-0.000813446763797
7012000000,-0.000903354993436
7023000000,-0.00098055542056
7032000000,-0.00104887747683
7039000000,-0.00110867734972
7040000000,-0.0011604268267
7058000000,-0.00119950418815
7069000000,-0.00122020953672
7077000000,-0.00123569896516
7090000000,-0.00124057154881
7108000000,-0.00122804594787
7113000000,-0.00121367302765
7121000000,-0.00119817110973
7128000000,-0.00115874733765
7138000000,-0.00111814353075
7150000000,-0.00107959946057
7162000000,-0.00104353486717
7171000000,-0.00101022875396
7182000000,-0.000880901361248
7191000000,-0.000615763276489
7201000000,-0.000369262098694
7211000000,-0.000142978054794
7222000000,0.000149925740631
7229000000,0.000473418597472
7237000000,0.000766622413663
7251000000,0.00102938625015
7260000000,0.00130924406912
7270000000,0.00158805844161
7281000000,0.00183450703814
7291000000,0.00205488386694
7303000000,0.00226496734882
7312000000,0.00244631683291
7319000000,0.00260095664447
7331000000,0.00273107637884
7340000000,0.00283921427458
7351000000,0.00292968378716
7361000000,0.00300230164348
7372000000,0.0030592317672
7380000000,0.00308076179009
7390000000,0.00308936888053
7400000000,0.00308967963366
7411000000,0.00308344013302
7423000000,0.00305082528341
7432000000,0.00300685378095
7436000000,0.00296230939294
7451000000,0.00290772185022
7461000000,0.00281390906285
7470000000,0.00272539498012
7482000000,0.00264303557115
7490000000,0.00256736790802
7498000000,0.00249620923097
7512000000,0.00243062262991
7522000000,0.00237221200373
7538000000,0.00232544962365
7542000000,0.00228618045799
7555000000,0.00225274649247
7563000000,0.00222465887776
7571000000,0.00219271746194
7580000000,0.0020893847649
7588000000,0.00199510816712
7594000000,0.00191007521604
7594000000,0.00183422744381
7594000000,0.00176731735702
7625000000,0.00170894998987
7642000000,0.00160135810946
7652000000,0.00149847747685
7662000000,0.001379956591
7671000000,0.00123468748009
7680000000,0.00110400507453
7681000000,0.000987746309321
7701000000,0.000852118902243
7707000000,0.00072808185858
7719000000,0.000619051449367
7731000000,0.000514222982196
7742000000,0.000408642037763
7751000000,0.000316993071435
7762000000,0.000238377628151
7771000000,0.00016077091876
7781000000,7.86760414353e-05
7792000000,8.22953994169e-06
7800000000,-5.14703142124e-05
7810000000,-0.000101370050471
7818000000,-9.72178683062e-07
7828000000,9.87349519579e-05
7840000000,0.00019566867565
7849000000,0.000288250376269
7862000000,0.00039202698103
7871000000,0.000504794909844
7880000000,0.000608646151256
7884000000,0.000703141755409
7884000000,0.000786426905957
7885000000,0.000856523035742
7895000000,0.000917896404654
7910000000,0.000971032185908
7915000000,0.00101127723216
7949000000,0.00103290099703
7954000000,0.0010491653375
7968000000,0.00106084011343
7982000000,0.00107540049816
7983000000,0.0010907819425
7983000000,0.00110278786134
8012000000,0.0011118663297
8022000000,0.00110487657032
8032000000,0.00109656923601
8042000000,0.00108740655323
8048000000,0.00107777698251
8061000000,0.0010512908069
8074000000,0.00101504972598
8082000000,0.000980933145545
8094000000,0.000949243522846
8114000000,0.000920169178573
8114000000,0.000893803188553
8114000000,0.000870162154801
8115000000,0.000725762579178
8115000000,0.00051108617664
8151000000,0.000312293076103
8161000000,-2.31457511851e-05
8173000000,-0.000331845898859
8182000000,-0.000713958874919
8192000000,-0.00106158828206
8202000000,-0.00137425054135
8211000000,-0.00165234860485
8218000000,-0.00190716513752
8244000000,-0.00212950725759
8244000000,-0.00232128656953
8253000000,-0.00248468666724
8253000000,-0.002622061885
8271000000,-0.00273584582876
8282000000,-0.0028183700868
8289000000,-0.00287852960567
8300000000,-0.00289309006808
8310000000,-0.00289301159894
8321000000,-0.00288410156138
8322000000,-0.00285694852421
8342000000,-0.0027993857417
8351000000,-0.00274073592352
8360000000,-0.00268253938109
8368000000,-0.00262600276657
8382000000,-0.00256140399895
8388000000,-0.00248511455877
8402000000,-0.00241418014208
8409000000,-0.00234905006906
8416000000,-0.00229259487712
8430000000,-0.00224234054645
8442000000,-0.00219786253454
8447000000,-0.00215892990099
8460000000,-0.00213060013313
8470000000,-0.00210739779184
8486000000,-0.00208826881707
8490000000,-0.00207277777854
8502000000,-0.00206149253525
8503000000,-0.00205392667924
8511000000,-0.00204866227703
8511000000,-0.00204531259096
8541000000,-0.00204186573232
8573000000,-0.00203411451078
8573000000,-0.00203196622016
8582000000,-0.00201369261015
8584000000,-0.00184784599245
8601000000,-0.00169282509278
8609000000,-0.00153926544927
8621000000,-0.00130349598917
8631000000,-0.00108714790274
8642000000,-0.000890956711165
8651000000,-0.000715050202508
8660000000,-0.00055907996273
8672000000,-0.00036829066546
8685000000,-0.000176338034672
8693000000,2.41410483064e-06
8702000000,0.000194040619388
8711000000,0.000362904743927
8727000000,0.000510043080304
8730000000,0.000636754295426
8741000000,0.000770753729093
8750000000,0.000885921339116
8759000000,0.000983609093981
8767000000,0.00106533415914
8781000000,0.001011272033
8792000000,0.000900888329842
8801000000,0.000790607200256
8808000000,0.000682869493484
8821000000,0.000558202921035
8829000000,0.000426736648751
8837000000,0.000304353300323
8837000000,0.000191865038469
8864000000,9.37856509999e-05
8868000000,1.18622156608e-05
8877000000,-6.04613435019e-05
8890000000,-0.000123592282105
8900000000,-0.000171371071814
8909000000,-0.000196290916863
8917000000,-0.000215216175915
8917000000,-0.000228998492228
8940000000,-0.000233796259093
8951000000,-0.000216856862579
8956000000,-0.000198359554871
8972000000,-0.000179036384798
8981000000,-0.000140467623252
8991000000,-9.86690313098e-05
8996000000,-5.91104841892e-05
9007000000,-2.22078316162e-05
9020000000,0.000116441692537
9030000000,0.000313807426377
9038000000,0.000496693525715
9049000000,0.000664076684353
9057000000,0.000886672471184
9072000000,0.00110636306089
9081000000,0.00130445577249
9089000000,0.00148108493454
9097000000,0.0016544429366
9111000000,0.00183257006176
9119000000,0.00198916779327
9130000000,0.0021252909242
9138000000,0.00224491919227
9152000000,0.00234776628333
9160000000,0.00243414799235
9169000000,0.00250561266724
9180000000,0.00255155331115
9192000000,0.00258131349658
9197000000,0.00260186638038
9211000000,0.00260899035257
9222000000,0.00258740969901
9231000000,0.00256243145622
9241000000,0.00253533201806
9252000000,0.00250716379959
9262000000,0.00244626647559
9272000000,0.00238427114532
9280000000,0.00232571628549
9291000000,0.00227118192804
9301000000,0.0021799231864
9311000000,0.0020957381323
9321000000,0.00201900774769
9328000000,0.00194986370291
9347000000,0.0018882409103
9347000000,0.0018339207395
9362000000,0.00181835480843
9376000000,0.00182072044193
9376000000,0.00182616114749
9389000000,0.00185264535861
9402000000,0.00188746925315
9412000000,0.00192158967552
9422000000,0.00195179035748
9430000000,0.00197446192917
9442000000,0.00199557814404
9450000000,0.00200433646176
9461000000,0.00201081517869
9468000000,0.00201629902293
9475000000,0.00202086732927
9491000000,0.00202169588794
9501000000,0.00201061367685
9510000000,0.00199977536106
9520000000,0.00198937546006
9530000000,0.00197956095124
9544000000,0.00175650119866
9553000000,0.00154713020446
9558000000,0.00135322948514
9558000000,0.00117585827228
9558000000,0.00101548974
9590000000,0.000858535247018
9598000000,0.000599930479375
9598000000,0.00036542363445
9619000000,0.000138143331716
9626000000,-0.000130599400052
9638000000,-0.000371216286711
9638000000,-0.000584276070428
9665000000,-0.000792154975508
9668000000,-0.0010048679094
9676000000,-0.00119083105618
9691000000,-0.0013537208689
9692000000,-0.00151192078176
9713000000,-0.00164725185921
9722000000,-0.00176152731372
9731000000,-0.00176484713553
9736000000,-0.00166690392909
9749000000,-0.00156542834749
9759000000,-0.00146344589917
9759000000,-0.00136335120393
9760000000,-0.00126698590293
9790000000,-0.00116071359667
9795000000,-0.00104676174055
9811000000,-0.000945273317487
9821000000,-0.000861469448482
9830000000,-0.000786214183408
9839000000,-0.000719384571853
9850000000,-0.000660691812122
9851000000,-0.000626990165089
9869000000,-0.000606694915129
9882000000,-0.000591436312844
9891000000,-0.000580483166779
9901000000,-0.000597985945451
9911000000,-0.000617017377712
9915000000,-0.00063682789207
9927000000,-0.000656808917152
9938000000,-0.000676474283321
9951000000,-0.000720309331525
9959000000,-0.000858611682973
9971000000,-0.000988125548992
9980000000,-0.00110781734255
9990000000,-0.00124821998985
10006000000,-0.0014064605759
10011000000,-0.00155008903346
10018000000,-0.00170166749383
10033000000,-0.00183983100558
10037000000,-0.00196228669946
10037000000,-0.00206962256097
10038000000,-0.00216263528334
10064000000,-0.00224001497491
10076000000,-0.00230300066763
10090000000,-0.00235505276428
10101000000,-0.00237315219775
10112000000,-0.00237394114585
10120000000,-0.00236943958061
10131000000,-0.00236086084538
10138000000,-0.00234925594349
10148000000,-0.0023002303778
10159000000,-0.00224801491637
10167000000,-0.00219773006919
10167000000,-0.00210909172138
10167000000,-0.00202164391042
10167000000,-0.00194076503858
10211000000,-0.00186686550218
10219000000,-0.00180011659625
10230000000,-0.00170647909653
10238000000,-0.00161816278095
10250000000,-0.00153907611037
10250000000,-0.00140769575377
10278000000,-0.00135456170214
10298000000,-0.00130908330114
10308000000,-0.00125737902065
10312000000,-0.00118268870383
10336000000,-0.00120090883724
10336000000,-0.00123139015013
10341000000,-0.00126969235181
10351000000,-0.00136256331756
10362000000,-0.00145124571226
10371000000,-0.00152611337646
10381000000,-0.00158714410188
10390000000,-0.00164278728359
10412000000,-0.00169294566916
10413000000,-0.00173766400574
10420000000,-0.00177707503744
10435000000,-0.00179746145507
10449000000,-0.00180808238862
10449000000,-0.00181560160856
10464000000,-0.00181840266197
10471000000,-0.00180067300751
10478000000,-0.00178245975556
10492000000,-0.00173949105155
10499000000,-0.00148127409404
10514000000,-0.00123865604342
10517000000,-0.00101376782902
10531000000,-0.00079158112058
10542000000,-0.00044695018676
10552000000,-0.000131757971695
10559000000,0.00015318317352
10572000000,0.000407927064085
10579000000,0.000701285891349
10589000000,0.000990739463187
10597000000,0.00124704317944
10610000000,0.00147147555708
10616000000,0.00170779182933
10626000000,0.00193153817114
10637000000,0.00212541261563
10649000000,0.00229140771482
10662000000,0.00243934037066
10670000000,0.00257085955445
10680000000,0.00268033482427
10691000000,0.0027699763713
10702000000,0.00271205748802
10710000000,0.0025921237288
10719000000,0.00247098695289
10733000000,0.00235161212276
10741000000,0.00220324275304
10749000000,0.00206264923218
10760000000,0.00193132566568
10772000000,0.00181023931547
10778000000,0.00169993394111
10790000000,0.00160695742096
10798000000,0.00153376871681
10808000000,0.00147011443072
10819000000,0.00143948580208
10828000000,0.0014156579253
10837000000,0.00139771622858
10850000000,0.00138481272461
10858000000,0.0013761727693
10869000000,0.00137108417604
10880000000,0.00136890551283
10888000000,0.00137788761145
10898000000,0.0014010817751
10908000000,0.00142427770657
10919000000,0.00150304701033
10919000000,0.00158378837456
10941000000,0.00165906596222
10952000000,0.00175822642021
10958000000,0.00185254124828
10969000000,0.0019382376632
10980000000,0.00201257482714
10991000000,0.00206796880608
10997000000,0.00211587925643
11008000000,0.00215681667577
11009000000,0.00218227799651
11032000000,0.00218183942624
11036000000,0.0021780421272
11048000000,0.00217168243815
11061000000,0.00214469669315
11064000000,0.00209924743895
11075000000,0.0020553914084
11075000000,0.00201376803165
11075000000,0.00197483313773
11075000000,0.00193888921857
11119000000,0.00187121495774
11129000000,0.001793944935
11142000000,0.00168018500419
11151000000,0.00157575183885
11161000000,0.00148100224498
11169000000,0.00143977875984
11179000000,0.00146955405836
11191000000,0.00150164919523
11202000000,0.00153485743702
11209000000,0.00158563152251
11220000000,0.00164603858549
11224000000,0.00170329105465
11240000000,0.00175677011489
11249000000,0.00180607769289
11261000000,0.00183679923263
11268000000,0.00185006478866
11274000000,0.00186073978431
11289000000,0.00186911991906
11302000000,0.00170351462272
11312000000,0.00150459442915
11318000000,0.00131862539119
11318000000,0.00114703273053
11335000000,0.000990617786239
11349000000,0.000732061388431
11357000000,0.000467243524247
11370000000,0.000227172675289
11382000000,-4.62558901976e-05
11392000000,-0.000316451780864
11398000000,-0.000557593732753
11398000000,-0.000770431300388
11420000000,-0.000984455264424
11427000000,-0.00119885775704
11438000000,-0.00138595739851
11450000000,-0.00154735477839
11459000000,-0.00169688491704
11470000000,-0.00183160187501
11479000000,-0.00194515956596
11490000000,-0.00203948854767
11502000000,-0.0021192672535
11506000000,-0.00218974331759
11523000000,-0.00224620015563
11535000000,-0.00229034426474
11546000000,-0.00232379054255
11551000000,-0.00234804882442
11570000000,-0.00235685218008
11589000000,-0.00235960427641
11589000000,-0.00235753806305
11589000000,-0.00235171794001
11600000000,-0.0023251695512
11611000000,-0.00229344346158
11622000000,-0.00224536936282
11631000000,-0.002199084408
11652000000,-0.00215523843589
11652000000,-0.00211430951095
11662000000,-0.00206920597047
11672000000,-0.00201063267439
11682000000,-0.0019570466612
11690000000,-0.00190858576969
11697000000,-0.00184813685085
11710000000,-0.00179186223033
11722000000,-0.00174168892836
11728000000,-0.00169744423886
11741000000,-0.001640715957
11751000000,-0.00158597579401
11759000000,-0.00153768921131
11771000000,-0.00149556506816
11778000000,-0.00144946660026
11792000000,-0.00139970276011
11813000000,-0.0013561469157
11813000000,-0.00131844763894
11831000000,-0.00128620547834
11831000000,-0.00125898320806
11838000000,-0.00122574032048
11853000000,-0.00117483678559
11859000000,-0.00112317354592
11871000000,-0.00107745856793
11881000000,-0.00103744172226
11889000000,-0.000994380172622
11902000000,-0.000953317559362
11912000000,-0.000917664068029
11921000000,-0.000887067911175
11931000000,-0.000853431282601
11942000000,-0.000819526050525
11951000000,-0.000790307061301
11961000000,-0.000765427541369
11971000000,-0.000740713916428
11982000000,-0.000714254644365
11992000000,-0.000691619808396
12003000000,-0.000672497878267
12013000000,-0.00064912786871
12018000000,-0.000621818540854
12031000000,-0.000598027383465
12042000000,-0.00057754036841
12050000000,-0.000560114732355
12055000000,-0.000545490258039
12073000000,-0.000533395473927
12073000000,-0.000519286659968
12092000000,-0.000503651157522
12098000000,-0.000482685434275
12109000000,-0.00046427996879
12109000000,-0.000448304022145
12132000000,-0.000434159952022
12140000000,-0.000420420622201
12151000000,-0.000408727349101
12160000000,-0.000398929397425
12167000000,-0.000390832334919
12177000000,-0.000390052906205
12198000000,-0.000394087369757
12212000000,-0.000398663702526
12212000000,-0.00040356310613
12212000000,-0.000408603442722
12212000000,-0.00041366239274
12212000000,-0.000418615128955
12252000000,-0.000426597321325
12263000000,-0.000436288138332
12270000000,-0.000445315756712
12295000000,-0.000453618024831
12295000000,-0.000461158753991
12297000000,-0.000467946093917
12310000000,-0.000473985943086
12322000000,-0.000476244704483
12329000000,-0.000478796905116
12329000000,-0.000483440767808
12342000000,-0.000487495949044
12352000000,-0.000490994164325
12368000000,-0.000494047091761
12380000000,-0.000496880007704
12386000000,-0.000499264378598
12396000000,-0.000501241817981
12410000000,-0.000503120000242
12422000000,-0.000507030637748
12432000000,-0.000510534718577
12436000000,-0.000513609707692
12438000000,-0.00051628402868
12461000000,-0.0005190507657
12466000000,-0.00052251588149
12476000000,-0.000525561673075
12476000000,-0.000528209525601
12476000000,-0.00053048508906
12507000000,-0.000533828298183
12518000000,-0.000538867445754
12518000000,-0.000543397672623
12518000000,-0.000547425014396
12551000000,-0.000554893862488
12557000000,-0.000563307381464
12559000000,-0.00057091835422
12580000000,-0.000579874850087
12592000000,-0.000588445944164
12602000000,-0.000596083342053
12612000000,-0.000602814098999
12622000000,-0.000610929021182
12632000000,-0.000621386801761
12641000000,-0.000630737578189
12650000000,-0.000639009063641
12661000000,-0.000648476183884
12672000000,-0.000660170674165
12681000000,-0.000670594593187
12696000000,-0.000683025319829
12703000000,-0.000698824823656
12710000000,-0.000713005955239
12721000000,-0.000725596424715
12728000000,-0.000739866327356
12750000000,-0.000757370695593
12760000000,-0.000773058321287
12767000000,-0.000786904158134
12771000000,-0.000798989055655
12779000000,-0.00080941673844
12795000000,-0.000822592548122
12802000000,-0.000838284889552
12812000000,-0.00085214503889
12820000000,-0.000864249106554
12833000000,-0.000876038882283
12842000000,-0.000897942548096
12851000000,-0.00091763373108
12861000000,-0.000941507334604
12869000000,-0.000967030556993
12874000000,-0.000989851669703
12874000000,-0.0010100289151
12874000000,-0.00102894261148
12875000000,-0.00105650821833
12920000000,-0.00108108839158
12932000000,-0.00110491737594
12941000000,-0.00113423464701
12949000000,-0.00116028680197
12957000000,-0.00118317664956
12971000000,-0.00120306609444
12980000000,-0.00122014710036
12991000000,-0.00123463348893
13002000000,-0.00125776485932
13011000000,-0.00128823285321
13021000000,-0.00131966763249
13030000000,-0.00134764225383
13042000000,-0.00137226742633
13051000000,-0.00139839380565
13061000000,-0.00142582106964
13069000000,-0.00144987452203
13076000000,-0.00147073241958
13076000000,-0.00148860757871
13077000000,-0.00150481675199
13103000000,-0.00152802711568
13115000000,-0.00154832258959
13116000000,-0.00156586674736
13139000000,-0.00158085025777
13140000000,-0.00160303297665
13165000000,-0.00162250288744
13168000000,-0.00164296228033
13180000000,-0.00166891651592
13188000000,-0.00169190848221
13199000000,-0.00171205163602
13211000000,-0.00172949888133
13215000000,-0.00174443138201
13235000000,-0.0017570503659
13242000000,-0.00176756029555
13250000000,-0.00177617165169
13259000000,-0.00178968089043
13271000000,-0.00180876478534
13279000000,-0.00183253008412
13291000000,-0.0018575869307
13302000000,-0.00188553741458
13308000000,-0.0019105169876
13323000000,-0.00193259341718
13331000000,-0.00195188971598
13342000000,-0.00196856383829
13351000000,-0.00198279814247
13363000000,-0.00200283630634
13376000000,-0.00202473946815
13376000000,-0.00205199245061
13398000000,-0.00207623905729
13398000000,-0.00209757402598
13408000000,-0.00211836191933
13415000000,-0.00214147661259
13428000000,-0.00216172291099
13449000000,-0.00217925505761
13458000000,-0.00219425666102
13460000000,-0.00220845862782
13469000000,-0.00222641383721
13496000000,-0.00224199333243
13496000000,-0.00225535182298
13503000000,-0.00226738489677
13515000000,-0.00228385778258
13523000000,-0.00229821045148
13532000000,-0.00231057254733
13542000000,-0.00232446628825
13552000000,-0.00233976193315
13560000000,-0.00235309282425
13571000000,-0.002366519305
13580000000,-0.0023825355602
13593000000,-0.00239657843088
13594000000,-0.00240875383297
13610000000,-0.00241918397812
13621000000,-0.00243312870951
13621000000,-0.00244585298755
13640000000,-0.00245686962922
13651000000,-0.00246629293535
13661000000,-0.0024770013799
13671000000,-0.00248802348634
13682000000,-0.00249754699294
13691000000,-0.00250567322896
13701000000,-0.00251556128745
13722000000,-0.00252537468172
13725000000,-0.00253385434718
13736000000,-0.00254109229869
13737000000,-0.00254719272686
13748000000,-0.00255641374488
13760000000,-0.00256446234753
13771000000,-0.00260500208266
13780000000,-0.00265674008334
13791000000,-0.00270434681471
13802000000,-0.00274763078353
13813000000,-0.00280058649739
13834000000,-0.00286208707353
13834000000,-0.00291760448592
13834000000,-0.00296716364685
13850000000,-0.00301091795052
13860000000,-0.00306595904355
13871000000,-0.00311474502742
13883000000,-0.00315750778399
13889000000,-0.00319814944942
13903000000,-0.00323674327706
13911000000,-0.0032699706463
13921000000,-0.00329822492891
13930000000,-0.00332192650455
13940000000,-0.00334150859831
13952000000,-0.00335740522231
13956000000,-0.00337163714917
13972000000,-0.00338447499463
13978000000,-0.00339562840561
13992000000,-0.0034044948031
14002000000,-0.00341127079347
14011000000,-0.00341624714767
14019000000,-0.00341650968159
14031000000,-0.00341490765505
14046000000,-0.00341251197366
14055000000,-0.00340954112627
14063000000,-0.00340618316258
14073000000,-0.00340140877582
14099000000,-0.00339390679989
14099000000,-0.00338665460305
14111000000,-0.00337976573679
14113000000,-0.00337331259404
14121000000,-0.00336107791413
14133000000,-0.00334659979775
14141000000,-0.00332767944746
14152000000,-0.00331030350432
14159000000,-0.00329453520787
14159000000,-0.00328039252986
14160000000,-0.00326784435671
14187000000,-0.00325180239936
14196000000,-0.00323628912921
14208000000,-0.00322255360388
14216000000,-0.00320597211437
14225000000,-0.00319128507681
14225000000,-0.00317842561096
14225000000,-0.00316729647692
14256000000,-0.00315776468555
14271000000,-0.00314970626446
14279000000,-0.00313827789725
14288000000,-0.00312565969121
14303000000,-0.00310862851395
14316000000,-0.00309344787458
14323000000,-0.00308007333999
14330000000,-0.00306845505546
14344000000,-0.00305851116838
14351000000,-0.00305004944495
14363000000,-0.00304294556314
14371000000,-0.00303707453342
14381000000,-0.00302650590847
14393000000,-0.00301586029277
14401000000,-0.00300655194432
14411000000,-0.00299849844444
14419000000,-0.00299134086756
14431000000,-0.00298487287403
14438000000,-0.00297943024987
14438000000,-0.00297492126098
14438000000,-0.00297125862591
14438000000,-0.00296833955644
14462000000,-0.00296605820815
14462000000,-0.00295951992868
14498000000,-0.00295149176963
14508000000,-0.00294328174847
14518000000,-0.00293598960669
14530000000,-0.00292834920987
14539000000,-0.00291981659775
14549000000,-0.00291225712035
14559000000,-0.00290563620066
14573000000,-0.00289990374025
14581000000,-0.00289444216883
14581000000,-0.00288972120898
14600000000,-0.00288574515704
14607000000,-0.00288252140614
14619000000,-0.00287995689777
14622000000,-0.00287791266781
14638000000,-0.00287632551358
14649000000,-0.00287513502995
14666000000,-0.00287271045378
14666000000,-0.00287067416563
14674000000,-0.00286899742512
14691000000,-0.00286763077657
14701000000,-0.0028681751407
14703000000,-0.00287044233527
14721000000,-0.0028727082717
14731000000,-0.00287458581935
14737000000,-0.00287342260849
14748000000,-0.00287235510619
14760000000,-0.00287138240725
14770000000,-0.00287199690997
14781000000,-0.00287297792747
14791000000,-0.00287392330046
14810000000,-0.00287482147179
14821000000,-0.00287566439705
14830000000,-0.00287644950439
14832000000,-0.00287664833083
14837000000,-0.0028747630301
14852000000,-0.00287326912552
14866000000,-0.00287206444773
14870000000,-0.00287095299933
14879000000,-0.0028699417113
14891000000,-0.00286837551229
14901000000,-0.00286599098404
14911000000,-0.00286380684436
14921000000,-0.00286182756195
14931000000,-0.00286036584415
14940000000,-0.0028593921406
14947000000,-0.00285857486345
14961000000,-0.00285790053102
14971000000,-0.00285735721708
14981000000,-0.00285692868828
14991000000,-0.00285651600942
15001000000,-0.00285607460087
15010000000,-0.00285571701665
15019000000,-0.00285543440698
15030000000,-0.00285576273743
15040000000,-0.00285611670762
15051000000,-0.0028564855798
15062000000,-0.00285727046568
15072000000,-0.00285806843573
15080000000,-0.00285881897563
15091000000,-0.00285951577673
15091000000,-0.00286015503226
15103000000,-0.00286052851462
15121000000,-0.00286072318274
15131000000,-0.00286084231615
15138000000,-0.00286086914506
15150000000,-0.00286087310369
15176000000,-0.00286085924619
15176000000,-0.00286083181918
15185000000,-0.002860794493
15189000000,-0.00286021927944
15200000000,-0.00285889690621
15209000000,-0.00285756760445
15219000000,-0.00285620687553
15230000000,-0.00285495775428
15242000000,-0.00285382461673
15251000000,-0.0028513724095
15259000000,-0.00284877184031
15268000000,-0.00284640718251
15282000000,-0.00284427736593
15295000000,-0.00284237900493
15302000000,-0.00284049332467
15313000000,-0.0028383524907
15334000000,-0.00283645785173
15334000000,-0.0028347996977
15339000000,-0.00283239979288
15352000000,-0.00282885027616
15368000000,-0.00282564385461
15372000000,-0.00282277963108
15385000000,-0.00282024914617
15401000000,-0.00281709144708
15405000000,-0.00281367698039
15412000000,-0.00280965950745
15423000000,-0.00280382304515
15432000000,-0.00279854116131
15443000000,-0.00279381455407
15452000000,-0.0027880602283
15460000000,-0.0027813897452
15469000000,-0.00277541487917
15477000000,-0.00277012393278
15477000000,-0.00276549136723
15498000000,-0.00276025379824
15509000000,-0.00275387707443
15525000000,-0.00274822510382
15529000000,-0.00274327125011
15534000000,-0.00273897885643
15550000000,-0.00273366921417
15575000000,-0.00272663561634
15575000000,-0.00272037632949
15575000000,-0.00271486643179
15592000000,-0.00270781783079
15600000000,-0.00270102533661
15610000000,-0.00269449053571
15621000000,-0.0026839234011
15630000000,-0.00267441571974
15637000000,-0.00266595283092
15653000000,-0.00265651529519
15662000000,-0.00264622282203
15673000000,-0.00263708992953
15685000000,-0.00262907612646
15692000000,-0.00262212494928
15700000000,-0.00261616912038
15711000000,-0.00261112990069
15722000000,-0.00260692285691
15726000000,-0.00260171809123
15745000000,-0.00259331100741
15749000000,-0.00258585607844
15761000000,-0.00257808275661
15762000000,-0.00256643289619
15776000000,-0.00255597548681
15789000000,-0.00254668876552
15789000000,-0.00253264434769
15812000000,-0.00251938932236
15812000000,-0.00250537470511
15829000000,-0.00248966811272
15837000000,-0.00247565313887
15851000000,-0.00246328688548
15860000000,-0.00244970479582
15871000000,-0.00243708992158
15887000000,-0.00242608366235
15897000000,-0.00241659251314
15900000000,-0.00240850837298
15912000000,-0.00239888383974
15937000000,-0.0023894159549
15942000000,-0.00237387952122
15951000000,-0.00236366411265
15962000000,-0.00235472913278
15969000000,-0.00234700360443
15980000000,-0.00233754872327
15998000000,-0.00232742078145
15998000000,-0.00231855019856
16009000000,-0.00231086542206
16012000000,-0.00230181992149
16034000000,-0.00229233716108
16034000000,-0.00228404955172
16053000000,-0.00227631488135
16059000000,-0.00226462647451
16071000000,-0.00225425130043
16076000000,-0.00224514153559
16076000000,-0.00223723000944
16099000000,-0.00222605304155
16112000000,-0.00221570139473
16121000000,-0.00220662591173
16130000000,-0.0021973502288
16140000000,-0.00218380065474
16152000000,-0.00217172614199
16160000000,-0.00216108021215
16169000000,-0.00215179816479
16180000000,-0.00214148154194
16192000000,-0.00212906194839
16210000000,-0.00211810163971
16234000000,-0.00210853836649
16234000000,-0.00209326965981
16246000000,-0.00208736219157
16270000000,-0.0020785186891
16270000000,-0.00206696798252
16270000000,-0.00205672906319
16286000000,-0.00204614176805
16292000000,-0.00202784657857
16308000000,-0.00200512549437
16321000000,-0.0019845494822
16322000000,-0.00196612481136
16322000000,-0.00194980795725
16359000000,-0.00193551736181
16359000000,-0.00192314331147
16359000000,-0.00191256173313
16371000000,-0.00190137071395
16383000000,-0.00188198606837
16391000000,-0.00186398859003
16400000000,-0.00184807359043
16419000000,-0.00182212464306
16432000000,-0.00180351398784
16442000000,-0.00178702282441
16453000000,-0.00177176474918
16459000000,-0.00175144005639
16471000000,-0.00173339832703
16476000000,-0.00171756039891
16489000000,-0.00170381466201
16489000000,-0.00169202905253
16510000000,-0.00167313412947
16515000000,-0.00165545511435
16515000000,-0.00163993127226
16539000000,-0.00162645349259
16540000000,-0.00160937922554
16559000000,-0.00159082108363
16559000000,-0.00157448007018
16559000000,-0.00156024832432
16590000000,-0.00154078996937
16598000000,-0.00152054395829
16609000000,-0.0015026595164
16614000000,-0.0014839788064
16627000000,-0.0014606588234
16641000000,-0.00143996440913
16642000000,-0.00142179640954
16657000000,-0.00140527501174
16670000000,-0.00138451560777
16682000000,-0.00136627173825
16689000000,-0.00135042097719
16702000000,-0.00133113036842
16704000000,-0.00130858668259
16704000000,-0.00128867377244
16704000000,-0.00127126974953
16704000000,-0.00125623779827
16740000000,-0.00124341165758
16748000000,-0.00122956437131
16748000000,-0.00121476971937
16781000000,-0.00120074360428
16790000000,-0.00117741616704
16797000000,-0.0011565836574
16797000000,-0.00113819286449
16797000000,-0.00112213830544
16828000000,-0.00110488492638
16840000000,-0.00108652924613
16840000000,-0.00107050468163
16855000000,-0.00105667490649
16872000000,-0.00103943625726
16883000000,-0.00102306410522
16889000000,-0.00100824890304
16895000000,-0.000990152181088
16911000000,-0.000974267478528
16918000000,-0.000960505508057
16928000000,-0.000948734173239
16941000000,-0.000938845903151
16950000000,-0.000930803526087
16962000000,-0.000924232696057
16971000000,-0.000918968800066
16981000000,-0.000914857345747
16988000000,-0.000908655977263
16999000000,-0.000900465904552
17000000000,-0.000893384252992
17021000000,-0.000887332352292
17030000000,-0.000882238029414
17039000000,-0.000881341699236
17040000000,-0.00088590034591
17040000000,-0.000886050828621
17068000000,-0.000883546378172
17082000000,-0.000881452982016
17091000000,-0.000879706566642
17099000000,-0.000880264691505
17110000000,-0.000881210043278
17120000000,-0.000882264165507
17132000000,-0.000883384630039
17141000000,-0.000884543081691
17151000000,-0.000885711567896
17159000000,-0.000881589107428
17172000000,-0.000875536311951
17181000000,-0.000867565019895
17192000000,-0.000858673453788
17202000000,-0.000850524447157
17211000000,-0.000843149291254
17220000000,-0.000835533682481
17222000000,-0.000828603151636
17232000000,-0.000822461398443
17253000000,-0.000817088231193
17260000000,-0.000812714280111
17274000000,-0.000809181442762
17278000000,-0.000806247402702
17281000000,-0.000805265994097
17301000000,-0.000805253626642
17308000000,-0.000805508757947
17322000000,-0.000805980626085
17330000000,-0.00080701235568
17340000000,-0.000808524074518
17349000000,-0.000810060939526
17358000000,-0.000811592525564
17369000000,-0.000813080319166
17382000000,-0.000820150742156
17392000000,-0.00082740428933
17403000000,-0.000834132228539
17407000000,-0.000840296482068
17422000000,-0.000845774298396
17432000000,-0.000850436284997
17439000000,-0.000854555763826
17451000000,-0.000858137336789
17463000000,-0.000867175130255
17470000000,-0.000875394218425
17470000000,-0.000882784745336
17470000000,-0.000889357630485
17500000000,-0.000895166657988
17512000000,-0.000900284563788
17519000000,-0.000904684362948
17529000000,-0.00090842223119
17543000000,-0.000913020326425
17549000000,-0.000917937222324
17556000000,-0.000922208084631
17556000000,-0.000925874320237
17583000000,-0.00093171521053
17592000000,-0.000937176569195
17598000000,-0.000941970995535
17609000000,-0.000946134739845
17617000000,-0.000951511410868
17633000000,-0.000957992355922
17640000000,-0.000963742990938
17649000000,-0.000968787683258
17659000000,-0.000973165570527
17667000000,-0.000979774433482
17679000000,-0.000987492332524
17688000000,-0.000994377464595
17699000000,-0.00100311302519
17705000000,-0.00101350733927
17726000000,-0.00102282548364
17730000000,-0.00103108499333
17744000000,-0.0010383372833
17751000000,-0.00104643644074
17759000000,-0.00105617127558
17771000000,-0.00106479298387
17781000000,-0.0010778841877
17790000000,-0.0010909751789
17802000000,-0.00110264577538
17811000000,-0.00111295144934
17820000000,-0.00112426711655
17829000000,-0.00113477428547
17845000000,-0.00114394229185
17850000000,-0.00115184712087
17860000000,-0.00115857619311
17873000000,-0.00116421973234
17881000000,-0.00116971174677
17887000000,-0.00118149781608
17898000000,-0.00119202080582
17908000000,-0.00120226928243
17916000000,-0.00121138354418
17930000000,-0.00121931004571
17939000000,-0.00122611621388
17947000000,-0.00123446460369
17960000000,-0.00124760495054
17972000000,-0.00125936575728
17980000000,-0.00126977434279
17990000000,-0.0012821823365
18003000000,-0.00129396366485
18014000000,-0.00130431540134
18020000000,-0.00131548115438
18027000000,-0.00132849419904
18044000000,-0.00133999530311
18044000000,-0.00135004272235
18044000000,-0.00135871994277
18068000000,-0.00136611905201
18081000000,-0.00137481022326
18091000000,-0.00138254130566
18100000000,-0.00139074640223
18112000000,-0.00139849042909
18121000000,-0.00140513492138
18128000000,-0.00141076443144
18141000000,-0.00141665276034
18148000000,-0.00142240107997
18160000000,-0.00142726144131
18171000000,-0.00143072721764
18181000000,-0.00143118864699
18191000000,-0.00143119142746
18202000000,-0.00143083253242
18210000000,-0.001430194681
18221000000,-0.00142934804575
18232000000,-0.00142891116108
18241000000,-0.00143057530914
18251000000,-0.00143203124474
18261000000,-0.00143328143571
18270000000,-0.00143210874709
18278000000,-0.00142996179196
18290000000,-0.00142786489004
18300000000,-0.00142585073983
18312000000,-0.00142528907528
18320000000,-0.00142566531945
18330000000,-0.00142604167019
18338000000,-0.00142623603361
18351000000,-0.00142638197593
18362000000,-0.00142651887687
18372000000,-0.00142664345645
18380000000,-0.00142632360599
18391000000,-0.00142602565197
18399000000,-0.00142574941205
18411000000,-0.00142549285595
18422000000,-0.00142418297292
18431000000,-0.0014229588746
18438000000,-0.00142182849617
18449000000,-0.00141996412627
18462000000,-0.00141633795764
18469000000,-0.00141299031027
18481000000,-0.00140993307864
18490000000,-0.00140717276973
18495000000,-0.00140470771233
18511000000,-0.00140252982032
18521000000,-0.00140062635224
18530000000,-0.00139801458133
18536000000,-0.00139529950305
18544000000,-0.00139289534563
18560000000,-0.00139078962679
18571000000,-0.00138557121803
18580000000,-0.00137997740135
18587000000,-0.00138169006908
18616000000,-0.0013842606175
18616000000,-0.00138684010395
18621000000,-0.00138691717172
18633000000,-0.00138147475399
18641000000,-0.00137640664368
18651000000,-0.00137174748014
18661000000,-0.00136445078389
18671000000,-0.00135328979197
18680000000,-0.00134304159172
18688000000,-0.00133373434103
18697000000,-0.0013243370863
18708000000,-0.00131353740585
18719000000,-0.00130386053645
18719000000,-0.00129528640596
18737000000,-0.00128777667795
18738000000,-0.00127933132338
18756000000,-0.00126750679403
18756000000,-0.00125694464183
18779000000,-0.00124761416615
18798000000,-0.00123625731497
18800000000,-0.00122586076752
18810000000,-0.00121514925913
18821000000,-0.00120212356317
18830000000,-0.00119055549602
18842000000,-0.00118039257199
18846000000,-0.00117156623528
18862000000,-0.0011639907304
18870000000,-0.00115731896287
18880000000,-0.00114949869947
18880000000,-0.00114279165085
18880000000,-0.00113561405282
18909000000,-0.00112726873838
18919000000,-0.00111999682418
18933000000,-0.00111373350862
18943000000,-0.00110495549142
18952000000,-0.00109724656212
18956000000,-0.00109055892134
18972000000,-0.00108482505833
18980000000,-0.00107995815888
18984000000,-0.00107594593659
19001000000,-0.00107287938404
19005000000,-0.00107043725061
19018000000,-0.00106854390107
19031000000,-0.00106385460668
19041000000,-0.00105893260697
19051000000,-0.00105462302993
19061000000,-0.00105158095714
19071000000,-0.00104932731611
19079000000,-0.00104750834532
19088000000,-0.0010460747018
19098000000,-0.00104221549092
19098000000,-0.00103702278104
19098000000,-0.00103237206226
19131000000,-0.00102857509927
19141000000,-0.00102600910103
19151000000,-0.00102385989939
19163000000,-0.00102208913177
19171000000,-0.00102065830704
19178000000,-0.00101742569542
19194000000,-0.00101247473452
19194000000,-0.00100801694816
19212000000,-0.00100365208106
19222000000,-0.000998881280457
19232000000,-0.000994648137844
19238000000,-0.000990935018935
19250000000,-0.000987719015244
19258000000,-0.000984196176949
19269000000,-0.000979996213772
19285000000,-0.000976303537912
19297000000,-0.000973093965134
19302000000,-0.000970337874118
19316000000,-0.000967632370166
19320000000,-0.000965294799657
19332000000,-0.000963430789707
19342000000,-0.000961989041245
19352000000,-0.000960835571075
19365000000,-0.000959936217285
19372000000,-0.000959257791301
19380000000,-0.0009586529916
19382000000,-0.000958204442168
19401000000,-0.000957902771761
19412000000,-0.000957894285038
19420000000,-0.000959484197507
19430000000,-0.000961048853448
19441000000,-0.000962559013392
19453000000,-0.000963959393099
19462000000,-0.000965140627234
19470000000,-0.000966230338076
19480000000,-0.000967225424848
19490000000,-0.000966715010991
19501000000,-0.000966037883177
19510000000,-0.000965371220061
19521000000,-0.000964728040645
19532000000,-0.000963151462672
19538000000,-0.000961437461785
19551000000,-0.000959851722759
19557000000,-0.000958401112688
19568000000,-0.000957087972825
19572000000,-0.000955913025503
19598000000,-0.00095419651756
19611000000,-0.000951110229258
19613000000,-0.00094828715725
19622000000,-0.000944373136688
19631000000,-0.00094081572325
19639000000,-0.000937616027148
19652000000,-0.000934770115235
19660000000,-0.000932267188909
19669000000,-0.000930090252279
19680000000,-0.000928307716693
19688000000,-0.000927606139266
19701000000,-0.000927118000845
19702000000,-0.000926801663012
19702000000,-0.000926627441606
19702000000,-0.000926979566241
19743000000,-0.000927804176825
19743000000,-0.000928647328554
19759000000,-0.000930696918535
19772000000,-0.000934582485863
19780000000,-0.000939574547018
19792000000,-0.000944217697797
19801000000,-0.000948482554264
19810000000,-0.000953015126553
19817000000,-0.000959689581939
19831000000,-0.000965768582578
19841000000,-0.000971245181401
19841000000,-0.000976128515009
19859000000,-0.000980931861844
19871000000,-0.000986289417147
19879000000,-0.000991023530433
19887000000,-0.000995159328577
19901000000,-0.000999087339087
19912000000,-0.00100560185239
19917000000,-0.0010114258945
19931000000,-0.0010171677986
19935000000,-0.00102454556666
19936000000,-0.00103112878984
19951000000,-0.00103693742193
19967000000,-0.00104280089836
19982000000,-0.00104972823636
19991000000,-0.00105584706057
19999000000,-0.00106119143985
20000000000,-0.00106580407176
20022000000,-0.00106973718063
20031000000,-0.00107457469231
20039000000,-0.00107940124026
20049000000,-0.00108357246114
20058000000,-0.00108777338591
20069000000,-0.00109231256893
20082000000,-0.00109624330766
20091000000,-0.00109994754971
20100000000,-0.00110443747941
20112000000,-0.00110834638868
20128000000,-0.00111170856212
20136000000,-0.00111456506729
20136000000,-0.00111696418105
20155000000,-0.00111894577378
20155000000,-0.00112094485634
20155000000,-0.00112284442533
20180000000,-0.00112441153846
20190000000,-0.00112568063563
20203000000,-0.00112668595332
20212000000,-0.00112746611663
20232000000,-0.00113047605464
20241000000,-0.00113101107858
20252000000,-0.00113175861177
20260000000,-0.00113289443904
20274000000,-0.00113386080744
20285000000,-0.00113467650876
20291000000,-0.0011354202229
20302000000,-0.00113662473396
20312000000,-0.00113767756926
20323000000,-0.00113858687034
20332000000,-0.00113936213162
20342000000,-0.00114001391425
20348000000,-0.00114056458677
20360000000,-0.00114102718247
20360000000,-0.00114139903193
20380000000,-0.00114169125657
20388000000,-0.0011420040461
20388000000,-0.00114230976632
20410000000,-0.001142554392
20410000000,-0.00114274727885
20427000000,-0.00114289536069
20440000000,-0.00114187591548
20449000000,-0.00113467010918
20461000000,-0.00112712582809
20470000000,-0.00112011648821
20485000000,-0.00111368563215
20491000000,-0.00110849081298
20501000000,-0.00110448268158
20510000000,-0.00110098375002
20522000000,-0.00109796476236
20522000000,-0.0010953917498
20542000000,-0.00109603609119
20550000000,-0.00109756681961
20572000000,-0.00109919513454
20572000000,-0.00110086607735
20587000000,-0.0011025294435
20593000000,-0.00110414954143
20611000000,-0.00110710232091
20611000000,-0.00111003240296
20621000000,-0.00111319998393
20631000000,-0.0011167693899
20640000000,-0.00112003711573
20650000000,-0.00112340657726
20662000000,-0.00112670693903
20666000000,-0.00112965533061
20683000000,-0.00113226045026
20691000000,-0.00113385418865
20698000000,-0.00113450576523
20710000000,-0.00113496038168
20720000000,-0.00113524752096
20732000000,-0.00113520272321
20740000000,-0.00113497585883
20749000000,-0.00113467681961
20761000000,-0.00113432770499
20770000000,-0.00113394725424
20781000000,-0.00113355272011
20791000000,-0.00113297318321
20797000000,-0.00113075002109
20806000000,-0.00112865193223
20821000000,-0.00112669948799
20831000000,-0.00112407476163
20839000000,-0.00112112495515
20839000000,-0.00111843385765
20839000000,-0.00111600888936
20868000000,-0.00111384359677
20876000000,-0.00111176083537
20876000000,-0.00110838043526
20897000000,-0.00110598708086
20910000000,-0.00110642862599
20920000000,-0.00110699452091
20932000000,-0.00110819346523
20939000000,-0.00110994214721
20951000000,-0.00111164396623
20962000000,-0.00111327127839
20974000000,-0.00111480367021
20975000000,-0.00111622719887
20987000000,-0.00111753370363
20999000000,-0.00111874722059
21010000000,-0.00111994790138
21022000000,-0.00112117885143
21033000000,-0.00112227309911
21039000000,-0.0011232352733
21051000000,-0.00112407205853
21058000000,-0.00112411485132
21069000000,-0.00112310165447
21081000000,-0.00112209877554
21091000000,-0.00112112206527
21099000000,-0.00111982926811
21110000000,-0.00111837941623
21120000000,-0.00111703168003
21126000000,-0.00111579476878
21137000000,-0.00111467401045
21147000000,-0.00111276364502
21157000000,-0.00110967427139
21170000000,-0.00110683760388
21177000000,-0.00110426392454
21190000000,-0.0011013500743
21200000000,-0.0010981359861
21210000000,-0.00109526121749
21210000000,-0.00109273126982
21237000000,-0.00109052976719
21237000000,-0.00108776134292
21251000000,-0.0010840532118
21264000000,-0.00108074753227
21264000000,-0.001094541749
21283000000,-0.00117535943212
21287000000,-0.00125124887476
21298000000,-0.00132155588008
21312000000,-0.00138588863319
21322000000,-0.00148208228692
21331000000,-0.00159456478559
21341000000,-0.00169690285228
21353000000,-0.00177113494463
21359000000,-0.00183434143673
21370000000,-0.00188904695784
21381000000,-0.00193582863525
21391000000,-0.00195809172719
21401000000,-0.00196755800966
21410000000,-0.00197269096222
21420000000,-0.00197429227228
21431000000,-0.00196880294186
21436000000,-0.00195959091796
21450000000,-0.00194913009402
21459000000,-0.00193878334947
21471000000,-0.00192888781907
21481000000,-0.00191887080147
21489000000,-0.00191121837064
21501000000,-0.00190520666506
21510000000,-0.00189941802435
21522000000,-0.00189393586419
21532000000,-0.00188881606685
21543000000,-0.00188626451264
21550000000,-0.00188541306966
21561000000,-0.00188475160369
21572000000,-0.00188548830017
21579000000,-0.00188809655301
21583000000,-0.00189062906247
21602000000,-0.00189304208249
21602000000,-0.00189530625009
21613000000,-0.00189740176762
21613000000,-0.0018993160013
21643000000,-0.00190104310791
21663000000,-0.00191736016347
21663000000,-0.00193621123944
21673000000,-0.00195453741654
21684000000,-0.00197476935226
21692000000,-0.00199318397344
21701000000,-0.00200448571279
21710000000,-0.00201085136946
21722000000,-0.00201601894892
21733000000,-0.00201053680436
21744000000,-0.00200063621932
21752000000,-0.0019908375239
21752000000,-0.00198133685194
21766000000,-0.00197228252219
21780000000,-0.00194891664252
21792000000,-0.00191256977514
21800000000,-0.00187880540148
21812000000,-0.00183939348436
21820000000,-0.00178417293943
21831000000,-0.00173359430982
21841000000,-0.00168780383773
21846000000,-0.00164681135775
21861000000,-0.00161051776832
21867000000,-0.00155492950429
21878000000,-0.0014508739634
21890000000,-0.00133521838695
21901000000,-0.00119917763347
21909000000,-0.00107557211967
21921000000,-0.000964536129254
21929000000,-0.000865894709894
21941000000,-0.000779233673663
21950000000,-0.000703960917548
21960000000,-0.000639339082413
21970000000,-0.000584552108089
21973000000,-0.0005387412666
21988000000,-0.0004685910834
21994000000,-0.000404115945258
22011000000,-0.00034847547266
22020000000,-0.000301049990929
22030000000,-0.000255490235521
22041000000,-0.000195005741435
22056000000,-0.000142370680909
22059000000,-0.000152490309682
22065000000,-0.000189259612967
22077000000,-0.000227032503866
22092000000,-0.000264756091381
22097000000,-0.000345693141141
22110000000,-0.000427217833609
22122000000,-0.000503417348369
22131000000,-0.000574636508879
22142000000,-0.000639677026511
22148000000,-0.000686810393451
22160000000,-0.000717059133143
22176000000,-0.000742610046702
22189000000,-0.000763878852765
22202000000,-0.000781295606359
22211000000,-0.000795286914528
22217000000,-0.000791305844155
22226000000,-0.000783451903325
22230000000,-0.000766510344031
22243000000,-0.000741593584359
22252000000,-0.000715486343664
22262000000,-0.00068310059623
22271000000,-0.000652704260997
22279000000,-0.000624558512853
22290000000,-0.000598819558957
22298000000,-0.000566150637797
22310000000,-0.000534232174705
22325000000,-0.000505519167361
22330000000,-0.000479969576462
22330000000,-0.000451942055725
22351000000,-0.000419058521557
22371000000,-0.000389793635664
22376000000,-0.00036403795976
22382000000,-0.000341628224097
22393000000,-0.000309401917865
22412000000,-0.000279454812633
22412000000,-0.000230274120375
22412000000,-0.000210643576171
22412000000,-0.000179854087277
22450000000,-0.000151117245347
22455000000,-0.000114271173449
22470000000,-7.3898253695e-05
22480000000,-3.79186714222e-05
22487000000,-6.208377265e-06
22501000000,3.07069527719e-05
22512000000,6.54939569632e-05
22520000000,9.59474355365e-05
22531000000,0.000127140585624
22540000000,0.000161302184898
22551000000,0.000191182205873
22552000000,0.000217016781867
22571000000,0.000239082881017
22580000000,0.000263093964446
22590000000,0.000288908983673
22613000000,0.000311199605497
22613000000,0.00033021070796
22614000000,0.000346211044457
22614000000,0.000359477428129
22642000000,0.000378209116239
22650000000,0.000399404224183
22658000000,0.000421991828758
22672000000,0.000441733048436
22679000000,0.000458785636815
22688000000,0.00047333462583
22699000000,0.000485731977378
22707000000,0.000497351733837
22722000000,0.000507004467751
22731000000,0.000514069597356
22742000000,0.000519273709665
22748000000,0.00052317808954
22749000000,0.000525964692066
22770000000,0.000527803116481
22777000000,0.000528849229593
22791000000,0.000508894576806
22796000000,0.00040847361959
22803000000,0.000312474979947
22834000000,0.000223419063372
22834000000,0.000141826427135
22844000000,6.79402987277e-05
22853000000,-3.14381823081e-05
22863000000,-0.000169844791229
22873000000,-0.000353978214904
22881000000,-0.00052187102921
22892000000,-0.000673198471075
22901000000,-0.000808086837946
22912000000,-0.000927007636018
22921000000,-0.0010684245517
22928000000,-0.00121651614586
22943000000,-0.00135705042442
22951000000,-0.0014804127143
22960000000,-0.00158747504934
22971000000,-0.00168153504717
22982000000,-0.00176649522161
22985000000,-0.00183817291947
22990000000,-0.00189777967789
22990000000,-0.00194653626834
22990000000,-0.00198564650495
22992000000,-0.00201627515954
22992000000,-0.00204143812931
22992000000,-0.00206298379449
22992000000,-0.0020788631201
23071000000,-0.00206887145336
23079000000,-0.00197402441186
23089000000,-0.00188227032037
23102000000,-0.0017859669196
23112000000,-0.00168247344329
23119000000,-0.00158656963325
23131000000,-0.00149960832912
23142000000,-0.00142811143681
23152000000,-0.00136449882248
23163000000,-0.00130852089406
23168000000,-0.00126549391732
23173000000,-0.00123725493945
23192000000,-0.00121442714868
23215000000,-0.00119637471053
23215000000,-0.00118249013038
23222000000,-0.00117859819431
23233000000,-0.00118362383375
23240000000,-0.00119039911298
23251000000,-0.00119839891859
23263000000,-0.00121520356441
23272000000,-0.00123722947926
23287000000,-0.00125850657929
23292000000,-0.0012787172572
23302000000,-0.00130934999443
23309000000,-0.00133909863464
23315000000,-0.00136642927842
23331000000,-0.00139413450619
23342000000,-0.00143040644332
23351000000,-0.00146329262503
23360000000,-0.00149277420452
23370000000,-0.00153143857088
23379000000,-0.001569180469
23398000000,-0.00160281689728
23398000000,-0.00163246353795
23408000000,-0.00165830444788
23415000000,-0.00168371852892
23416000000,-0.00171791754637
23432000000,-0.00174810935242
23442000000,-0.00177446509372
23442000000,-0.00179720588699
23484000000,-0.00181658756725
23485000000,-0.00183289072864
23490000000,-0.00185735416596
23501000000,-0.00188323671789
23511000000,-0.00191038510864
23521000000,-0.00197381174608
23530000000,-0.00203407319873
23541000000,-0.00210964190768
23551000000,-0.00217810914943
23560000000,-0.00223944393996
23572000000,-0.0022937814363
23580000000,-0.00234183896516
23592000000,-0.00238526015862
23603000000,-0.00242259605045
23611000000,-0.00245429958083
23621000000,-0.00248085698722
23630000000,-0.00249856355234
23640000000,-0.00250280770955
23651000000,-0.00250424302969
23662000000,-0.00250343120573
23672000000,-0.00250086612119
23681000000,-0.00248445796494
23692000000,-0.00245950320235
23700000000,-0.00242583521512
23710000000,-0.00237235499565
23720000000,-0.00232222523184
23730000000,-0.002275860001
23739000000,-0.00220934907728
23752000000,-0.00214578765963
23759000000,-0.00208814757826
23771000000,-0.00203643164446
23781000000,-0.00199023393714
23788000000,-0.00194968483451
23797000000,-0.00191449427325
23809000000,-0.00188431532008
23810000000,-0.00185876300428
23810000000,-0.00189076018883
23822000000,-0.0019456563681
23846000000,-0.00199889675146
23860000000,-0.00204963369171
23861000000,-0.00210061961906
23876000000,-0.00216098552305
23889000000,-0.00221656379168
23901000000,-0.00226358161034
23911000000,-0.00230425148478
23921000000,-0.0023402306193
23930000000,-0.00237169711833
23942000000,-0.00239005771161
23948000000,-0.00240128235473
23959000000,-0.00240969541728
23972000000,-0.00241570664854
23982000000,-0.0024091244453
23990000000,-0.00239707457514
23995000000,-0.00238463142468
24006000000,-0.00237215252785
24006000000,-0.00235459682766
24027000000,-0.00232571731012
24038000000,-0.00229858179282
24048000000,-0.00227343490272
24048000000,-0.0022504218144
24048000000,-0.00222524458876
24048000000,-0.00218557155233
24048000000,-0.00214935930738
24048000000,-0.00211668779412
24048000000,-0.00208754206174
24048000000,-0.00206183388927
24048000000,-0.00203941826787
24048000000,-0.00202008216746
24048000000,-0.00199075990287
24076000000,-0.00195229940018
24076000000,-0.00191786048865
24181000000,-0.00183788275238
24192000000,-0.0017347614662
24198000000,-0.00164047405561
24209000000,-0.00155524694597
24222000000,-0.00137051250164
24228000000,-0.00109399336194
24238000000,-0.000839982101391
24249000000,-0.000609405264042
24258000000,-0.000402467285931
24271000000,-0.000101100917591
24277000000,0.000183458274169
24290000000,0.00043784056033
24290000000,0.000662747014022
24306000000,0.000859387437378
24318000000,0.00106327212617
24331000000,0.00127438505717
24341000000,0.00148603357139
24349000000,0.00167038079528
24359000000,0.00182909647721
24372000000,0.00196405996138
24377000000,0.00207363033113
24391000000,0.00214924780767
24400000000,0.00220839288718
24411000000,0.00225322672663
24418000000,0.00228577129436
24431000000,0.00228938743255
24441000000,0.00227337165918
24451000000,0.00225220568184
24462000000,0.0022274499759
24471000000,0.00219175690688
24480000000,0.00212163245011
24491000000,0.00205384718836
24499000000,0.00198431012656
24510000000,0.00187437405479
24521000000,0.00177207164598
24528000000,0.00167807147548
24538000000,0.00154752668846
24549000000,0.00142353729929
24559000000,0.00131155190062
24567000000,0.00121152993081
24580000000,0.00110338954203
24588000000,0.000978665224497
24597000000,0.000867587236006
24608000000,0.000769750437333
24620000000,0.000669836587854
24632000000,0.000548247324647
24637000000,0.000440766682701
24651000000,0.000346800544078
24660000000,0.000236964942816
24670000000,0.000128745199868
24677000000,3.41312140354e-05
24684000000,-4.76379987127e-05
24694000000,-0.000117449362152
24704000000,-0.000176269804189
24721000000,-0.000225122706427
24728000000,-0.000212503326768
24741000000,-0.00011825694797
24747000000,-6.50638239695e-07
24759000000,0.000148473902711
24769000000,0.000289212989705
24782000000,0.000420198036409
24783000000,0.000537979529191
24793000000,0.000622248646026
24806000000,0.000696883047334
24807000000,0.000756688681977
24831000000,0.000786379099687
24839000000,0.000809604170604
24851000000,0.000827222124508
24851000000,0.000840023655426
24867000000,0.000823607402979
24879000000,0.000805282858905
24886000000,0.000734166398832
24899000000,0.000464184841294
24910000000,0.000210142889117
24920000000,-2.56385524507e-05
24928000000,-0.000241744636937
24938000000,-0.000437525652333
24953000000,-0.000642534379738
24961000000,-0.000945017276952
24969000000,-0.00128742503408
24981000000,-0.0016410277545
24991000000,-0.0019591186978
24998000000,-0.00224208616553
25013000000,-0.00249104705023
25021000000,-0.00273258690021
25031000000,-0.00294496798525
25039000000,-0.003127369991
25049000000,-0.00328434229639
25063000000,-0.00342478862124
25071000000,-0.0035416743007
25082000000,-0.00363737578124
25090000000,-0.0037142468581
25097000000,-0.00361190159758
25110000000,-0.00348734769055
25118000000,-0.00336269057404
25133000000,-0.00324073699663
25143000000,-0.00311757326228
25150000000,-0.00297757249637
25173000000,-0.00284698785396
25173000000,-0.002726745756
25189000000,-0.00261734478221
25194000000,-0.00251893331779
25204000000,-0.00244239584034
25205000000,-0.00238031546247
25215000000,-0.00232720216531
25231000000,-0.00230132731781
25258000000,-0.00228975540336
25264000000,-0.00228057697967
25271000000,-0.00229065235807
25300000000,-0.00231186501325
25300000000,-0.00233379765065
25308000000,-0.0023558078486
25312000000,-0.00238080009394
25322000000,-0.00241808651289
25332000000,-0.00245907811747
25343000000,-0.00251058004673
25352000000,-0.00255816195924
25362000000,-0.00260158786311
25372000000,-0.00264076843131
25381000000,-0.00267258023152
25391000000,-0.00269969490844
25398000000,-0.00272313207349
25411000000,-0.00274314432997
25417000000,-0.00274850650537
25427000000,-0.00274048167446
25443000000,-0.00273137287001
25450000000,-0.00272160541507
25461000000,-0.00269517881066
25471000000,-0.00265908189035
25488000000,-0.00262497359502
25488000000,-0.00259319669384
25499000000,-0.00255931392734
25509000000,-0.00251022803357
25520000000,-0.00246525965068
25532000000,-0.00242453136855
25544000000,-0.00238805256377
25552000000,-0.00233839375396
25555000000,-0.00228653298655
25564000000,-0.00224010543075
25577000000,-0.00219900541434
25588000000,-0.00216302275481
25601000000,-0.00218060690222
25609000000,-0.00224730400586
25617000000,-0.00235212724905
25633000000,-0.00246122088512
25643000000,-0.00256310442929
25658000000,-0.00264743129456
25663000000,-0.0027146074555
25671000000,-0.00277449875899
25682000000,-0.0028273016583
25688000000,-0.00287333313663
25701000000,-0.00293211420536
25709000000,-0.00298591108817
25721000000,-0.00303286274235
25732000000,-0.00307337745119
25739000000,-0.00309990862139
25752000000,-0.00311807132921
25762000000,-0.00313199436522
25772000000,-0.00314226403126
25779000000,-0.00312931549817
25788000000,-0.00311279934086
25800000000,-0.00309565981841
25808000000,-0.00395249924713
25820000000,-0.00674568534214
25830000000,-0.00935802494199
25841000000,-0.0117693352932
25841000000,-0.0139682176488
25858000000,-0.019428813242
25871000000,-0.0248411467572
25882000000,-0.0297816938227
25891000000,-0.0355227553739
25906000000,-0.0436254286918
25911000000,-0.0509943656425
25922000000,-0.0576200074641
25931000000,-0.0635114913279
25938000000,-0.071569650309
25949000000,-0.0799818259817
25957000000,-0.0874883276896
25959000000,-0.0941128879453
25982000000,-0.103058038007
25991000000,-0.111360763174
26002000000,-0.118686942154
26012000000,-0.125079500637
26019000000,-0.132712441582
26028000000,-0.139918247967
26037000000,-0.146197516217
26043000000,-0.151605770554
26055000000,-0.157834349573
26056000000,-0.16340153416
26079000000,-0.168176584229
26092000000,-0.172220691144
26102000000,-0.176504798807
26110000000,-0.180132017083
26118000000,-0.183159958523
26124000000,-0.185647554617
26135000000,-0.187887684297
26150000000,-0.189746519729
26159000000,-0.191216292612
26166000000,-0.192346512746
26179000000,-0.192995341653
26190000000,-0.193221638099
26198000000,-0.193260659696
26209000000,-0.192906150294
26222000000,-0.191496494912
26232000000,-0.190077128032
26239000000,-0.18868236879
26249000000,-0.187005026476
26255000000,-0.184649945476
26268000000,-0.18244612956
26278000000,-0.180410761453
26292000000,-0.178554054082
26298000000,-0.17688011261
26307000000,-0.173612290643
26321000000,-0.169884702126
26321000000,-0.166491756249
26341000000,-0.162250008363
26347000000,-0.157642345972
26360000000,-0.153489366501
26365000000,-0.148524830266
26380000000,-0.142227948057
26390000000,-0.136550295355
26399000000,-0.13148580236
26413000000,-0.12701717744
26421000000,-0.123117801972
26429000000,-0.117333001659
26443000000,-0.112193580872
26450000000,-0.107678885356
26461000000,-0.103757967277
26474000000,-0.0971876885733
26485000000,-0.0913223156095
26492000000,-0.0861433676584
26502000000,-0.0802755608097
26511000000,-0.073795424714
26518000000,-0.0680652250024
26523000000,-0.0630553523755
26526000000,-0.0587234024671
26551000000,-0.0528418191365
26558000000,-0.0471389121745
26558000000,-0.0421452092591
26581000000,-0.0370073251401
26588000000,-0.0306895170075
26600000000,-0.025119168331
26609000000,-0.0189823633409
26615000000,-0.0130565328832
26630000000,-0.0078720997008
26639000000,-0.00338807475057
26639000000,0.000442710299541
26660000000,0.00367206679325
26671000000,0.00899800915888
26677000000,0.0136722041923
26677000000,0.0177297850886
26695000000,0.0215640897449
26711000000,0.0256483998109
26714000000,0.0291732606866
26730000000,0.0333312112723
26742000000,0.0380665006394
26750000000,0.0422189489068
26758000000,0.0458206982083
26772000000,0.0492468675652
26782000000,0.0526737583979
26790000000,0.0556141729731
26802000000,0.0581044871965
26812000000,0.0601833035705
26819000000,0.061890246716
26827000000,0.0635677234847
26841000000,0.0661539907224
26851000000,0.068392113766
26856000000,0.0711074145673
26868000000,0.0735613941171
26876000000,0.0756815207007
26890000000,0.0777727716048
26902000000,0.0798407167964
26909000000,0.0816136036442
26919000000,0.083114237881
26919000000,0.0843663643307
26920000000,0.08539384028
26950000000,0.0865212866153
26957000000,0.0874865058714
26965000000,0.0882744892003
26982000000,0.0887024319415
26992000000,0.0890050012582
27001000000,0.0892017470514
27019000000,0.089440075723
27019000000,0.0896522236108
27034000000,0.0897932055369
27038000000,0.0898746849953
27053000000,0.0897179822743
27064000000,0.0892525641821
27079000000,0.0887867906062
27079000000,0.0883306877168
27092000000,0.0878630753979
27101000000,0.0873055863031
27111000000,0.0867840135204
27119000000,0.0863027016077
27127000000,0.0858638460544
27140000000,0.085468081204
27159000000,0.0847235936684
27181000000,0.0837891440525
27181000000,0.082936100969
27192000000,0.0821659018102
27192000000,0.0814782344994
27201000000,0.0808709223559
27216000000,0.0796056907951
27228000000,0.0777584955402
27235000000,0.0760710950952
27242000000,0.0745471296338
27252000000,0.07318581088
27260000000,0.0713796054296
27272000000,0.069505527249
27280000000,0.0678315741974
27290000000,0.066352580652
27305000000,0.0650601250238
27312000000,0.063943423195
27323000000,0.0620840710918
27333000000,0.0600568519783
27339000000,0.0571608365257
27350000000,0.0545454625351
27360000000,0.0522096119797
27369000000,0.0492660073094
27377000000,0.0465409928072
27394000000,0.0441283220118
27400000000,0.0420157665854
27400000000,0.0401865770992
27418000000,0.0385340106344
27430000000,0.0363637854856
27438000000,0.0344669395352
27452000000,0.0328279950973
27460000000,0.0309208311515
27471000000,0.0285121309303
27482000000,0.0263841689898
27493000000,0.0245246941262
27499000000,0.0221986791413
27507000000,0.0198503178258
27523000000,0.0177860979889
27534000000,0.0159920742429
27548000000,0.0144513367821
27552000000,0.0131443217409
27560000000,0.0108028746353
27570000000,0.00786705627106
27579000000,0.00453174409723
27587000000,0.0015427400825
27599000000,-0.00110633550353
27609000000,-0.00342797306773
27620000000,-0.00593988266532
27631000000,-0.00862100159994
27639000000,-0.0109721274217
27663000000,-0.0130107078879
27663000000,-0.0147572335969
27663000000,-0.0162343768172
27663000000,-0.017465904852
27702000000,-0.0184763680886
27702000000,-0.0192906654882
27702000000,-0.0200251527726
27722000000,-0.0216613016706
27731000000,-0.0239906577318
27739000000,-0.0268434506299
27750000000,-0.029409901903
27760000000,-0.0316931449597
27772000000,-0.0337027699474
27780000000,-0.0356935247494
27789000000,-0.0379749183848
27802000000,-0.0399799792821
27817000000,-0.0426052224538
27817000000,-0.0451462431954
27824000000,-0.0473853497974
27843000000,-0.0493370168733
27852000000,-0.0510187985337
27862000000,-0.0526100329297
27872000000,-0.0543255817438
27881000000,-0.0558001551285
27890000000,-0.0570515889473
27901000000,-0.0568954914379
27911000000,-0.0558451572115
27922000000,-0.0547617713924
27932000000,-0.0536767229346
27940000000,-0.049373092531
27951000000,-0.0449556932568
27962000000,-0.0408387059765
27971000000,-0.0366607305164
27982000000,-0.0294337313636
27991000000,-0.0227897413914
28001000000,-0.016754221401
28011000000,-0.0113334582426
28019000000,-0.00468714502726
28029000000,0.00305041663246
28037000000,0.00999697986755
28049000000,0.0161646508306
28059000000,0.0238045870679
28070000000,0.0315263906799
28082000000,0.0383693399617
28091000000,0.0450430810571
28101000000,0.0524146853014
28111000000,0.0588987025664
28121000000,0.0645382961048
28128000000,0.0693854314524
28138000000,0.0734990150832
28151000000,0.0769421066086
28158000000,0.0797796472341
28170000000,0.0820766161555
28180000000,0.0838963690628
28190000000,0.0861941412588
28197000000,0.0888828123116
28211000000,0.0905620484334
28222000000,0.0927324190352
28232000000,0.094549421355
28239000000,0.096047481578
28252000000,0.097260906896
28261000000,0.0977183349137
28272000000,0.0979318758019
28279000000,0.0979925114566
28291000000,0.0979307766038
28296000000,0.0970263304132
28303000000,0.0960937755914
28318000000,0.0951621285986
28330000000,0.0942527422727
28340000000,0.0933813667116
28348000000,0.0910274355828
28359000000,0.088447891016
28372000000,0.0860571849879
28383000000,0.0832670336539
28390000000,0.0793331075149
28402000000,0.0757353483937
28409000000,0.0724837161071
28422000000,0.0673932784041
28422000000,0.0625331812044
28423000000,0.0581591183298
28451000000,0.0542661984006
28470000000,0.0477273151671
28483000000,0.0418225679217
28483000000,0.0365507839294
28500000000,0.031894294716
28500000000,0.0278255618914
28510000000,0.0230615407534
28518000000,0.0183506958098
28518000000,0.0142329472471
28538000000,0.00971350301728
28547000000,0.00358573992405
28562000000,-0.00186354390896
28572000000,-0.00768317002291
28582000000,-0.013818324551
28589000000,-0.0192374258908
28590000000,-0.0239701926422
28592000000,-0.0280554414526
28622000000,-0.0315378492545
28631000000,-0.0376547932664
28638000000,-0.0430790460164
28638000000,-0.0478365801981
28639000000,-0.0519624327964
28639000000,-0.0554975591175
28639000000,-0.0588635967457
28690000000,-0.0632038895826
28701000000,-0.0690919682587
28712000000,-0.0752080339746
28712000000,-0.0806359199035
28734000000,-0.085744301384
28741000000,-0.0915685896955
28751000000,-0.0966961589947
28759000000,-0.101159082435
28771000000,-0.104997187294
28779000000,-0.110112676503
28786000000,-0.114588992233
28821000000,-0.118461647732
28821000000,-0.121771793944
28822000000,-0.124563801064
28830000000,-0.128088853929
28843000000,-0.131410534076
28848000000,-0.13425428036
28861000000,-0.137590140653
28872000000,-0.140470108327
28897000000,-0.142926347363
28897000000,-0.144993078784
28919000000,-0.14670593549
28919000000,-0.148100761219
28924000000,-0.149213187372
28935000000,-0.150877151272
28943000000,-0.153066417747
28954000000,-0.155632940643
28975000000,-0.157891072941
28975000000,-0.159854987213
28984000000,-0.161867575483
29008000000,-0.16392135668
29008000000,-0.165699891875
29016000000,-0.167222230223
29022000000,-0.168508616251
29031000000,-0.169473073083
29041000000,-0.170250080746
29050000000,-0.170992528146
29062000000,-0.171781319817
29067000000,-0.172424355915
29082000000,-0.172938668476
29092000000,-0.173340025449
29100000000,-0.173619993845
29110000000,-0.173613020524
29121000000,-0.173548037615
29136000000,-0.173438279434
29137000000,-0.173295502937
29150000000,-0.1701266075
29171000000,-0.167125777822
29185000000,-0.164324458788
29185000000,-0.161742759043
29193000000,-0.159391598917
29213000000,-0.153507478874
29213000000,-0.147163137409
29213000000,-0.141359498508
29214000000,-0.136111860001
29241000000,-0.128165619363
29250000000,-0.117783266402
29261000000,-0.107708295753
29262000000,-0.0930871647064
29282000000,-0.0797851004457
29292000000,-0.067820476857
29300000000,-0.0541484943393
29309000000,-0.0416111149389
29320000000,-0.0305207324873
29330000000,-0.020818893859
29338000000,-0.0124284285077
29352000000,-0.00272375870234
29361000000,0.00597966124045
29374000000,0.0134711756512
29383000000,0.0210293157453
29390000000,0.0286487645111
29402000000,0.0351860164105
29410000000,0.0407241509661
29417000000,0.0462856786599
29430000000,0.0515846740581
29430000000,0.0560483263693
29430000000,0.059753496755
29455000000,0.0634011616536
29470000000,0.0668125523645
29476000000,0.0696259302322
29493000000,0.0719271586599
29500000000,0.0738052219386
29515000000,0.075265901186
29525000000,0.0763645059333
29533000000,0.0771529372073
29540000000,0.077524986095
29545000000,0.0776505949965
29558000000,0.0776106279235
29572000000,0.0774415723692
29572000000,0.0771739770985
29589000000,0.0761050151366
29595000000,0.074852400705
29606000000,0.0736302864338
29620000000,0.072459873408
29634000000,0.0704564231881
29638000000,0.0682090181826
29638000000,0.0657494504848
29659000000,0.0626232019955
29670000000,0.0597593742014
29683000000,0.0571662550141
29683000000,0.0548448279189
29689000000,0.0527898935519
29711000000,0.0496732856917
29721000000,0.0460214856886
29730000000,0.0419394276994
29740000000,0.0377490838624
29751000000,0.0339968023223
29761000000,0.030673939076
29769000000,0.0277643956798
29776000000,0.0240761178347
29793000000,0.019682414368
29796000000,0.0157744671532
29813000000,0.0123358005132
29821000000,0.00858419575902
29832000000,0.00455633329965
29837000000,0.00101443449242
29849000000,-0.0020646351873
29860000000,-0.00595851245934
29871000000,-0.010594837274
29889000000,-0.0147054595989
29897000000,-0.018310127086
29897000000,-0.021435437458
29911000000,-0.0251076547675
29919000000,-0.0285488039341
29930000000,-0.0317463041414
29940000000,-0.0364076792901
29948000000,-0.0405435814205
29960000000,-0.0441731343267
29968000000,-0.0473224826542
29982000000,-0.0508020245209
29991000000,-0.0545799471796
29999000000,-0.0578783409748
30014000000,-0.06072448935
30023000000,-0.0644848012103
30033000000,-0.0677804187553
30042000000,-0.0706361424858
30050000000,-0.073080836632
30055000000,-0.0751462305518
30072000000,-0.0768657574085
30082000000,-0.0789688425542
30091000000,-0.0814322432584
30100000000,-0.0839799029505
30112000000,-0.0868021257825
30120000000,-0.0892738055663
30133000000,-0.0922063125897
30143000000,-0.0951123719077
30152000000,-0.0976570679799
30161000000,-0.0998605310279
30171000000,-0.101792978933
30181000000,-0.103611520954
30191000000,-0.105149606385
30207000000,-0.106431648886
30207000000,-0.107482664961
30221000000,-0.108327323029
30221000000,-0.108990425241
30221000000,-0.109575795755
30221000000,-0.110717729293
30221000000,-0.111697037455
30221000000,-0.112525762183
30221000000,-0.113216759074
30221000000,-0.1140226438
30221000000,-0.114703427093
30311000000,-0.115378538446
30322000000,-0.116190842997
30331000000,-0.116889620829
30346000000,-0.117482907323
30347000000,-0.11792148916
30375000000,-0.118237986156
30375000000,-0.118481830305
30381000000,-0.118635530712
30392000000,-0.118629441341
30400000000,-0.118587034242
30413000000,-0.118428653026
30422000000,-0.118054446488
30432000000,-0.117683734802
30442000000,-0.117323636252
30449000000,-0.116980053841
30457000000,-0.116422240558
30469000000,-0.115558220018
30483000000,-0.11475637381
30492000000,-0.11402114615
30492000000,-0.113354579265
30511000000,-0.112541459515
30538000000,-0.111598730031
30549000000,-0.109990553518
30550000000,-0.109995037065
30562000000,-0.111576069625
30570000000,-0.113097147439
30581000000,-0.117096117786
30591000000,-0.121914614764
30622000000,-0.126384790545
30622000000,-0.13418828989
30641000000,-0.137507934523
30641000000,-0.14044689719
30650000000,-0.146940872372
30662000000,-0.155384371303
30673000000,-0.164730547603
30682000000,-0.17321473375
30694000000,-0.182498818585
30699000000,-0.191524508331
30710000000,-0.199566256064
30716000000,-0.206652411471
30716000000,-0.212826845495
30717000000,-0.218144031542
30750000000,-0.223206969082
30758000000,-0.228739760469
30772000000,-0.233501009708
30785000000,-0.238089489276
30786000000,-0.242050068126
30795000000,-0.245378659864
30812000000,-0.248143333031
30821000000,-0.250473668359
30831000000,-0.252342303606
30842000000,-0.253804810564
30850000000,-0.254576363943
30859000000,-0.254735563356
30868000000,-0.254681936363
30879000000,-0.254461501988
30879000000,-0.254112960772
30899000000,-0.253670471121
30912000000,-0.252742945338
30921000000,-0.250844800742
30927000000,-0.249015137945
30927000000,-0.247005480944
30951000000,-0.242711647186
30956000000,-0.23870773229
30971000000,-0.235020899129
30982000000,-0.23166580507
30989000000,-0.228647265322
31011000000,-0.225046617778
31030000000,-0.219741920884
31030000000,-0.214935655747
31041000000,-0.210627762662
31047000000,-0.206807550195
31047000000,-0.199745945385
31062000000,-0.19231716638
31072000000,-0.184610718119
31083000000,-0.177695217302
31093000000,-0.171559115942
31105000000,-0.166172969716
31112000000,-0.158702784983
31123000000,-0.150879234184
31129000000,-0.143093249243
31139000000,-0.132930933693
31144000000,-0.123831002777
31160000000,-0.115773560491
31178000000,-0.108717182166
31194000000,-0.102605311282
31194000000,-0.0973737863645
31200000000,-0.0906874206076
31212000000,-0.0839285415117
31222000000,-0.073594934863
31233000000,-0.0638736449891
31242000000,-0.0552528665534
31251000000,-0.0460487265884
31262000000,-0.0375451091222
31269000000,-0.0301151349841
31282000000,-0.0236983174751
31292000000,-0.0164868315833
31301000000,-0.00855171258606
31311000000,-0.00162739712206
31321000000,0.00434766287799
31330000000,0.00944188750797
31347000000,0.0137282763836
31349000000,0.0172815605248
31361000000,0.0210930364343
31361000000,0.0251587364356
31382000000,0.0299610633153
31390000000,0.036109910654
31400000000,0.0415277705532
31410000000,0.0465225457139
31421000000,0.0519137707557
31431000000,0.0566126963239
31446000000,0.0606598168491
31448000000,0.0641010891774
31460000000,0.0685788741594
31467000000,0.0726332516734
31481000000,0.07612053569
31501000000,0.0790827438653
31501000000,0.0827480495189
31511000000,0.0859059841561
31519000000,0.0885920138061
31534000000,0.0909996134814
31539000000,0.0936086213415
31554000000,0.0958218921716
31557000000,0.0976736880136
31573000000,0.0991983988665
31580000000,0.100848242832
31587000000,0.102824961649
31593000000,0.104508577323
31610000000,0.105924671016
31620000000,0.107111201409
31631000000,0.108108943613
31642000000,0.108910868329
31650000000,0.109981761791
31660000000,0.111162300136
31670000000,0.112163970155
31681000000,0.113002968939
31691000000,0.11369534889
31702000000,0.114083085755
31709000000,0.1143456202
31720000000,0.11451906151
31729000000,0.114617798447
31742000000,0.114731208969
31749000000,0.114964754287
31762000000,0.115144146649
31771000000,0.115243755845
31781000000,0.115015931692
31787000000,0.114773777442
31800000000,0.114525283718
31812000000,0.114198494651
31818000000,0.113805376704
31832000000,0.113432276487
31856000000,0.113083215831
31856000000,0.112760730609
31867000000,0.112466047715
31873000000,0.111952368882
31883000000,0.111320583512
31891000000,0.110395055807
31901000000,0.10920679765
31901000000,0.108118466465
31921000000,0.107133065053
31931000000,0.106250594267
31942000000,0.10514601398
31952000000,0.103842588345
31963000000,0.102671889397
31972000000,0.101068458354
31981000000,0.0992585300216
31992000000,0.0976294790972
32010000000,0.0961792444951
32010000000,0.0949022373547
32021000000,0.0928534742369
32028000000,0.0909146257149
32035000000,0.0891898541883
32035000000,0.0876720585553
32062000000,0.0863511178184
32062000000,0.0852146876678
32062000000,0.0832999774858
32085000000,0.0807083749123
32103000000,0.0776088039055
32112000000,0.0748139190865
32118000000,0.0723212340392
32118000000,0.0701221968437
32134000000,0.0682036036876
32151000000,0.0660546473985
32165000000,0.0638590121875
32174000000,0.0619419235833
32174000000,0.0602874726888
32191000000,0.0577022000902
32196000000,0.0552752824845
32196000000,0.0531399284959
32196000000,0.051282090659
32214000000,0.048802072206
32235000000,0.0464011213715
32251000000,0.0437838784504
32261000000,0.0407289356702
32270000000,0.038015149312
32275000000,0.0356307442252
32275000000,0.032607121659
