%time,field
2000000,0.0
18000000,1.05760820689e-27
25000000,1.50890888071e-26
43000000,9.26955058624e-25
43000000,3.14958933436e-24
61000000,3.67812491038e-25
66000000,-2.61162040453e-27
72000000,-3.39267890673e-19
88000000,-1.05413831203e-18
97000000,-1.81190397741e-18
116000000,-2.60848360963e-18
116000000,-3.43681656545e-18
127000000,-4.28610729421e-18
133000000,-9.97164434744e-16
144000000,1.78971161609e-15
155000000,1.06077382372e-13
162000000,1.03389914047e-06
171000000,1.73399046475e-06
181000000,3.14869657317e-06
195000000,3.34200045702e-06
202000000,4.31718758422e-06
221000000,4.14058329625e-06
238000000,4.76236485487e-06
238000000,4.32989712614e-06
258000000,-0.000385629121013
258000000,-0.000853776357069
258000000,-0.00129377361533
272000000,-0.00170156199593
279000000,-0.00210394885267
291000000,-0.00247754263498
302000000,-0.00243815241542
312000000,-0.00213432022877
320000000,-0.001828516235
329000000,-0.00160513711622
343000000,-0.00156342486201
349000000,-0.00152318579604
362000000,-0.00148524299557
369000000,-0.00144956761114
380000000,-0.00113899230676
392000000,-0.000725454671782
398000000,-0.000341248607188
410000000,3.29920903783e-05
418000000,0.000422766971943
428000000,0.000781952970265
433000000,0.0011049508047
445000000,0.00139309201557
461000000,0.00164725544897
472000000,0.00169247330961
487000000,0.0016962094715
488000000,0.00168273846083
502000000,0.00158586462848
502000000,0.00147498453232
502000000,0.00136178778032
502000000,0.00124929971888
502000000,0.00113988878203
502000000,0.00103535058792
556000000,0.000936989450837
556000000,0.000838778740587
580000000,0.000741850993724
580000000,0.000653687562363
598000000,0.000574405579529
611000000,0.000501687624378
620000000,0.000436868926899
628000000,0.000378672565307
639000000,0.000328361095021
650000000,0.000285393514003
650000000,0.000249176616783
672000000,0.000212278739672
683000000,0.000178444238976
688000000,0.000150134983193
699000000,0.00011479351724
710000000,8.17029031152e-05
718000000,5.35581142302e-05
731000000,2.9892373073e-05
741000000,4.9479263877e-06
750000000,-2.82736153045e-05
756000000,-5.72130043295e-05
765000000,-8.21319381032e-05
780000000,-0.000292137354781
790000000,-0.00076361114644
795000000,-0.00120214745151
806000000,-0.00160491548377
820000000,-0.00214803637433
831000000,-0.00275845205105
836000000,-0.00331264044613
839000000,-0.00381012240938
839000000,-0.00426683726883
871000000,-0.00480523092823
877000000,-0.00528313290813
892000000,-0.00572062627717
900000000,-0.0061425282321
908000000,-0.00650888451109
918000000,-0.00682326759525
931000000,-0.00708965510648
941000000,-0.00729054726129
952000000,-0.00745088377297
959000000,-0.00757761365189
967000000,-0.00766864759416
980000000,-0.00767892371604
991000000,-0.0076714822748
999000000,-0.00765024419385
1008000000,-0.00761030280571
1019000000,-0.00749053377261
1031000000,-0.00737074029485
1039000000,-0.007253606582
1051000000,-0.00714118781779
1061000000,-0.00707251516644
1069000000,-0.00700895786716
1079000000,-0.0069507604736
1091000000,-0.0068980840475
1102000000,-0.00684833598871
1103000000,-0.00678139514629
1112000000,-0.00672120189523
1130000000,-0.00666766917508
1130000000,-0.00662057652798
1151000000,-0.00657085563822
1157000000,-0.00652163578078
1159000000,-0.00647867607342
1182000000,-0.00641427492593
1190000000,-0.00635019874137
1195000000,-0.00629343384016
1199000000,-0.00624369540528
1217000000,-0.00620059793227
1228000000,-0.00614166077029
1241000000,-0.00608736437099
1248000000,-0.00603988674342
1263000000,-0.00599881575064
1263000000,-0.00596370411856
1276000000,-0.00591868268676
1288000000,-0.0058695459341
1298000000,-0.00553814204945
1309000000,-0.00503759445913
1324000000,-0.00457412167998
1342000000,-0.00415024324241
1348000000,-0.00345327184712
1348000000,-0.00281598143318
1359000000,-0.00223999366206
1372000000,-0.00172519817083
1372000000,-0.00111690358305
1385000000,-0.000510112749279
1397000000,2.81079341772e-05
1408000000,0.00050022443993
1420000000,0.000909666198817
1429000000,0.00126054770472
1439000000,0.00169593962837
1445000000,0.00210820488129
1456000000,0.00246450920896
1471000000,0.00281410379873
1492000000,0.00317947328186
1492000000,0.00349418949727
1506000000,0.00376193644144
1513000000,0.00400518895362
1522000000,0.0042806046577
1529000000,0.00451553163825
1543000000,0.0047132928212
1551000000,0.00491616768772
1563000000,0.00509063462084
1572000000,0.0052353107892
1582000000,0.00536328048323
1594000000,0.00548160644327
1600000000,0.00557756951054
1614000000,0.0056537576973
1619000000,0.00571167764424
1630000000,0.00575089247106
1642000000,0.00577761617494
1652000000,0.00579389113755
1660000000,0.00580156659866
1667000000,0.00578875068328
1681000000,0.00576244220816
1694000000,0.00570730233453
1701000000,0.00564114070383
1713000000,0.00557691915043
1739000000,0.00551565793414
1739000000,0.00545809644496
1739000000,0.00540473682435
1751000000,0.00533438036508
1758000000,0.00524897893765
1774000000,0.00517097438017
1781000000,0.00510053636493
1791000000,0.00498683036505
1797000000,0.00488354357742
1810000000,0.00479077521656
1816000000,0.00465639777026
1831000000,0.00452952688236
1839000000,0.00441607374623
1851000000,0.00431572867177
1861000000,0.00419405991821
1870000000,0.00405323147333
1881000000,0.00392780900435
1881000000,0.003817328418
1895000000,0.00368342984634
1909000000,0.00354066974284
1917000000,0.00341438597644
1930000000,0.00330391206377
1941000000,0.00320183924491
1943000000,0.00305679869179
1957000000,0.0029284665942
1971000000,0.00281616730733
1979000000,0.0027190083302
1989000000,0.00273479240041
1998000000,0.00278213291982
2008000000,0.00283293729863
2017000000,0.00289254040967
2028000000,0.00297988714037
2037000000,0.00306391048828
2044000000,0.00314342239212
2051000000,0.00319566571082
2054000000,0.00304459316729
2077000000,0.00290094451567
2092000000,0.00276637421469
2100000000,0.00255661557438
2109000000,0.00227952262853
2116000000,0.00202445257853
2127000000,0.00179243691096
2140000000,0.00158377557435
2149000000,0.00128883414363
2166000000,0.0010228598579
2170000000,0.000785680303799
2179000000,0.000489871131248
2190000000,0.000216657525841
2201000000,-2.48589040332e-05
2201000000,-0.000235997845701
2201000000,-0.000424642706816
2201000000,-0.000642140109765
2237000000,-0.000831295898389
2237000000,-0.00099387371406
2237000000,-0.00113186312685
2237000000,-0.00128880589507
2279000000,-0.00144053708381
2290000000,-0.0015702248695
2302000000,-0.00171296008089
2312000000,-0.00183886108499
2320000000,-0.00194566848665
2329000000,-0.00203503291806
2341000000,-0.00212820995055
2352000000,-0.00221903661155
2364000000,-0.00229531888777
2371000000,-0.00235843393541
2382000000,-0.00241629202047
2389000000,-0.00247297747047
2403000000,-0.0025194572776
2412000000,-0.00255684836051
2422000000,-0.00258954503224
2431000000,-0.002622602458
2438000000,-0.00264898842974
2447000000,-0.0026695262141
2461000000,-0.0026849797292
2470000000,-0.00269606737427
2480000000,-0.00270346725646
2489000000,-0.0027077921869
2501000000,-0.00270879834947
2510000000,-0.00270081154936
2518000000,-0.00269171426685
2528000000,-0.00268194057094
2541000000,-0.00266192844919
2551000000,-0.00264006088361
2560000000,-0.00261921951763
2568000000,-0.00259965238025
2581000000,-0.00258152556071
2589000000,-0.00254941872431
2597000000,-0.00251597479693
2610000000,-0.00248541326976
2620000000,-0.00245563750875
2631000000,-0.00240995193496
2637000000,-0.00236843346027
2650000000,-0.00233112586591
2659000000,-0.00228980483328
2672000000,-0.00223441050938
2679000000,-0.00218452135686
2692000000,-0.00214008326892
2701000000,-0.00209814169453
2711000000,-0.00203610599494
2719000000,-0.00198053332415
2730000000,-0.00193128627391
2741000000,-0.00188524598075
2752000000,-0.00181911871948
2761000000,-0.00176013559512
2765000000,-0.00170810068921
2781000000,-0.00166270309153
2791000000,-0.0015910680672
2800000000,-0.00152709960234
2811000000,-0.00147067858799
2817000000,-0.00142017191039
2829000000,-0.00137460626138
2844000000,-0.00133553934829
2848000000,-0.0013024668906
2860000000,-0.00127485649255
2869000000,-0.00125379047813
2879000000,-0.00123739794835
2890000000,-0.00122472292587
2903000000,-0.00107254329587
2908000000,-0.000896259572531
2918000000,-0.000734307534682
2930000000,-0.000587276363112
2940000000,-0.000384304211335
2949000000,-0.00015423284291
2960000000,5.38323838651e-05
2970000000,0.000239899782711
2982000000,0.000419426810685
2993000000,0.000636838694476
3000000000,0.000830111029853
3008000000,0.00100003063539
3021000000,0.00114774757059
3032000000,0.00131258564798
3043000000,0.00146515588803
3053000000,0.00159698090869
3061000000,0.00173060108577
3069000000,0.00185403463
3077000000,0.00195936777998
3088000000,0.00204807957494
3096000000,0.00212969081036
3104000000,0.00220062543352
3119000000,0.00225879540153
3135000000,0.00230559769741
3192000000,0.00234238569217
3192000000,0.00237045525272
3192000000,0.00235566199814
3192000000,0.00219558901772
3192000000,0.00203856285848
3192000000,0.00188971838107
3203000000,0.00175066175324
3212000000,0.00157959090512
3220000000,0.00138261126433
3232000000,0.00121929341648
3237000000,0.00107239832759
3238000000,0.000941738453062
3260000000,0.000864863500119
3267000000,0.000804911048252
3277000000,0.00075609994031
3278000000,0.000717158741382
3278000000,0.000686865702464
3292000000,0.000672141968027
3318000000,0.000681724321887
3326000000,0.000695051336364
3342000000,0.000712860131666
3350000000,0.000748888612706
3362000000,0.000784741078041
3369000000,0.000819648906875
3379000000,0.000853028712462
3402000000,0.000900203535099
3402000000,0.000945891471191
3413000000,0.000992877578322
3422000000,0.00105492366942
3432000000,0.00111161619734
3440000000,0.00116281736323
3448000000,0.00121019377737
3459000000,0.00126706143004
3473000000,0.00131784243006
3479000000,0.00136264586283
3479000000,0.00140173291733
3494000000,0.00143758286753
3504000000,0.00148712530939
3519000000,0.00153079177706
3532000000,0.00156884836767
3542000000,0.00160769917027
3554000000,0.00169449245074
3559000000,0.0017731531888
3559000000,0.00184363996763
3578000000,0.00190801047617
3588000000,0.00198125625637
3600000000,0.00204604287757
3611000000,0.00210271020154
3620000000,0.0021428129513
3632000000,0.00217534162516
3637000000,0.00220196881725
3637000000,0.00222334797366
3660000000,0.00222644060172
3673000000,0.00221300515599
3683000000,0.00219787460918
3700000000,0.00218174226649
3712000000,0.00216517527593
3721000000,0.00214863154465
3721000000,0.00209809047742
3731000000,0.00204656774502
3738000000,0.00199851365001
3753000000,0.00195426630347
3762000000,0.00187513852083
3781000000,0.00179290773107
3784000000,0.00171791976583
3792000000,0.00168754328116
3801000000,0.00169857986198
3811000000,0.00173328246549
3820000000,0.00177716485338
3825000000,0.00181991024692
3836000000,0.00186079563119
3851000000,0.00189929250688
3862000000,0.00193208163218
3869000000,0.00196083332579
3905000000,0.00198679922663
3905000000,0.00203046343713
3905000000,0.00204833322232
3930000000,0.00206374144766
3930000000,0.0020736504378
3930000000,0.00206915245003
3952000000,0.00203742335489
3970000000,0.00177591451974
3970000000,0.00152989164952
3981000000,0.00130157428962
3989000000,0.00098478364935
3989000000,0.000624214171065
3990000000,0.000295107479793
4010000000,-0.000108718308068
4010000000,-0.000485666818963
4039000000,-0.000823388799532
4039000000,-0.00112264661803
4057000000,-0.00138489814793
4068000000,-0.00163361811898
4080000000,-0.00189725949214
4090000000,-0.00215817940446
4098000000,-0.00240551659852
4112000000,-0.00261944791485
4112000000,-0.00280226820187
4112000000,-0.00295648131671
4112000000,-0.00308469943134
4146000000,-0.00318956030294
4164000000,-0.00328256114106
4169000000,-0.00336049272224
4181000000,-0.00328127969579
4192000000,-0.00313725344542
4200000000,-0.00299399861465
4211000000,-0.00283334540396
4221000000,-0.00266629750534
4231000000,-0.00250936202434
4240000000,-0.00236390115672
4251000000,-0.00224566432601
4256000000,-0.00214543846774
4272000000,-0.00205648027438
4282000000,-0.00197839193218
4302000000,-0.00191061713579
4302000000,-0.00185840246245
4312000000,-0.00183869103306
4322000000,-0.00182521454726
4336000000,-0.00182320537455
4336000000,-0.00184995952482
4353000000,-0.00187823463201
4362000000,-0.0019070733189
4371000000,-0.00193570724206
4381000000,-0.00196808254965
4385000000,-0.00201666035934
4395000000,-0.00206224924746
4408000000,-0.00210445867629
4420000000,-0.00215395963011
4429000000,-0.00220985438572
4439000000,-0.00226062822564
4439000000,-0.00230622523803
4461000000,-0.00235677901821
4468000000,-0.0024116097248
4474000000,-0.00246045979001
4491000000,-0.0025054098021
4499000000,-0.00256146398266
4511000000,-0.0026111529677
4519000000,-0.00265470899404
4533000000,-0.00269245469077
4541000000,-0.00264740450116
4552000000,-0.00260182152441
4553000000,-0.00255701958076
4566000000,-0.00249916413462
4578000000,-0.00238724444288
4589000000,-0.00228248785682
4602000000,-0.00218572437311
4602000000,-0.00209742542354
4620000000,-0.00201777170317
4632000000,-0.00191184882604
4642000000,-0.00178236751587
4649000000,-0.00166534862559
4659000000,-0.00152832233114
4671000000,-0.00137374399295
4681000000,-0.00123498018833
4688000000,-0.00111178498351
4697000000,-0.000971781390777
4712000000,-0.000816523482982
4717000000,-0.000678713235689
4717000000,-0.000557734193571
4736000000,-0.000441117387412
4751000000,-0.000294018287266
4758000000,-0.000164326775961
4771000000,-5.12568454009e-05
4781000000,8.72222610957e-05
4789000000,0.000218748495864
4797000000,0.000333562055175
4798000000,0.000432632347643
4820000000,0.000536723909636
4831000000,0.00065496353906
4835000000,0.000757922212933
4835000000,0.000846540415343
4859000000,0.000921878153718
4873000000,0.00100989506144
4882000000,0.00109580950889
4892000000,0.0011801500863
4900000000,0.00127674166703
4910000000,0.00136085585345
4922000000,0.0014332576962
4938000000,0.00149481345613
4951000000,0.00154644272184
4960000000,0.00158909320754
4961000000,0.001641819371
4971000000,0.00168633040846
4979000000,0.00172336818494
4987000000,0.0017731495681
5000000000,0.0018178963724
5000000000,0.00185592302223
5001000000,0.00188780150239
5031000000,0.00191411437482
5042000000,0.0019420208678
5051000000,0.00187598174746
5059000000,0.00175301853196
5068000000,0.00163593593164
5068000000,0.00152610769068
5076000000,0.00142445329122
5100000000,0.00131032511836
5111000000,0.00119755450082
5116000000,0.00109571216939
5129000000,0.00100476057116
5139000000,0.000932932616
5148000000,0.000874316914216
5162000000,0.000824478779351
5170000000,0.000790989547489
5180000000,0.000776428746845
5189000000,0.00076704450952
5201000000,0.000761948192297
5211000000,0.000760345035453
5220000000,0.000776367375063
5229000000,0.000803316813711
5241000000,0.000830287006935
5251000000,0.000856666467707
5259000000,0.000892051966035
5266000000,0.000940154180752
5277000000,0.000985021498969
5285000000,0.00102633628979
5285000000,0.00106392480902
5285000000,0.00110782816056
5323000000,0.0012358994895
5333000000,0.00136489817302
5342000000,0.00152437244273
5347000000,0.00167006232881
5361000000,0.00180162693804
5370000000,0.00191911278811
5381000000,0.00202286907969
5386000000,0.00212109347515
5400000000,0.00221142007383
5400000000,0.00228939884005
5421000000,0.00235317395354
5430000000,0.00240037660068
5442000000,0.00243858518061
5448000000,0.00246884454501
5455000000,0.0024921570342
5461000000,0.00250283093352
5483000000,0.00250804590614
5492000000,0.00250945640305
5504000000,0.00251448684289
5509000000,0.00251957879314
5519000000,0.00252226228132
5530000000,0.00252298083048
5541000000,0.00252628756447
5554000000,0.00253428278404
5569000000,0.00254070166806
5571000000,0.00254573215077
5580000000,0.00255126818602
5590000000,0.00255816652051
5598000000,0.00256389471541
5615000000,0.00256856897905
5622000000,0.00257106536744
5628000000,0.00257198652837
5652000000,0.00257233204673
5652000000,0.00257220767565
5667000000,0.00257170639418
5673000000,0.00257090996093
5701000000,0.00256197583545
5701000000,0.00255140819196
5709000000,0.00254142007001
5712000000,0.00253211161942
5721000000,0.00228888115575
5732000000,0.00191297356981
5739000000,0.00144371093631
5748000000,0.00100998096625
5762000000,0.000613975869122
5771000000,0.00025657325387
5779000000,-0.000111823459307
5792000000,-0.000471973455116
5799000000,-0.000790969432077
5812000000,-0.00107039783989
5820000000,-0.00134810282114
5833000000,-0.00160387221167
5836000000,-0.00182407663053
5849000000,-0.00201131935617
5858000000,-0.00218661653779
5870000000,-0.00235131098956
5881000000,-0.00248925832098
5887000000,-0.00260304174665
5897000000,-0.00269522913562
5907000000,-0.00278306670862
5920000000,-0.0028549713011
5920000000,-0.00291133619247
5933000000,-0.00295419572131
5951000000,-0.00298545357426
5960000000,-0.00300926839873
5970000000,-0.00302570365272
5983000000,-0.00303511148258
5990000000,-0.00303465664913
5996000000,-0.00302882464409
6009000000,-0.00301971423837
6020000000,-0.00300822337206
6026000000,-0.00299511288931
6040000000,-0.00297545762259
6045000000,-0.0029428387821
6058000000,-0.00287440591998
6069000000,-0.00272575744587
6076000000,-0.00258668558882
6089000000,-0.00245455364961
6102000000,-0.00231942010417
6110000000,-0.00219692898107
6122000000,-0.00208713896265
6131000000,-0.00198981081076
6141000000,-0.00190447864353
6150000000,-0.00183712362472
6158000000,-0.00178274277307
6172000000,-0.00173877357937
6179000000,-0.00171403190593
6186000000,-0.001695833464
6200000000,-0.00168319486787
6210000000,-0.00168272421614
6219000000,-0.0016874807876
6230000000,-0.00169472996037
6240000000,-0.00170377636237
6240000000,-0.00171403477957
6260000000,-0.00172501559866
6260000000,-0.00173631747356
6282000000,-0.00174761732594
6288000000,-0.00172597070133
6299000000,-0.00169786751106
6307000000,-0.00164655304749
6321000000,-0.00157429759416
6332000000,-0.0014877089222
6340000000,-0.00138878208063
6351000000,-0.00129841214448
6364000000,-0.00121680740391
6364000000,-0.00114393482414
6364000000,-0.00107956898161
6388000000,-0.00102334394681
6398000000,-0.000962797695812
6411000000,-0.00088281862546
6421000000,-0.000768286525546
6430000000,-0.00066037491127
6443000000,-0.000564012738597
6451000000,-0.000478904517511
6462000000,-0.000390682167346
6471000000,-0.000299901223603
6482000000,-0.000220338637204
6490000000,-0.000151402945992
6501000000,-9.23870307849e-05
6509000000,-0.000176844688748
6517000000,-0.000261473516907
6531000000,-0.000344335569253
6538000000,-0.000423949007606
6552000000,-0.000525186278073
6563000000,-0.000626202125365
6570000000,-0.000719438414201
6580000000,-0.000797564536015
6592000000,-0.000867705894056
6600000000,-0.000929993628292
6608000000,-0.000984695288578
6621000000,-0.00102645590619
6629000000,-0.00104877305136
6659000000,-0.00106606026892
6659000000,-0.0010789965235
6660000000,-0.00108821278666
6671000000,-0.00107995932364
6681000000,-0.00106063110451
6693000000,-0.000873110485266
6696000000,-0.000625573372311
6697000000,-0.000394320893133
6718000000,-0.000181081209647
6731000000,0.00011197941892
6742000000,0.000421113477277
6751000000,0.00070179387287
6761000000,0.000953767586145
6771000000,0.0011774773881
6783000000,0.00145382781638
6790000000,0.00169942120111
6801000000,0.00191527478901
6804000000,0.00210286160864
6820000000,0.00226752985229
6830000000,0.00243971842083
6841000000,0.00258736039199
6851000000,0.00271396435299
6857000000,0.00283447749867
6869000000,0.00293536954491
6881000000,0.0030185385672
6890000000,0.00308588124013
6900000000,0.00314131243784
6909000000,0.00320317957646
6921000000,0.00325320780725
6931000000,0.003292777353
6940000000,0.00320812238594
6948000000,0.00312256345024
6948000000,0.0030382072361
6972000000,0.00295668450338
6981000000,0.00286357662096
6989000000,0.00277464263112
7001000000,0.00269238919255
7012000000,0.00261970756815
7023000000,0.00256378172434
7032000000,0.00251435152683
7039000000,0.00247114386756
7040000000,0.00243380142024
7059000000,0.00240664267975
7069000000,0.00239496969709
7077000000,0.00238686083383
7089000000,0.00238551281682
7108000000,0.00239498866157
7113000000,0.00240568015911
7121000000,0.00241708406738
7130000000,0.00243589089544
7138000000,0.00245503518979
7139000000,0.00247335643324
7160000000,0.00249061640932
7170000000,0.00250665128885
7182000000,0.00249003066054
7191000000,0.00242751667591
7201000000,0.0023686026603
7211000000,0.00231384202103
7220000000,0.00221999953782
7234000000,0.00210510234828
7242000000,0.00199964633104
7251000000,0.00190398540249
7260000000,0.00178076694805
7270000000,0.0016451442126
7276000000,0.00152291724545
7291000000,0.00140136267335
7303000000,0.00124333833621
7312000000,0.00110157123027
7319000000,0.000975786023522
7331000000,0.000865404595615
7341000000,0.000764537566262
7351000000,0.000632999016442
7358000000,0.000517122142379
7371000000,0.000416187645814
7381000000,0.000292590579947
7389000000,0.000168861023417
7399000000,6.04962079407e-05
7399000000,-3.33395282365e-05
7422000000,-0.000140864904534
7432000000,-0.000245662901951
7432000000,-0.000336527157972
7451000000,-0.000378437001069
7461000000,-0.000270391705249
7470000000,-0.000162421264934
7485000000,-5.69329827498e-05
7495000000,4.42324508735e-05
7498000000,0.000161294304901
7513000000,0.000284488480433
7522000000,0.000398148791321
7538000000,0.000490386623143
7542000000,0.000570287672719
7555000000,0.000640968918047
7563000000,0.000702796450868
7573000000,0.000733351675018
7582000000,0.000549827141545
7590000000,0.000373359031392
7594000000,0.000206410466649
7610000000,5.07010807757e-05
7623000000,-9.26702966952e-05
7632000000,-0.00022311216657
7644000000,-0.000462221970947
7652000000,-0.000694210934012
7662000000,-0.000954554403643
7671000000,-0.00126333909927
7681000000,-0.00154275017536
7690000000,-0.00179276285683
7701000000,-0.00203331763463
7708000000,-0.00224979979198
7721000000,-0.002438558271
7731000000,-0.00260582481076
7741000000,-0.00275533228696
7751000000,-0.00288193355612
7762000000,-0.00298765085106
7773000000,-0.00306942900206
7782000000,-0.00312725217527
7789000000,-0.00317108770237
7799000000,-0.00320290760465
7811000000,-0.00322454003308
7821000000,-0.00311381740359
7828000000,-0.00300359421731
7841000000,-0.00289623020206
7850000000,-0.00279352163442
7862000000,-0.00268835448223
7870000000,-0.00258233669466
7880000000,-0.00248481550599
7887000000,-0.00239616933964
7899000000,-0.00232085693945
7909000000,-0.00226419147254
7918000000,-0.00221517044406
7920000000,-0.00217326788263
7940000000,-0.00214306318806
7950000000,-0.00213021960462
7951000000,-0.00212164564813
7966000000,-0.00211662445787
7976000000,-0.00212163627983
7996000000,-0.00213353444841
7996000000,-0.00214649677518
8012000000,-0.00215997402765
8018000000,-0.00218130683708
8028000000,-0.00220194228584
8037000000,-0.00222156232788
8050000000,-0.00223993665266
8061000000,-0.00225820700787
8063000000,-0.00227577641254
8082000000,-0.00229168025544
8094000000,-0.00230591578186
8114000000,-0.00231851622634
8114000000,-0.00232954326306
8114000000,-0.00233907788139
8129000000,-0.00226186582658
8141000000,-0.00213298506748
8151000000,-0.00201220981596
8162000000,-0.00178330637682
8171000000,-0.00157117858315
8180000000,-0.00125862065586
8191000000,-0.000971745008464
8201000000,-0.000711521231925
8211000000,-0.000478122888446
8219000000,-0.000228709985205
8231000000,-7.2783174006e-06
8231000000,0.000187136299015
8253000000,0.000355906101367
8253000000,0.000500688415086
8272000000,0.000623333816699
8282000000,0.000753467881594
8289000000,0.000875308502325
8300000000,0.00101654966403
8310000000,0.0011424579878
8321000000,0.00125002392253
8331000000,0.00134639374916
8341000000,0.00144000218391
8348000000,0.0015186804896
8359000000,0.00158383048145
8372000000,0.0016368604928
8380000000,0.00160103662217
8389000000,0.0014462225938
8397000000,0.00129560461297
8405000000,0.00115166719648
8420000000,0.000980597433144
8427000000,0.000817541615759
8430000000,0.000667653196911
8444000000,0.000531492505982
8464000000,0.000421088702316
8470000000,0.000324916387419
8480000000,0.000241043902261
8486000000,0.000168747004781
8503000000,0.000119685468723
8511000000,9.19042148429e-05
8521000000,7.14286641885e-05
8531000000,5.71631531971e-05
8537000000,5.91996720487e-05
8550000000,8.11033838346e-05
8573000000,0.000104759619738
8573000000,0.000129269118073
8582000000,0.000173384649752
8590000000,0.000386690509903
8601000000,0.000587375277995
8611000000,0.000784798421549
8621000000,0.0010673879467
8631000000,0.00132696492344
8640000000,0.00156259527867
8651000000,0.00177407586517
8660000000,0.00196178788118
8671000000,0.00216351656259
8685000000,0.00235670090706
8692000000,0.00252935727036
8700000000,0.00269220586389
8709000000,0.00283294588272
8717000000,0.00295310750501
8730000000,0.00305435846144
8740000000,0.0031243526135
8749000000,0.0031797360011
8759000000,0.00322239587523
8768000000,0.00325407147143
8775000000,0.00322400556719
8792000000,0.00316730393359
8801000000,0.00310900927972
8810000000,0.00305075983327
8821000000,0.00299118923485
8828000000,0.0029323740757
8836000000,0.00287689903134
8849000000,0.00282529376118
8867000000,0.00278342566929
8869000000,0.0027536896275
8880000000,0.00272747403961
8880000000,0.00270461883759
8901000000,0.00268846013077
8910000000,0.0026831808518
8916000000,0.00267983650921
8916000000,0.00267808684841
8937000000,0.00267859240263
8948000000,0.00268389175354
8959000000,0.00268968352051
8971000000,0.00269573403256
8981000000,0.00271452164861
8991000000,0.00273554811072
8993000000,0.00275529895722
8996000000,0.00277359379944
9021000000,0.00268360253705
9030000000,0.00252815511307
9038000000,0.00238277469551
9046000000,0.00224858369362
9060000000,0.00201669377731
9069000000,0.00177673685993
9081000000,0.00155791883573
9086000000,0.00136065113779
9097000000,0.00114568519766
9104000000,0.000896685218609
9120000000,0.000673746353169
9130000000,0.000476337803309
9142000000,0.000249449827069
9152000000,2.64214351564e-05
9158000000,-0.000169878285222
9170000000,-0.000340721866788
9180000000,-0.000529866558684
9191000000,-0.000711989239172
9203000000,-0.000869886805732
9212000000,-0.00101266333155
9222000000,-0.00116392926992
9231000000,-0.00129387600903
9238000000,-0.00140411463973
9253000000,-0.00149634206349
9260000000,-0.00160178777969
9270000000,-0.00169412431475
9276000000,-0.0017714133444
9291000000,-0.00183511842041
9300000000,-0.00189875109187
9305000000,-0.00195094179588
9317000000,-0.00199293880177
9317000000,-0.00202595210492
9318000000,-0.00205114240098
9318000000,-0.0020696010249
9369000000,-0.00195652959516
9373000000,-0.00179362993743
9373000000,-0.00163867227108
9389000000,-0.0014366097425
9402000000,-0.00122511027506
9410000000,-0.00103058245069
9422000000,-0.000867535100222
9430000000,-0.000752880227241
9442000000,-0.000653057797007
9452000000,-0.000601090038347
9460000000,-0.000563648780952
9469000000,-0.000535437773295
9481000000,-0.000515128564419
9491000000,-0.000508667736215
9503000000,-0.000535297151434
9512000000,-0.000564302455377
9520000000,-0.000594532587109
9523000000,-0.000625054509301
9541000000,-0.000791110975008
9547000000,-0.000947884821007
9559000000,-0.00109382958928
9559000000,-0.00122797132457
9559000000,-0.00134981019166
9585000000,-0.00146814213945
9598000000,-0.00165186700981
9598000000,-0.00181840791533
9619000000,-0.0019760646008
9626000000,-0.00215015375612
9637000000,-0.00230538201156
9637000000,-0.00244216875398
9665000000,-0.00256372022626
9668000000,-0.00267204777068
9680000000,-0.00276466678913
9692000000,-0.00284156282507
9701000000,-0.00289431736636
9713000000,-0.00293600752986
9721000000,-0.00296804214007
9731000000,-0.00297595766122
9736000000,-0.00296232263937
9749000000,-0.00294474782906
9759000000,-0.00292445695632
9768000000,-0.00290247617117
9769000000,-0.0028796520325
9788000000,-0.00285855991802
9798000000,-0.00283958118807
9811000000,-0.00282365732948
9821000000,-0.00281410705048
9831000000,-0.00280509877445
9836000000,-0.00279671783437
9837000000,-0.00278901564748
9843000000,-0.00278480129161
9862000000,-0.00278228678305
9879000000,-0.00278019701673
9891000000,-0.00277848376839
9901000000,-0.00277461094037
9914000000,-0.00277118174022
9917000000,-0.00276817674835
9931000000,-0.00276557010689
9931000000,-0.0027633276293
9951000000,-0.00271973842026
9954000000,-0.00251647129528
9959000000,-0.00232622410644
9974000000,-0.0021505028993
9974000000,-0.00191121490788
10000000000,-0.00161536944787
10011000000,-0.00134528672023
10021000000,-0.00100402635322
10031000000,-0.000683599337675
10041000000,-0.000396112333769
10044000000,-0.000141029736996
10045000000,8.27962596478e-05
10066000000,0.000319540976855
10080000000,0.000567539800446
10090000000,0.000784514638678
10101000000,0.00101009654516
10112000000,0.00122195716764
10115000000,0.00140512909127
10131000000,0.00156157956534
10131000000,0.00169346610098
10149000000,0.00184334903981
10154000000,0.00197542527127
10154000000,0.00208664783592
10179000000,0.00219873587165
10191000000,0.00229478922916
10202000000,0.00237426426348
10211000000,0.00243889011559
10219000000,0.0024903640155
10238000000,0.00254345688251
10250000000,0.00258721345418
10278000000,0.00262144977684
10278000000,0.00266626940586
10278000000,0.0026790926336
10298000000,0.00268687207418
10298000000,0.00269052862196
10298000000,0.00269089423837
10336000000,0.00254315335839
10336000000,0.00238638844195
10342000000,0.00222411612003
10352000000,0.00201403884167
10362000000,0.00182014096759
10371000000,0.00166377938341
10382000000,0.00154356074816
10390000000,0.00143801409747
10412000000,0.00134639007027
10416000000,0.00126778653416
10424000000,0.0012012000773
10425000000,0.00116720052572
10435000000,0.00115094967422
10449000000,0.00114145410069
10464000000,0.00113976599502
10473000000,0.00116231761585
10478000000,0.00118699293287
10493000000,0.00121859064769
10507000000,0.00130103735181
10514000000,0.00137964448863
10523000000,0.00145346348828
10532000000,0.00152366533456
10541000000,0.00160382099556
10551000000,0.00167689873516
10562000000,0.00174275908711
10568000000,0.00180145449024
10579000000,0.00183557075355
10589000000,0.0018567335435
10597000000,0.00187331075507
10608000000,0.0018858976861
10614000000,0.00187952853319
10618000000,0.00185603699002
10637000000,0.00183210653118
10638000000,0.00180836433029
10655000000,0.00176694843321
10658000000,0.00170934877072
10670000000,0.00165545162739
10680000000,0.00160567350401
10698000000,0.00160375601056
10710000000,0.00162186589812
10719000000,0.0016402903142
10731000000,0.00165854936895
10741000000,0.00169768202854
10750000000,0.00173468491461
10758000000,0.00176917389121
10771000000,0.00180090478429
10780000000,0.00182975528844
10788000000,0.00185669687352
10796000000,0.00188217152666
10811000000,0.0019046976319
10819000000,0.00191644907987
10828000000,0.00192597572861
10850000000,0.00193354805615
10851000000,0.00193941414281
10857000000,0.00194380771042
10869000000,0.00194694201953
10879000000,0.00194901099647
10888000000,0.00194383836224
10902000000,0.00192902312113
10908000000,0.00191460999535
10919000000,0.00170008826365
10924000000,0.00144952014377
10941000000,0.00121672310465
10950000000,0.000785081257005
10958000000,0.000362890478884
10959000000,-2.28129663422e-05
10980000000,-0.000378713043773
10989000000,-0.00076335275273
10997000000,-0.00110709242927
11006000000,-0.00141089836462
11022000000,-0.0016926574596
11032000000,-0.0019742600881
11042000000,-0.00221891347156
11049000000,-0.00242897474336
11061000000,-0.00261789023741
11069000000,-0.00278751595156
11086000000,-0.00292940411598
11088000000,-0.00304625191962
11088000000,-0.0031407510649
11115000000,-0.00321552520751
11118000000,-0.00327900597249
11132000000,-0.00332701074631
11141000000,-0.00335516847352
11149000000,-0.00337264762717
11161000000,-0.00338131486367
11168000000,-0.00331821446827
11179000000,-0.00315879297653
11192000000,-0.00300522481409
11202000000,-0.00285970659561
11209000000,-0.00270684369127
11220000000,-0.00255457777881
11227000000,-0.00241530622771
11236000000,-0.00228938868354
11249000000,-0.00217681165486
11260000000,-0.00354695319241
11272000000,-0.00627490944445
11280000000,-0.00882571592527
11289000000,-0.0111797800567
11300000000,-0.0167463462418
11311000000,-0.0227292272643
11320000000,-0.0282150756029
11323000000,-0.0331863844423
11340000000,-0.0376408606615
11349000000,-0.0452018248309
11361000000,-0.0529383700186
11370000000,-0.0599097837422
11382000000,-0.0687148389944
11394000000,-0.0783130033404
11398000000,-0.0869254899467
11411000000,-0.0945682444974
11418000000,-0.103120602764
11427000000,-0.112474401784
11438000000,-0.120761204448
11450000000,-0.128021498905
11458000000,-0.135851506881
11472000000,-0.143684633526
11479000000,-0.150514868652
11492000000,-0.156401572914
11498000000,-0.161954351052
11510000000,-0.167904589727
11520000000,-0.173015832051
11521000000,-0.17735130669
11546000000,-0.180977981052
11551000000,-0.183964435454
11570000000,-0.187143666701
11589000000,-0.189771561497
11589000000,-0.191906228555
11592000000,-0.193604308663
11596000000,-0.194859597055
11612000000,-0.195641846698
11622000000,-0.19558574016
11632000000,-0.195338928364
11652000000,-0.194946867386
11652000000,-0.19444931034
11660000000,-0.193621653683
11671000000,-0.190501980281
11682000000,-0.187516107394
11692000000,-0.184701697731
11704000000,-0.179924497136
11711000000,-0.175257247126
11718000000,-0.170975389287
11727000000,-0.167093487564
11742000000,-0.160530223224
11753000000,-0.153795136836
11759000000,-0.147697509885
11759000000,-0.142238054871
11778000000,-0.13608876177
11790000000,-0.128695886467
11813000000,-0.122079500004
11813000000,-0.116223231016
11831000000,-0.111097061825
11831000000,-0.106660216568
11842000000,-0.100470514523
11853000000,-0.0902011055249
11862000000,-0.0795434644265
11871000000,-0.069962819391
11882000000,-0.06144585817
11895000000,-0.0514272452137
11900000000,-0.0414808274406
11910000000,-0.0326891639039
11922000000,-0.0250038416854
11933000000,-0.0164081203277
11942000000,-0.00763070887163
11952000000,4.074796552e-05
11962000000,0.00666864461041
11972000000,0.0136353057506
11981000000,0.0215483239093
11989000000,0.0284460546095
12003000000,0.034389708337
12009000000,0.0412283929754
12018000000,0.0488846303895
12030000000,0.0555765265239
12041000000,0.0613583829021
12053000000,0.0662943158162
12053000000,0.0704535771998
12064000000,0.0739079366896
12074000000,0.0788042420174
12092000000,0.0841610489173
12098000000,0.0909132974942
12109000000,0.0968750586857
12109000000,0.102080708954
12130000000,0.106906529848
12140000000,0.112345640582
12151000000,0.117076034819
12166000000,0.121140712964
12167000000,0.124588905052
12184000000,0.128634114269
12198000000,0.13286494951
12212000000,0.136515253674
12224000000,0.139626299803
12224000000,0.142242723772
12243000000,0.144409759587
12243000000,0.14617308903
12252000000,0.148683392049
12262000000,0.151787969391
12270000000,0.154485271499
12295000000,0.156801132214
12295000000,0.158764463855
12295000000,0.16040532172
12310000000,0.161754226961
12322000000,0.162966414084
12329000000,0.163937792493
12338000000,0.164662726752
12338000000,0.165208087082
12355000000,0.165599537314
12370000000,0.165745846917
12379000000,0.165342445672
12385000000,0.164883773926
12399000000,0.164391395389
12410000000,0.163765446015
12422000000,0.16209365341
12432000000,0.160482695029
12439000000,0.158973747386
12451000000,0.157578263614
12458000000,0.155985888601
12472000000,0.153814086226
12484000000,0.151830645839
12487000000,0.150039903601
12501000000,0.148440842908
12509000000,0.14634537949
12527000000,0.143457619004
12531000000,0.140846394911
12531000000,0.138511264586
12549000000,0.135175715677
12557000000,0.131643988481
12557000000,0.128476158196
12580000000,0.124123019378
12592000000,0.119830792892
12601000000,0.115994113408
12612000000,0.112602070666
12619000000,0.108796547226
12631000000,0.104215120608
12641000000,0.100140304456
12649000000,0.0965556405013
12662000000,0.093020142893
12672000000,0.0883206982123
12681000000,0.084153243565
12689000000,0.0795649601532
12690000000,0.0741528498388
12710000000,0.0693413985337
12721000000,0.0651107170096
12736000000,0.0608126533381
12750000000,0.0556117548759
12760000000,0.0510031384494
12770000000,0.0469798618168
12772000000,0.0435077558961
12780000000,0.0405473875608
12790000000,0.0371306625125
12801000000,0.0332919670096
12809000000,0.0299538476781
12820000000,0.0270850421454
12830000000,0.0243887045735
12842000000,0.0197334429735
12851000000,0.0155979055643
12861000000,0.0104477692136
12868000000,0.00487907460382
12883000000,-7.83508282527e-05
12892000000,-0.00444283553466
12893000000,-0.00844293188279
12909000000,-0.013659250963
12918000000,-0.0182644398575
12929000000,-0.0226452221044
12942000000,-0.0278577564383
12950000000,-0.0324486833684
12962000000,-0.0364466082848
12972000000,-0.039887702168
12982000000,-0.0428129946055
12991000000,-0.0452667039427
13001000000,-0.0490991792524
13011000000,-0.0538294075424
13020000000,-0.0585952937046
13030000000,-0.0628015104417
13042000000,-0.0664724290271
13050000000,-0.070177965009
13061000000,-0.0739087501132
13068000000,-0.0771414987646
13073000000,-0.0799095579152
13073000000,-0.0822495463255
13090000000,-0.084301520904
13107000000,-0.0868914255005
13112000000,-0.0891072985373
13112000000,-0.0909789661196
13135000000,-0.0925377403085
13138000000,-0.0944971835976
13156000000,-0.0961650332639
13171000000,-0.097808562877
13182000000,-0.0997483271166
13191000000,-0.101420633011
13199000000,-0.102844802326
13211000000,-0.104041762769
13215000000,-0.105032940964
13226000000,-0.105839831702
13241000000,-0.106483182926
13248000000,-0.106983003659
13259000000,-0.107591964159
13270000000,-0.108326498002
13283000000,-0.10915741651
13289000000,-0.109934830353
13300000000,-0.110696457461
13308000000,-0.111345410892
13323000000,-0.111890777338
13329000000,-0.112342221788
13337000000,-0.112709499375
13350000000,-0.113002326814
13359000000,-0.11331177823
13376000000,-0.11356732034
13376000000,-0.113765255046
13398000000,-0.113915764065
13398000000,-0.114025440646
13409000000,-0.114063786881
13412000000,-0.113991980889
13440000000,-0.113903944694
13447000000,-0.1138050818
13458000000,-0.113699885992
13466000000,-0.113565543873
13469000000,-0.113330088194
13496000000,-0.11310519457
13496000000,-0.112893648882
13501000000,-0.112653191326
13515000000,-0.112044478934
13523000000,-0.111479255868
13523000000,-0.110960906528
13541000000,-0.110272279235
13552000000,-0.109432106092
13559000000,-0.108667851422
13572000000,-0.107797852706
13580000000,-0.106593357948
13593000000,-0.105500700467
13594000000,-0.104520618292
13610000000,-0.103651201774
13620000000,-0.102308372426
13620000000,-0.101038852547
13643000000,-0.0999076110191
13652000000,-0.0989106086601
13659000000,-0.0977052770997
13671000000,-0.0963123610267
13681000000,-0.0950743581578
13691000000,-0.0939861842076
13702000000,-0.0925218221243
13722000000,-0.0910051880452
13725000000,-0.0896608017159
13725000000,-0.0884822204105
13743000000,-0.0874606567108
13751000000,-0.0831973119066
13761000000,-0.0792746639015
13771000000,-0.0726900316494
13780000000,-0.0646843365649
13790000000,-0.0573626972092
13802000000,-0.0507440569196
13806000000,-0.0422424945921
13834000000,-0.0320605749046
13834000000,-0.0228688921482
13834000000,-0.0146634821657
13851000000,-0.00741907366517
13861000000,0.00365440426543
13871000000,0.0135737543714
13882000000,0.0223613770629
13889000000,0.032073018219
13896000000,0.0425964788531
13911000000,0.0518994439828
13921000000,0.060032157924
13929000000,0.0670604532988
13941000000,0.0730608410698
13951000000,0.0781166160929
13962000000,0.0837230055075
13971000000,0.089848419381
13982000000,0.0976538899534
13990000000,0.104781829329
14002000000,0.110987306384
14011000000,0.116326551244
14019000000,0.121398460089
14030000000,0.125834331051
14046000000,0.129561383031
14055000000,0.132646242086
14063000000,0.135155771707
14073000000,0.137096228094
14099000000,0.138458467788
14099000000,0.139445472523
14099000000,0.140114247233
14113000000,0.140517247503
14121000000,0.139878925203
14133000000,0.138349546555
14142000000,0.135247426609
14152000000,0.132244680296
14159000000,0.129386966296
14169000000,0.126707020519
14181000000,0.124227097874
14190000000,0.120134767076
14201000000,0.115926034535
14211000000,0.112088613775
14219000000,0.106031832476
14220000000,0.100506999425
14238000000,0.0955245502105
14250000000,0.0910808392583
14259000000,0.0871618495371
14268000000,0.0837441768672
14281000000,0.0769812668838
14289000000,0.0693972589531
14303000000,0.0592345559978
14304000000,0.0500219377857
14323000000,0.0417640222366
14332000000,0.0329723330849
14341000000,0.0230194799917
14349000000,0.0141553999569
14361000000,0.00634737642438
14371000000,-0.000454617413444
14381000000,-0.00887443741606
14392000000,-0.0169781954961
14401000000,-0.0240583877585
14411000000,-0.0301724673045
14417000000,-0.0372685487238
14431000000,-0.0461777529172
14440000000,-0.0540421165274
14448000000,-0.0609075339987
14461000000,-0.0668325063425
14473000000,-0.0718834463784
14483000000,-0.0761314046257
14491000000,-0.0825887893008
14498000000,-0.0912244906131
14508000000,-0.101160223087
14519000000,-0.110027261912
14531000000,-0.119070274574
14539000000,-0.128824475819
14551000000,-0.137447920558
14558000000,-0.144986851537
14571000000,-0.151502219461
14579000000,-0.15953802492
14579000000,-0.166818509024
14579000000,-0.173118946694
14612000000,-0.179757035928
14619000000,-0.186698689718
14632000000,-0.192714115986
14632000000,-0.197864737461
14647000000,-0.202218830451
14659000000,-0.207372878503
14659000000,-0.211786810897
14679000000,-0.215515190383
14693000000,-0.218618928299
14700000000,-0.222284416417
14705000000,-0.226121999405
14721000000,-0.229396504106
14731000000,-0.232213107973
14736000000,-0.235071412773
14750000000,-0.23747397331
14760000000,-0.239462984415
14767000000,-0.241845256815
14785000000,-0.244038718747
14791000000,-0.24587956417
14801000000,-0.247401660365
14810000000,-0.248638560484
14821000000,-0.249623017103
14821000000,-0.250375601544
14842000000,-0.250895244463
14852000000,-0.251268136808
14861000000,-0.251514128851
14870000000,-0.251646711478
14880000000,-0.251686981608
14891000000,-0.25142243457
14901000000,-0.250776192919
14906000000,-0.250122423724
14922000000,-0.249476908492
14931000000,-0.248509908291
14940000000,-0.247247620434
14941000000,-0.246067304605
14959000000,-0.244977878162
14971000000,-0.243984332577
14981000000,-0.243088135371
14989000000,-0.241946677975
14996000000,-0.240419602055
15009000000,-0.239035893113
15018000000,-0.237796066445
15030000000,-0.23542724879
15034000000,-0.233270911844
15051000000,-0.231330021741
15060000000,-0.228631555404
15070000000,-0.225791873357
15080000000,-0.223240257904
15102000000,-0.220972596538
15103000000,-0.21897923721
15103000000,-0.214576162678
15128000000,-0.208840710805
15131000000,-0.201157183247
15136000000,-0.190496093168
15151000000,-0.180745122015
15162000000,-0.171929557586
15162000000,-0.164048262815
15176000000,-0.157079490492
15176000000,-0.148385171157
15203000000,-0.136868727879
15211000000,-0.123860209355
15221000000,-0.108264377856
15222000000,-0.0942119727585
15237000000,-0.0816902272094
15251000000,-0.0661155270301
15259000000,-0.0511254843067
15270000000,-0.0378491454406
15280000000,-0.0262207853111
15295000000,-0.0161515245842
15301000000,-0.0060753963809
15313000000,0.00589807372344
15334000000,0.0163504836618
15334000000,0.0253701605976
15341000000,0.034604326373
15352000000,0.0447852722865
15368000000,0.0536141838824
15376000000,0.0611798388413
15385000000,0.0675805672568
15401000000,0.0748081140421
15405000000,0.0821941170839
15412000000,0.0893401263275
15423000000,0.09732103081
15431000000,0.104243915919
15443000000,0.110177873537
15446000000,0.115121173945
15461000000,0.119161115941
15471000000,0.122461660514
15487000000,0.125105352432
15487000000,0.127172094607
15501000000,0.128441950579
15505000000,0.128866749752
15519000000,0.128973928903
15529000000,0.128827983308
15529000000,0.128485464698
15550000000,0.127507932137
15575000000,0.125741196155
15575000000,0.123981972049
15575000000,0.122267976896
15591000000,0.118846005034
15600000000,0.115191230565
15605000000,0.111552391486
15619000000,0.106085180066
15631000000,0.101052897767
15637000000,0.0964765296651
15650000000,0.0908105608995
15662000000,0.0841805198244
15672000000,0.0781907140587
15679000000,0.0728389106626
15679000000,0.0681093121302
15679000000,0.0639756032761
15709000000,0.060404639595
15710000000,0.0573573678452
15729000000,0.0539068325794
15730000000,0.0489339772085
15749000000,0.0445352887833
15749000000,0.039779733948
15750000000,0.0319943380926
15764000000,0.0249756321355
15785000000,0.0187189593045
15798000000,0.00930973485183
15798000000,0.000420878876988
15818000000,-0.00909943770684
15831000000,-0.0199173979993
15839000000,-0.0295929678013
15839000000,-0.0381514055032
15860000000,-0.0477873884081
15869000000,-0.0568049857264
15879000000,-0.0646987696578
15879000000,-0.0715309375775
15900000000,-0.0773741045925
15911000000,-0.0837958016571
15920000000,-0.089922894291
15941000000,-0.0998864189226
15951000000,-0.106449354262
15959000000,-0.112167046294
15971000000,-0.117091216293
15977000000,-0.122373229767
15988000000,-0.127636165649
15998000000,-0.132169459409
16015000000,-0.136025591441
16024000000,-0.140694958806
16034000000,-0.145649338766
16034000000,-0.149946381717
16053000000,-0.153755054072
16056000000,-0.158091932895
16070000000,-0.161836599981
16080000000,-0.165029805836
16088000000,-0.167716638195
16099000000,-0.171341324542
16112000000,-0.174621675602
16121000000,-0.177431828167
16130000000,-0.17999500702
16139000000,-0.182878566844
16152000000,-0.185348308801
16165000000,-0.187436263064
16169000000,-0.189176335479
16179000000,-0.190779297731
16189000000,-0.19249313444
16201000000,-0.193925380376
16234000000,-0.195103456422
16234000000,-0.196803274057
16234000000,-0.197377040461
16270000000,-0.197993890976
16270000000,-0.198660080481
16270000000,-0.199193340636
16286000000,-0.199542308796
16292000000,-0.199494628813
16308000000,-0.199300816139
16321000000,-0.199062726215
16338000000,-0.198794918279
16338000000,-0.19850972275
16359000000,-0.198217044042
16359000000,-0.197924859994
16367000000,-0.197639105451
16371000000,-0.198352300264
16383000000,-0.203689701893
16393000000,-0.209042362417
16401000000,-0.213997447405
16421000000,-0.222622449424
16432000000,-0.229271644786
16441000000,-0.235313622403
16450000000,-0.241018487342
16461000000,-0.248529942221
16468000000,-0.255289193218
16478000000,-0.261303922715
16478000000,-0.266596883301
16478000000,-0.271202130492
16511000000,-0.275663606724
16513000000,-0.27955146668
16531000000,-0.282854829
16531000000,-0.285623225843
16532000000,-0.287907511388
16559000000,-0.289758635186
16559000000,-0.291226432246
16559000000,-0.292359028918
16592000000,-0.293201846266
16597000000,-0.293797102069
16597000000,-0.294183468626
16620000000,-0.294395770484
16631000000,-0.294465496168
16638000000,-0.294420628465
16649000000,-0.2942863201
16649000000,-0.293976462431
16672000000,-0.292677232474
16679000000,-0.291409411231
16679000000,-0.290193710043
16699000000,-0.28835945244
16710000000,-0.285083698951
16718000000,-0.282035741896
16731000000,-0.279235755869
16742000000,-0.27669361351
16749000000,-0.274411146875
16758000000,-0.270366062933
16770000000,-0.264719544864
16770000000,-0.259041136298
16790000000,-0.249153059028
16791000000,-0.240090043777
16805000000,-0.231880060661
16817000000,-0.224525826897
16828000000,-0.215930625697
16828000000,-0.205224357099
16849000000,-0.195608137446
16849000000,-0.187065928325
16849000000,-0.175217019845
16880000000,-0.163537041997
16887000000,-0.153145971285
16888000000,-0.138845730279
16905000000,-0.125484200672
16916000000,-0.113623992075
16930000000,-0.103211843137
16939000000,-0.0923412715498
16951000000,-0.0786951779478
16956000000,-0.0666171383034
16956000000,-0.0560444000064
16956000000,-0.046893256826
16990000000,-0.0371005086011
16995000000,-0.0257678402461
16995000000,-0.0158551322854
16995000000,-0.00728429431218
16995000000,3.6938946314e-05
17040000000,0.00865605633021
17048000000,0.0196651503808
17061000000,0.0327407053646
17071000000,0.046558564026
17078000000,0.0588274024168
17090000000,0.0695993094078
17102000000,0.0826122084749
17111000000,0.0944712316174
17118000000,0.104827266952
17118000000,0.113767620046
17154000000,0.121392529877
17155000000,0.127810028289
17159000000,0.134760893307
17172000000,0.141320493493
17180000000,0.148992222091
17192000000,0.156993523749
17202000000,0.163923783303
17212000000,0.169854898735
17220000000,0.176118314537
17222000000,0.18160305334
17228000000,0.1862375551
17252000000,0.190097555303
17253000000,0.194073976375
17274000000,0.197910932628
17280000000,0.201114112108
17283000000,0.204188357265
17302000000,0.206910827547
17308000000,0.209140575488
17321000000,0.21093140275
17332000000,0.212354674375
17339000000,0.213459490105
17350000000,0.214273212618
17351000000,0.214839149384
17372000000,0.215196485178
17382000000,0.215312062568
17392000000,0.215282684554
17403000000,0.215145313468
17411000000,0.214925919206
17422000000,0.214336727497
17434000000,0.21299944724
17439000000,0.211702138409
17451000000,0.210464321016
17460000000,0.208440823556
17468000000,0.206553334977
17475000000,0.20481513981
17483000000,0.203233348321
17501000000,0.201285684145
17511000000,0.198316303709
17521000000,0.195607688727
17530000000,0.193164714085
17542000000,0.189855979413
17549000000,0.186136900388
17563000000,0.182785486551
17570000000,0.179798542765
17582000000,0.175128326175
17590000000,0.170697694848
17603000000,0.166737752312
17609000000,0.163237121405
17617000000,0.158983533749
17633000000,0.154052893437
17640000000,0.149661607594
17652000000,0.14579336498
17659000000,0.142423628576
17667000000,0.137987977903
17678000000,0.133068227933
17678000000,0.128713006762
17700000000,0.123589396271
17705000000,0.117763313041
17724000000,0.112584024609
17732000000,0.108030155262
17741000000,0.104071169072
17752000000,0.0995729376922
17759000000,0.0940516511631
17771000000,0.0891743301379
17780000000,0.082762111874
17790000000,0.0765259804458
17794000000,0.0710107188804
17811000000,0.066187141891
17821000000,0.0599752674001
17829000000,0.0539965892939
17840000000,0.0487479393968
17841000000,0.0441916040305
17859000000,0.0402825368875
17859000000,0.0369707625069
17879000000,0.0339324223485
17888000000,0.0290224605759
17897000000,0.0247141179243
17898000000,0.0184882530349
17917000000,0.0126758955898
17918000000,0.00754271809104
17941000000,0.00305942522805
17949000000,-0.00156935040916
17959000000,-0.00733140216253
17970000000,-0.0124114165186
17980000000,-0.0168401511322
17987000000,-0.0227057482071
17998000000,-0.0283802463359
18009000000,-0.0333632695518
18017000000,-0.0384910873779
18028000000,-0.0441732828696
18044000000,-0.0491578052914
18044000000,-0.0534807657073
18044000000,-0.0571856790699
18067000000,-0.0603210012355
18077000000,-0.0646241453931
18090000000,-0.0685408616132
18097000000,-0.0733635944523
18111000000,-0.0782178489856
18112000000,-0.0824714789247
18112000000,-0.0861565047212
18141000000,-0.0898831913209
18151000000,-0.0934590850256
18161000000,-0.0965283233707
18173000000,-0.0993074463972
18181000000,-0.102369304443
18192000000,-0.104988902018
18197000000,-0.107201200339
18197000000,-0.109043228939
18221000000,-0.110552337005
18232000000,-0.11184008548
18241000000,-0.11316538142
18251000000,-0.11423980238
18260000000,-0.115092233732
18271000000,-0.116176488963
18277000000,-0.117245577966
18290000000,-0.118131393841
18300000000,-0.118852934977
18312000000,-0.119403142079
18321000000,-0.119809865564
18324000000,-0.12010812656
18340000000,-0.120328858971
18350000000,-0.120474922422
18360000000,-0.120555965658
18372000000,-0.120583905367
18382000000,-0.12021398001
18390000000,-0.11983212553
18398000000,-0.119449114083
18411000000,-0.119073611962
18421000000,-0.118300951271
18431000000,-0.117572533578
18438000000,-0.116895217509
18449000000,-0.116141497351
18458000000,-0.11493937365
18467000000,-0.113835158024
18481000000,-0.112832676588
18487000000,-0.111932686141
18501000000,-0.111133550038
18511000000,-0.110431683735
18518000000,-0.109822069872
18530000000,-0.10885767601
18537000000,-0.107814879578
18547000000,-0.106886193686
18560000000,-0.106068107744
18571000000,-0.104512259078
18580000000,-0.102896660078
18591000000,-0.100491880428
18616000000,-0.0982018996283
18616000000,-0.0961390771866
18621000000,-0.0939952372714
18632000000,-0.0913917880405
18639000000,-0.0890601974104
18650000000,-0.0869948768819
18659000000,-0.0847620176421
18671000000,-0.0821771582124
18678000000,-0.0798850785111
18680000000,-0.0778750472479
18700000000,-0.0757856130604
18710000000,-0.0731668056703
18722000000,-0.0708505864331
18730000000,-0.0688245368385
18741000000,-0.0670723874231
18749000000,-0.0652609915761
18761000000,-0.0629881199515
18768000000,-0.0609935771968
18780000000,-0.0592629982194
18798000000,-0.0567298325237
18800000000,-0.054373695227
18810000000,-0.052001606812
18822000000,-0.0492317255275
18830000000,-0.0467792887237
18842000000,-0.0446319846969
18850000000,-0.0427732131396
18862000000,-0.0411833504464
18875000000,-0.0397400939761
18880000000,-0.0376448024198
18880000000,-0.0358121599976
18880000000,-0.0338378664349
18912000000,-0.0315335780675
18918000000,-0.0295044650785
18933000000,-0.0277376360306
18943000000,-0.025343718157
18949000000,-0.023230602982
18959000000,-0.0213860112812
18972000000,-0.0197943800389
18980000000,-0.0184379576592
18990000000,-0.0171290841131
19001000000,-0.0153700221806
19005000000,-0.0138376282265
19005000000,-0.012518067162
19024000000,-0.0109315330641
19041000000,-0.00943386298423
19051000000,-0.00813922498472
19062000000,-0.00655820172974
19073000000,-0.00498079991575
19079000000,-0.00360613088699
19091000000,-0.00242190031259
19105000000,-0.00119988592949
19105000000,-1.30268596466e-05
19106000000,0.00100395456198
19131000000,0.00198873996645
19142000000,0.00310660766683
19151000000,0.004069978691
19158000000,0.00489013245685
19171000000,0.00557907540291
19181000000,0.00622707503058
19188000000,0.00684164435801
19202000000,0.0073515717668
19212000000,0.00781174949535
19222000000,0.00828644235031
19231000000,0.00867887782728
19237000000,0.0089977079227
19252000000,0.00925139274275
19261000000,0.00945082834715
19271000000,0.00960699610568
19285000000,0.00972013830199
19297000000,0.00979678564374
19297000000,0.00984297974526
19316000000,0.00981609609973
19322000000,0.00976668018814
19332000000,0.00964260221074
19342000000,0.00945299064663
19351000000,0.00926616242427
19364000000,0.0090856512984
19371000000,0.00891414120649
19380000000,0.00857558447828
19389000000,0.00824065035195
19400000000,0.00793202212592
19411000000,0.00762577539119
19424000000,0.00712835934778
19434000000,0.00667368424008
19441000000,0.00626283847953
19449000000,0.00583041497792
19457000000,0.00518997977481
19470000000,0.00461033820996
19481000000,0.00409152400457
19488000000,0.003136246016
19497000000,0.00221429418413
19508000000,0.00138377676809
19521000000,0.000643867116351
19530000000,-3.6676030263e-05
19538000000,-0.000638633448324
19551000000,-0.00115946090027
19561000000,-0.00160472070786
19568000000,-0.0019804931262
19572000000,-0.00229312346776
19598000000,-0.0026882131068
19598000000,-0.00334119433647
19598000000,-0.00392105675499
19622000000,-0.00484477140985
19632000000,-0.00567635570038
19642000000,-0.00641672661008
19652000000,-0.00706865947672
19660000000,-0.00763634538264
19669000000,-0.00812500043451
19681000000,-0.00858517890845
19688000000,-0.00937885965208
19702000000,-0.0100869730133
19702000000,-0.0107095783226
19702000000,-0.0112508574791
19702000000,-0.0119318100718
19702000000,-0.0128451930186
19753000000,-0.0136601567542
19758000000,-0.0145935641413
19771000000,-0.0157913928529
19782000000,-0.0173524936382
19785000000,-0.0187625925223
19801000000,-0.0200221116147
19811000000,-0.0211840575746
19821000000,-0.0224000665104
19831000000,-0.023470300626
19839000000,-0.0243998486701
19839000000,-0.0251976161015
19839000000,-0.0259704102659
19871000000,-0.0268464525362
19879000000,-0.0276022537012
19888000000,-0.0282464330776
19901000000,-0.0288124227172
19908000000,-0.0294960792368
19921000000,-0.0300819657758
19931000000,-0.0306366621142
19936000000,-0.0313357525359
19936000000,-0.0319427431954
19941000000,-0.0324636293137
19971000000,-0.0329652759161
19982000000,-0.0335298165018
19992000000,-0.0340162903217
19999000000,-0.0344302685897
20012000000,-0.0347778252125
20021000000,-0.0350652455936
20031000000,-0.0354160390596
20039000000,-0.0357884032257
20039000000,-0.0361063861736
20061000000,-0.0364279975278
20070000000,-0.0367793389106
20082000000,-0.0370813365816
20092000000,-0.0373582734467
20100000000,-0.0376726176106
20109000000,-0.0379430107289
20120000000,-0.0381727221082
20128000000,-0.0383652276178
20144000000,-0.0385240200408
20144000000,-0.038652643425
20155000000,-0.0387915047755
20155000000,-0.0389288515609
20180000000,-0.039042072199
20190000000,-0.0391337426685
20203000000,-0.0392063727907
20226000000,-0.0392623065778
20232000000,-0.0393814707157
20241000000,-0.0394250112538
20252000000,-0.0394285665442
20260000000,-0.0393815455117
20269000000,-0.0393314386713
20285000000,-0.0392799739425
20291000000,-0.0392222201262
20300000000,-0.0391087457748
20311000000,-0.0390011868747
20323000000,-0.0389006926212
20327000000,-0.0388080010244
20339000000,-0.0387235193613
20352000000,-0.038605335
20360000000,-0.0384364083609
20371000000,-0.0382821128751
20382000000,-0.0381427802921
20388000000,-0.037948124491
20396000000,-0.037726527174
20411000000,-0.0375264445554
20419000000,-0.0373477755328
20431000000,-0.0371899511288
20440000000,-0.0369892669112
20449000000,-0.0364809079476
20459000000,-0.0359786487153
20470000000,-0.0355219838805
20481000000,-0.0351114549482
20491000000,-0.0347902725566
20504000000,-0.0345532335699
20513000000,-0.0343524312237
20530000000,-0.0341846635866
20532000000,-0.0340466659767
20541000000,-0.0337791489303
20550000000,-0.033506353526
20560000000,-0.0332670205908
20560000000,-0.0330594066967
20572000000,-0.0328814372321
20593000000,-0.0327308050511
20601000000,-0.03243954682
20601000000,-0.0321621794357
20622000000,-0.0318247041426
20627000000,-0.0313883937408
20640000000,-0.0309960058106
20651000000,-0.03054801013
20660000000,-0.0300835806643
20671000000,-0.0296698880266
20681000000,-0.0293054094334
20691000000,-0.0289304132126
20696000000,-0.0285189132945
20709000000,-0.028157320629
20721000000,-0.0278431652126
20726000000,-0.0274683687425
20740000000,-0.0270970049578
20747000000,-0.0267730221728
20757000000,-0.0264936026067
20758000000,-0.0262555463647
20758000000,-0.0260554024301
20758000000,-0.0258896309222
20797000000,-0.0256317994753
20797000000,-0.0254087269176
20798000000,-0.0252180363381
20825000000,-0.0249581704255
20839000000,-0.0246669464881
20839000000,-0.0244107766291
20839000000,-0.0241879723571
20863000000,-0.0239964795421
20876000000,-0.023833955543
20876000000,-0.0236020974442
20900000000,-0.0233787971524
20910000000,-0.0231022819779
20920000000,-0.0228581255783
20932000000,-0.0226003519826
20944000000,-0.0223309726353
20951000000,-0.0220944662038
20959000000,-0.021889161372
20964000000,-0.0217130241681
20975000000,-0.0215637944879
20992000000,-0.0214391040663
20999000000,-0.0212806892638
21010000000,-0.0211038218359
21022000000,-0.0208974606512
21033000000,-0.0207165595109
21039000000,-0.0205597676726
21049000000,-0.0204254672093
21058000000,-0.0203021803725
21069000000,-0.0201841396785
21081000000,-0.0200846522137
21091000000,-0.0200020375439
21097000000,-0.0199152573503
21110000000,-0.0198305289904
21121000000,-0.019759702787
21130000000,-0.0197014119721
21141000000,-0.0196542982827
21146000000,-0.0196141424473
21159000000,-0.0195784821596
21168000000,-0.0195507298905
21178000000,-0.019529832042
21188000000,-0.0194994731736
21200000000,-0.019452004739
21210000000,-0.0194111277515
21210000000,-0.0193763717193
21223000000,-0.0193472453304
21223000000,-0.019319568418
21223000000,-0.0192913364762
21223000000,-0.0192677344951
21269000000,-0.0192483139465
21272000000,-0.0192379771345
21272000000,-0.0192306291141
21272000000,-0.019225819372
21272000000,-0.0192231348039
21325000000,-0.0192378488323
21330000000,-0.0192632057658
21341000000,-0.0192879528361
21351000000,-0.0194831424078
21362000000,-0.0196852173926
21369000000,-0.0198727883769
21376000000,-0.0200447322068
21389000000,-0.0202167466318
21396000000,-0.0203783449488
21408000000,-0.020522494426
21410000000,-0.0206496689229
21428000000,-0.0207430044414
21437000000,-0.0208147673931
21437000000,-0.0208740225462
21459000000,-0.020906153688
21471000000,-0.0209138034211
21481000000,-0.0209148560184
21491000000,-0.0208950003999
21500000000,-0.0208618710432
21510000000,-0.0208274729982
21526000000,-0.020792843002
21529000000,-0.0207588090632
21539000000,-0.0207135198798
21552000000,-0.0206625666602
21559000000,-0.0206150213581
21570000000,-0.0205850007764
21582000000,-0.0205782401279
21591000000,-0.020573299192
21603000000,-0.0205698970503
21603000000,-0.0205677818007
21613000000,-0.0205667274889
21613000000,-0.0205665417829
21643000000,-0.0205670544695
21643000000,-0.0207669024766
21643000000,-0.0210036700952
21671000000,-0.0212686063149
21684000000,-0.0216867269211
21691000000,-0.0220726077052
21701000000,-0.0225038252121
21711000000,-0.0229472106626
21722000000,-0.0233475433156
21731000000,-0.0237607315773
21744000000,-0.0241650066293
21753000000,-0.024523193955
21762000000,-0.0248370396947
21773000000,-0.0251089224564
21780000000,-0.0253722048323
21790000000,-0.0256273972614
21800000000,-0.0258458601727
21812000000,-0.0260479797465
21821000000,-0.0262580558007
21831000000,-0.0264367528737
21840000000,-0.0265867220611
21845000000,-0.0267107069495
21861000000,-0.0268114467415
21872000000,-0.0268819431296
21881000000,-0.0269129962354
21891000000,-0.0269266478898
21902000000,-0.0269206355674
21909000000,-0.0269065211227
21921000000,-0.0268863440687
21929000000,-0.0268618452019
21941000000,-0.0268344908102
21950000000,-0.0268054897676
21959000000,-0.0267758186231
21970000000,-0.0267462723433
21980000000,-0.0267174758968
21990000000,-0.0266684079702
22001000000,-0.0266198940761
22010000000,-0.0265748332548
22020000000,-0.0265334963666
22028000000,-0.0264892956629
22041000000,-0.0264232068141
22052000000,-0.0263629529333
22059000000,-0.0261738071781
22069000000,-0.0259422864291
22077000000,-0.0257292364583
22087000000,-0.0255355076793
22103000000,-0.0252751676742
22110000000,-0.0250299913351
22119000000,-0.0248099892786
22134000000,-0.0246204478637
22138000000,-0.0244550553517
22150000000,-0.0243341669807
22160000000,-0.0242546449922
22176000000,-0.0241912902272
22189000000,-0.0241420825958
22202000000,-0.0241051164165
22202000000,-0.0240786158675
22217000000,-0.0240812502476
22226000000,-0.0240929441277
22230000000,-0.0241186609796
22243000000,-0.0241562805839
22251000000,-0.0241963927389
22262000000,-0.0242428124259
22269000000,-0.0242876520768
22285000000,-0.024330239042
22290000000,-0.0243700948384
22298000000,-0.0244173878057
22310000000,-0.0244633799209
22313000000,-0.0245051911768
22314000000,-0.0245427657903
22339000000,-0.0245828723779
22355000000,-0.024628354884
22367000000,-0.024668934066
22376000000,-0.0247047451108
22387000000,-0.0247359995366
22387000000,-0.0247792254042
22400000000,-0.0248192423976
22400000000,-0.0248543721479
22400000000,-0.0248848624646
22400000000,-0.0249110133017
22401000000,-0.0249505549698
22451000000,-0.0249872814444
22455000000,-0.0250330660803
22471000000,-0.0250825635499
22481000000,-0.0251265206094
22483000000,-0.0251651241508
22500000000,-0.0252080055563
22510000000,-0.0252478869089
22522000000,-0.0252825833513
22530000000,-0.0253164600463
22534000000,-0.0253515033421
22542000000,-0.0253817770227
22542000000,-0.0254076063798
22571000000,-0.0254293463004
22582000000,-0.025450428427
22591000000,-0.0254709735389
22601000000,-0.0254881568988
22601000000,-0.0255023003571
22601000000,-0.0255137260008
22601000000,-0.025522747386
22642000000,-0.0255309158392
22651000000,-0.0255353581402
22661000000,-0.0255363448024
22671000000,-0.0255361691866
22677000000,-0.0255350775791
22691000000,-0.025533286991
22692000000,-0.0255298576392
22692000000,-0.0255162852475
22722000000,-0.0255031514923
22731000000,-0.0254777586128
22741000000,-0.0254485208606
22747000000,-0.0254213639493
22749000000,-0.0253964549002
22749000000,-0.0253738700166
22777000000,-0.0253536159587
22796000000,-0.0252844020231
22796000000,-0.0250161020005
22814000000,-0.0247620174701
22814000000,-0.0245281016108
22814000000,-0.024315336142
22834000000,-0.0241240144864
22853000000,-0.0238776045769
22861000000,-0.0235447004963
22871000000,-0.023106178749
22877000000,-0.0227076144001
22890000000,-0.0223494648442
22890000000,-0.0220311963263
22912000000,-0.0217514946181
22921000000,-0.0214357387932
22935000000,-0.0211145263409
22943000000,-0.020814299343
22952000000,-0.0205525571174
22960000000,-0.020326997801
22971000000,-0.0201304550657
22982000000,-0.0199545943314
22984000000,-0.0198075241393
22998000000,-0.0196864313601
22998000000,-0.0195885108698
22999000000,-0.019511039127
23029000000,-0.0194514156474
23041000000,-0.0194091989544
23048000000,-0.0193845609542
23056000000,-0.0193705567313
23071000000,-0.0194021362543
23079000000,-0.01958228635
23086000000,-0.0197566047909
23093000000,-0.0199339498775
23112000000,-0.0201170535684
23122000000,-0.020286663508
23130000000,-0.0204396607915
23140000000,-0.0205587874355
23151000000,-0.0206643862946
23163000000,-0.0207569589914
23168000000,-0.0208262139442
23180000000,-0.0208685466761
23192000000,-0.0209020047265
23211000000,-0.0209277198892
23211000000,-0.0209467572676
23221000000,-0.0209490576311
23231000000,-0.0209364624241
23240000000,-0.0209213292487
23249000000,-0.0209045389784
23261000000,-0.0208780197827
23272000000,-0.0208431107554
23287000000,-0.0208094776661
23292000000,-0.0207776044961
23301000000,-0.0207346755201
23312000000,-0.0206934445066
23321000000,-0.0206556647916
23332000000,-0.0206189598551
23342000000,-0.0205762539575
23351000000,-0.0205378186663
23360000000,-0.0205036103888
23372000000,-0.0204671866866
23379000000,-0.0204335138455
23391000000,-0.0204040472348
23402000000,-0.0203785612648
23407000000,-0.0203567808251
23417000000,-0.0203374277148
23431000000,-0.0203174145461
23442000000,-0.0203004839976
23461000000,-0.0202863687363
23461000000,-0.0202747966378
23479000000,-0.0202654953485
23479000000,-0.0202581907404
23490000000,-0.020254431373
23490000000,-0.0202528099588
23512000000,-0.0202560377202
23522000000,-0.0202928691505
23529000000,-0.020354447019
23541000000,-0.0206431606536
23551000000,-0.0209137184085
23559000000,-0.0211638942312
23571000000,-0.0213924039307
23581000000,-0.021633375248
23592000000,-0.0219852740609
23598000000,-0.0223050330747
23611000000,-0.0225923107547
23619000000,-0.0228475571872
23630000000,-0.0231033263766
23638000000,-0.023399423425
23651000000,-0.023661404799
23662000000,-0.023890634039
23671000000,-0.0240889232616
23681000000,-0.024286212314
23691000000,-0.0244960206935
23700000000,-0.0246915119237
23711000000,-0.0248918987696
23719000000,-0.0250649467874
23732000000,-0.0252125734974
23742000000,-0.0253463158937
23752000000,-0.0254593443552
23759000000,-0.0255526710095
23770000000,-0.0256310392041
23776000000,-0.0257177632912
23789000000,-0.0257892664043
23804000000,-0.0258471020173
23804000000,-0.0258928723413
23816000000,-0.025928110757
23816000000,-0.0258157562924
23837000000,-0.0256460687963
23837000000,-0.025482941798
23837000000,-0.0253286315591
23871000000,-0.0251760327277
23876000000,-0.0250008711344
23889000000,-0.0248403705203
23901000000,-0.0247014601865
23911000000,-0.0245800465656
23921000000,-0.0244729009164
23931000000,-0.0243793921918
23942000000,-0.0243124382979
23951000000,-0.0242623140424
23959000000,-0.0242218227878
23970000000,-0.0241898301144
23982000000,-0.0241769419271
23990000000,-0.0241746245093
23999000000,-0.0241766346842
24008000000,-0.0241820056266
24020000000,-0.0241939106006
24032000000,-0.0242165064709
24037000000,-0.0242394762717
24051000000,-0.0242622236018
24058000000,-0.0242842776826
24067000000,-0.0243074238132
24075000000,-0.024337808466
24091000000,-0.0243660374641
24100000000,-0.024391926425
24110000000,-0.0244153844021
24116000000,-0.0244363953891
24131000000,-0.0244549996345
24139000000,-0.0244712833881
24151000000,-0.0244905738245
24169000000,-0.0245125709638
24169000000,-0.0245319920244
24183000000,-0.0245526163189
24194000000,-0.0245751648204
24198000000,-0.0245950011536
24211000000,-0.0246122475556
24221000000,-0.0245606701127
24230000000,-0.0244452968357
24240000000,-0.0243364388253
24247000000,-0.0242351386928
24259000000,-0.0241420569944
24271000000,-0.02396628092
24275000000,-0.0237944367847
24275000000,-0.0236380095788
24299000000,-0.0234972304587
24309000000,-0.0233719289056
24321000000,-0.0232103460758
24332000000,-0.0230149394108
24341000000,-0.0227700401794
24351000000,-0.0225491108361
24359000000,-0.0223520289908
24367000000,-0.022178157301
24379000000,-0.0220220770186
24388000000,-0.0218474994225
24399000000,-0.0216947577858
24408000000,-0.0215628626799
24418000000,-0.0214503504983
24429000000,-0.0213320453167
24435000000,-0.0212159682916
24448000000,-0.0211169508286
24457000000,-0.0210335882096
24473000000,-0.0209569157415
24480000000,-0.0208641726529
24488000000,-0.0207850202156
24500000000,-0.0207148245288
24510000000,-0.020625230198
24521000000,-0.0205479294689
24527000000,-0.0204820456145
24538000000,-0.020403267301
24548000000,-0.0203328613305
24553000000,-0.0202727315954
24560000000,-0.0202220525891
24576000000,-0.0201701215445
24587000000,-0.0201120986725
24603000000,-0.020062486626
24610000000,-0.0200206101938
24612000000,-0.0199814261406
24631000000,-0.0199386643415
24639000000,-0.0199024522403
24650000000,-0.019872219375
24659000000,-0.0198362088441
24670000000,-0.0198009952504
24676000000,-0.019771052214
24685000000,-0.0197459251813
24699000000,-0.0197251525825
24710000000,-0.0197082716365
24721000000,-0.0196948344646
24734000000,-0.0197322191497
24742000000,-0.0198392774486
24747000000,-0.019959707641
24759000000,-0.0200998995627
24768000000,-0.0202298937122
24774000000,-0.0203489428913
24785000000,-0.0204533174458
24793000000,-0.0205158909715
24799000000,-0.0205694941166
24800000000,-0.0206073680726
24829000000,-0.0206090801153
24841000000,-0.0206062841685
24849000000,-0.020599996203
24860000000,-0.0205910940382
24869000000,-0.020557556065
24878000000,-0.0205241679225
24886000000,-0.0204788575976
24899000000,-0.0203858756605
24911000000,-0.0202986069502
24919000000,-0.0202177947922
24928000000,-0.0201438778303
24936000000,-0.0200770460098
24953000000,-0.0200172892771
24961000000,-0.019942018437
24970000000,-0.0198631756916
24984000000,-0.0197888757574
24992000000,-0.0197230903324
25002000000,-0.0196654857326
25011000000,-0.0196156141581
25023000000,-0.0195887117479
25031000000,-0.0195692121733
25039000000,-0.0195545739558
25050000000,-0.0195496292722
25063000000,-0.0195694301061
25071000000,-0.0195904862156
25078000000,-0.0196120652643
25091000000,-0.0196335760651
25097000000,-0.0196139326462
25110000000,-0.0195914562594
25116000000,-0.0195709081772
25130000000,-0.0195523483255
25141000000,-0.0195318977975
25153000000,-0.0194984963935
25173000000,-0.0194681303704
25173000000,-0.019440834102
25189000000,-0.019416565617
25194000000,-0.019395228236
25204000000,-0.0193716602464
25215000000,-0.0193489151289
25215000000,-0.0193290689741
25233000000,-0.0193099026502
25241000000,-0.0192925298686
25242000000,-0.0192651076732
25271000000,-0.0192591734389
25300000000,-0.0192592756687
25300000000,-0.0192604966002
25308000000,-0.0192625685528
25310000000,-0.0192681178318
25322000000,-0.0192850636226
25329000000,-0.0193754814233
25343000000,-0.019629140816
25344000000,-0.0198664249312
25362000000,-0.0200854965031
25374000000,-0.0202853051984
25381000000,-0.0205838664356
25394000000,-0.0208846384898
25400000000,-0.0211564849874
25410000000,-0.0213994559339
25421000000,-0.0216583692907
25428000000,-0.0219306606287
25437000000,-0.0221717776888
25450000000,-0.0223829117466
25461000000,-0.0226004673328
25471000000,-0.0228126720616
25493000000,-0.0229967125918
25493000000,-0.0231544404927
25500000000,-0.023291304933
25509000000,-0.0234191147892
25520000000,-0.0235259499256
25520000000,-0.0236138531933
25521000000,-0.0236848584995
25546000000,-0.0237437927858
25555000000,-0.0237907488335
25567000000,-0.0238262122972
25568000000,-0.0238518194939
25588000000,-0.023869071324
25601000000,-0.023792723586
25609000000,-0.0236313469285
25620000000,-0.0234134631658
25632000000,-0.0231925915648
25641000000,-0.0229870383339
25651000000,-0.0228174706823
25663000000,-0.0226829338377
25671000000,-0.0225634128718
25682000000,-0.0224583975737
25689000000,-0.0223671608802
25701000000,-0.0222413738568
25712000000,-0.0221252258069
25721000000,-0.0220235373991
25729000000,-0.0219355174547
25741000000,-0.0218581956193
25752000000,-0.0217918606554
25761000000,-0.0217363685598
25771000000,-0.0216906571241
25780000000,-0.0216601063656
25788000000,-0.0216376343405
25800000000,-0.0216213888264
25812000000,-0.0216121277294
25827000000,-0.0216110639368
25830000000,-0.0216132471355
25844000000,-0.0216179341421
25844000000,-0.0216244804102
25861000000,-0.0216335498736
25871000000,-0.0216435333885
25882000000,-0.0216539029288
25891000000,-0.0216633088471
25900000000,-0.0216702078957
25912000000,-0.0216769474595
25922000000,-0.0216834012492
25931000000,-0.0216894809962
25939000000,-0.0215784744067
25950000000,-0.0214252356144
25957000000,-0.0212825358144
25971000000,-0.0211513335377
25981000000,-0.0209307719591
25992000000,-0.0207174594615
25999000000,-0.0205237366008
26011000000,-0.020349784838
26020000000,-0.0201361270748
26029000000,-0.0199304109394
26036000000,-0.0197475163218
26039000000,-0.0195866952914
26046000000,-0.0194041791595
26051000000,-0.0192391344828
26057000000,-0.0190955108358
26091000000,-0.0189719822156
26099000000,-0.0188356902896
26108000000,-0.0187183095902
26115000000,-0.0186184539611
26126000000,-0.0185346363727
26136000000,-0.0184535494832
26147000000,-0.0183832910951
26156000000,-0.0183255202081
26166000000,-0.0182788935156
26177000000,-0.018239003224
26190000000,-0.0182048480579
26199000000,-0.0181784529132
26209000000,-0.0181585764964
26221000000,-0.018143660839
26230000000,-0.0181336368007
26239000000,-0.0181277046208
26249000000,-0.0181282638478
26254000000,-0.0181435667283
26269000000,-0.0181600171393
26280000000,-0.0181770196058
26292000000,-0.0181940985422
26296000000,-0.018210851063
26307000000,-0.0182336128656
26321000000,-0.0182579384846
26321000000,-0.0182806136061
26341000000,-0.0183155730403
26349000000,-0.018356954333
26364000000,-0.0183949184906
26369000000,-0.0184341597011
26376000000,-0.0184766056653
26390000000,-0.0185148025663
26399000000,-0.0185487777282
26399000000,-0.0185786563686
26419000000,-0.018604624463
26429000000,-0.0186467825189
26436000000,-0.0186843878187
26436000000,-0.0187175610651
26462000000,-0.0187465125365
26471000000,-0.0187804118404
26480000000,-0.0188100294695
26485000000,-0.018835579236
26499000000,-0.0188635648359
26511000000,-0.01889376799
26519000000,-0.0189200440395
26530000000,-0.0189426546267
26543000000,-0.0189618495465
26550000000,-0.0189869403977
26557000000,-0.0190108289819
26557000000,-0.0190314410404
26579000000,-0.0190500577046
26589000000,-0.0190681449432
26601000000,-0.0190835087766
26605000000,-0.0191123770367
26622000000,-0.0191446945793
26627000000,-0.0191734448515
26637000000,-0.0191987432393
26637000000,-0.0192208038806
26655000000,-0.0192398038736
26665000000,-0.0192549818513
26675000000,-0.0192676293772
26686000000,-0.0192779740036
26701000000,-0.0192893876227
26712000000,-0.0193059064582
26718000000,-0.0193202435956
26731000000,-0.0193284239675
26732000000,-0.019330948259
26753000000,-0.01933229789
26762000000,-0.0193326650929
26771000000,-0.0193351474679
26782000000,-0.019341069941
26789000000,-0.0193460969583
26800000000,-0.0193503160342
26811000000,-0.0193537942762
26822000000,-0.0193566291635
26829000000,-0.0193573139682
26839000000,-0.0193512468639
26851000000,-0.0193451921219
26856000000,-0.0193349707264
26863000000,-0.0193248079107
26875000000,-0.019315306237
26891000000,-0.0193025428965
26899000000,-0.0192849296957
26909000000,-0.0192687156806
26912000000,-0.0192539458452
26927000000,-0.0192406514991
26941000000,-0.0192288425246
26949000000,-0.0192070025467
26958000000,-0.0191844151963
26970000000,-0.0191640561402
26981000000,-0.0191434687279
26986000000,-0.0191251490185
27002000000,-0.019109018919
27011000000,-0.0190838305294
27019000000,-0.019056107176
27019000000,-0.0190312992009
27038000000,-0.0190093488627
27053000000,-0.0189896405147
27061000000,-0.0189714282437
27071000000,-0.0189557015355
27071000000,-0.0189423038687
27091000000,-0.0189297217399
27099000000,-0.0189075959507
27112000000,-0.0188879934447
27119000000,-0.018870805482
27135000000,-0.0188558973363
27135000000,-0.0188431096391
27159000000,-0.0188291736473
27159000000,-0.0188151954432
27159000000,-0.0188031726978
27181000000,-0.0187929632095
27181000000,-0.0187844064672
27201000000,-0.0187773391183
27211000000,-0.0187584310268
27211000000,-0.0187334719599
27228000000,-0.0187109381828
27239000000,-0.0186908202135
27240000000,-0.0186730567066
27260000000,-0.0186488980787
27272000000,-0.0186237122675
27277000000,-0.0186013150862
27277000000,-0.0185816159971
27295000000,-0.0185644812433
27296000000,-0.0185497521439
27324000000,-0.0185284834771
27333000000,-0.018505034309
27344000000,-0.0184692560346
27349000000,-0.0184370036139
27360000000,-0.0184082514015
27370000000,-0.0183710663175
27378000000,-0.0183365513642
27384000000,-0.0183059768099
27414000000,-0.0182791847145
27418000000,-0.0182344140218
27432000000,-0.0182012174339
27435000000,-0.0181718273913
27452000000,-0.0181460887456
27461000000,-0.0181195418955
27472000000,-0.0180867613463
27482000000,-0.0180578327237
27491000000,-0.0180325909178
27499000000,-0.0179990711291
27507000000,-0.0179645626126
27523000000,-0.0179341037824
27534000000,-0.0179075262441
27535000000,-0.0178845982308
27548000000,-0.0178650579689
27560000000,-0.0178352792349
27571000000,-0.0177975695174
27579000000,-0.0177541397307
27590000000,-0.0177153217314
27600000000,-0.0176810172131
27600000000,-0.0176510383521
27622000000,-0.0176183968145
27631000000,-0.0175833114784
27639000000,-0.0175525958381
27663000000,-0.0175260162166
27663000000,-0.0175032675028
27663000000,-0.017484053583
27663000000,-0.0174680585594
27702000000,-0.0174549506109
27702000000,-0.0174444176306
27702000000,-0.0174347166482
27723000000,-0.0174090094978
27731000000,-0.0173677433433
27741000000,-0.0173169546741
27753000000,-0.0172708869875
27754000000,-0.0172295599942
27770000000,-0.0171929027569
27770000000,-0.0171534662904
27784000000,-0.0171019406736
27801000000,-0.0170559127224
27812000000,-0.0170032759
27812000000,-0.0169535806915
27833000000,-0.0169097240639
27843000000,-0.0168714573023
27852000000,-0.0168384559873
27862000000,-0.0168045644371
27870000000,-0.0167623202737
27881000000,-0.0167253021746
27892000000,-0.0166932309417
27903000000,-0.0166586037261
27911000000,-0.0166239868567
27922000000,-0.01659400283
27935000000,-0.0165683412493
27941000000,-0.0165396996353
27951000000,-0.0165143276312
27962000000,-0.0164927357904
27971000000,-0.0164743386287
27980000000,-0.0164567424942
27989000000,-0.0164421194367
28000000000,-0.0164301727154
28011000000,-0.0164206065815
28019000000,-0.016412863956
28029000000,-0.0164066965522
28037000000,-0.0164021069563
28050000000,-0.0163988535505
28057000000,-0.0163945320247
28071000000,-0.0163903630543
28076000000,-0.0163871752423
28089000000,-0.0163853143921
28100000000,-0.0163852664314
28108000000,-0.0163857064501
28118000000,-0.0163865087987
28131000000,-0.01638758458
28139000000,-0.0163888596884
28145000000,-0.0163902792739
28154000000,-0.0163917677026
28172000000,-0.0163932615745
28180000000,-0.0163947421432
28190000000,-0.0163913417324
28197000000,-0.0163831416063
28210000000,-0.0163732244516
28222000000,-0.016353621376
28232000000,-0.0163354667369
28242000000,-0.0163188231796
28251000000,-0.0163037600539
28260000000,-0.016287537629
28272000000,-0.0162727083864
28279000000,-0.0162595830766
28292000000,-0.0162481061664
28303000000,-0.0162301741708
28308000000,-0.0162132610109
28317000000,-0.0161982591808
28317000000,-0.0161851065659
28341000000,-0.0161736822532
28352000000,-0.0161621176348
28359000000,-0.0161517496385
28359000000,-0.0161429434659
28380000000,-0.0161347524488
28392000000,-0.0161248976667
28393000000,-0.0161164064227
28407000000,-0.0161091520574
28422000000,-0.0161014568253
28422000000,-0.0160947480923
28445000000,-0.0160891438423
28451000000,-0.016084489399
28460000000,-0.0160937606113
28483000000,-0.016102995376
28483000000,-0.0161119722778
28483000000,-0.0161205544857
28500000000,-0.0161286561978
28510000000,-0.0161286577074
28518000000,-0.0161252516026
28531000000,-0.016121870914
28539000000,-0.0161202953488
28550000000,-0.0161227183404
28561000000,-0.0161249550681
28571000000,-0.0160961148336
28580000000,-0.01603882004
28592000000,-0.0159853331123
28599000000,-0.0159359649881
28612000000,-0.0158909649709
28622000000,-0.0158504167929
28631000000,-0.0157937445481
28638000000,-0.0157426147756
28647000000,-0.015697011276
28662000000,-0.0156568110263
28667000000,-0.0156216982532
28679000000,-0.0155874822213
28689000000,-0.0155425091277
28699000000,-0.0155027380376
28712000000,-0.015468011656
28721000000,-0.0154380810291
28731000000,-0.0154133581791
28737000000,-0.0153955943971
28746000000,-0.0153812477564
28759000000,-0.0153699425182
28772000000,-0.0153612727181
28779000000,-0.0153671989333
28790000000,-0.0153743365401
28821000000,-0.0153822909127
28821000000,-0.0153992502362
28831000000,-0.0154227148491
28838000000,-0.015448685831
28851000000,-0.0154730036037
28862000000,-0.0155007694083
28872000000,-0.0155262853177
28889000000,-0.0155494727751
28889000000,-0.0155702542824
28897000000,-0.0155886778188
28897000000,-0.0156048419603
28924000000,-0.015618843305
28924000000,-0.0156415801813
28935000000,-0.015667215431
28954000000,-0.0156914814034
28975000000,-0.0157129692481
28975000000,-0.0157317719665
28980000000,-0.0157540242676
28992000000,-0.01577937935
28992000000,-0.0158017969452
28992000000,-0.0158214083057
29021000000,-0.0158383823583
29030000000,-0.0158506782701
29041000000,-0.0158608198505
29047000000,-0.015871120502
29057000000,-0.0158827498814
29069000000,-0.0158925662334
29079000000,-0.0159007463983
29088000000,-0.0159074625182
29088000000,-0.015912930979
29089000000,-0.0159176910252
29119000000,-0.0159214141048
29132000000,-0.0159242414778
29141000000,-0.0159262895899
29152000000,-0.015926773548
29163000000,-0.0159267621999
29185000000,-0.0159263618235
29185000000,-0.0159256458601
29185000000,-0.0159246962413
29200000000,-0.015920202384
29200000000,-0.0159149757291
29213000000,-0.0159099707301
29228000000,-0.0159052508202
29241000000,-0.0158967529012
29250000000,-0.0158848392571
29262000000,-0.0158728157099
29269000000,-0.0158530759796
29277000000,-0.0158348948831
29291000000,-0.0158183452295
29301000000,-0.015795693879
29311000000,-0.0157743019431
29312000000,-0.0157550743339
29316000000,-0.0157379764778
29316000000,-0.0157229410872
29348000000,-0.0157027987612
29349000000,-0.0156841471067
29357000000,-0.0156677213878
29382000000,-0.0156499398613
29388000000,-0.0156309649302
29399000000,-0.0156142673645
29410000000,-0.0155997399525
29420000000,-0.0155845924326
29428000000,-0.0155697326839
29430000000,-0.0155568833049
29444000000,-0.0155459071755
29450000000,-0.0155352117038
29469000000,-0.0155252016525
29478000000,-0.0155167414039
29485000000,-0.015509994727
29501000000,-0.0155051797361
29509000000,-0.0155014320423
29525000000,-0.0154986129285
29525000000,-0.0154965986289
29542000000,-0.0154969528965
29544000000,-0.0154981570831
29557000000,-0.0154996696605
29571000000,-0.0155013820731
29585000000,-0.0155032121379
29585000000,-0.015509235977
29594000000,-0.0155160335312
29607000000,-0.0155224524742
29620000000,-0.0155283957412
29630000000,-0.0155408072917
29638000000,-0.0155552396283
29646000000,-0.0155696600384
29658000000,-0.0155855464984
29671000000,-0.0155999643156
29678000000,-0.0156129167291
29689000000,-0.0156243838762
29693000000,-0.0156344244502
29711000000,-0.0156511074221
29721000000,-0.015671231556
29730000000,-0.0156865423855
29741000000,-0.0156982172287
29750000000,-0.0157082928635
29762000000,-0.0157168521039
29768000000,-0.0157240073054
29779000000,-0.015735946854
29789000000,-0.0157522773386
29800000000,-0.0157668407338
29808000000,-0.0157797011891
29817000000,-0.0157892788971
29830000000,-0.015795794632
29841000000,-0.015801061225
29851000000,-0.015805246078
29860000000,-0.0158111556522
29875000000,-0.0158186869772
29889000000,-0.0158251947742
29897000000,-0.0158307673556
29897000000,-0.0158354893668
29911000000,-0.0158376510044
29919000000,-0.0158387572971
29930000000,-0.015839632106
29940000000,-0.015842309715
29948000000,-0.0158445210035
29964000000,-0.0158463222579
29968000000,-0.0158477724911
29981000000,-0.0158487058182
29991000000,-0.015849186679
30001000000,-0.0158494337114
30014000000,-0.0158494694803
30020000000,-0.0158459158091
30030000000,-0.0158424599906
30038000000,-0.0158391752178
30049000000,-0.0158360586262
30057000000,-0.0158331320811
30070000000,-0.0158304322697
30082000000,-0.0158313760044
30086000000,-0.0158356904726
30101000000,-0.0158349676121
30111000000,-0.0158272203002
30122000000,-0.0158199467306
30133000000,-0.0158156545201
30141000000,-0.0158128154324
30152000000,-0.0158103216607
30159000000,-0.0158081560306
30171000000,-0.0158045696197
30178000000,-0.015794480307
30190000000,-0.0157852032607
30190000000,-0.01577674221
30190000000,-0.0157691253937
30191000000,-0.015762344023
30191000000,-0.0157563649993
30191000000,-0.0157511942811
30191000000,-0.015747025863
30191000000,-0.0157435265156
30191000000,-0.0157406052559
30191000000,-0.0157382096542
30231000000,-0.015734311242
30231000000,-0.0157307259296
30311000000,-0.0157279683794
30322000000,-0.0157263826258
30327000000,-0.01572517609
30341000000,-0.0157242743979
30351000000,-0.0157243617296
30361000000,-0.0157251038549
30361000000,-0.0157259421262
30361000000,-0.0157269780088
30390000000,-0.0157285711348
30405000000,-0.0157301286499
30412000000,-0.015732744948
30422000000,-0.0157377711429
30433000000,-0.0157424570509
30439000000,-0.0157467656369
30452000000,-0.0157506790927
30457000000,-0.0157534169725
30472000000,-0.0157546731663
30480000000,-0.0157556720041
30492000000,-0.0157564365356
30492000000,-0.0157570045335
30511000000,-0.015758739227
30538000000,-0.0157615517988
30549000000,-0.0157663135493
30556000000,-0.0157685581349
30562000000,-0.0157711578841
30570000000,-0.0157734523441
30582000000,-0.0157691545665
30591000000,-0.0157623268736
30622000000,-0.0157558412737
30622000000,-0.0157497706638
30632000000,-0.0157441618611
30632000000,-0.0157390406221
30641000000,-0.0157344193344
30650000000,-0.0157289034397
30660000000,-0.015723011796
30670000000,-0.0157171081752
30681000000,-0.0157118358487
30692000000,-0.015711267391
30701000000,-0.0157127477839
30712000000,-0.0157143921887
30729000000,-0.0157161274759
30735000000,-0.0157178970996
30742000000,-0.0157196478327
30751000000,-0.0157227134126
30762000000,-0.0157287344563
30770000000,-0.0157343707834
30781000000,-0.0157431293884
30791000000,-0.015751641232
30801000000,-0.0157594371354
30809000000,-0.0157674539045
30820000000,-0.0157830505133
30825000000,-0.0157973277732
30842000000,-0.0158102370245
30850000000,-0.0158196392978
30860000000,-0.0158257364857
30870000000,-0.0158308385216
30880000000,-0.015835047957
30891000000,-0.0158384385661
30898000000,-0.01584109587
30908000000,-0.0158467297578
30921000000,-0.0158598797037
30934000000,-0.0158718246865
30941000000,-0.0158823617461
30951000000,-0.0158900998829
30958000000,-0.0158967722225
30971000000,-0.0159024441027
30981000000,-0.0159071746431
30991000000,-0.0159110966206
31011000000,-0.0159169800444
31030000000,-0.0159281386621
31030000000,-0.0159381940803
31041000000,-0.0159471341856
31041000000,-0.0159549789893
31041000000,-0.0159633947458
31062000000,-0.0159761385309
31072000000,-0.015992845939
31083000000,-0.0160079301671
31093000000,-0.0160214171647
31105000000,-0.0160333334615
31112000000,-0.0160412746845
31123000000,-0.0160462993399
31131000000,-0.0160484912543
31136000000,-0.0160430811974
31148000000,-0.0160374097107
31159000000,-0.0160316705877
31178000000,-0.0160260102991
31179000000,-0.0160205042427
31179000000,-0.0160152178246
31198000000,-0.0160166567007
31211000000,-0.0160208017411
31222000000,-0.0160153907692
31236000000,-0.0160092702027
31242000000,-0.0160035872814
31251000000,-0.0160169222181
31260000000,-0.0160341012842
31272000000,-0.0160501360848
31282000000,-0.0160649818428
31292000000,-0.0160677188272
31301000000,-0.0160592122892
31312000000,-0.0160508079087
31321000000,-0.016042633573
31328000000,-0.0160348037373
31346000000,-0.0160273797041
31349000000,-0.016020495247
31361000000,-0.0160178749831
31371000000,-0.0160191985427
31380000000,-0.0160192648333
31390000000,-0.0160174231236
31398000000,-0.0160157838108
31413000000,-0.0160159092662
31421000000,-0.0160223474261
31433000000,-0.0160285398101
31441000000,-0.0160343838733
31448000000,-0.0160398387214
31457000000,-0.0161093996429
31464000000,-0.0161815841161
31481000000,-0.0162484038625
31501000000,-0.0163094914755
31501000000,-0.0164058140358
31511000000,-0.0164938164489
31523000000,-0.0165732931388
31529000000,-0.0166498055748
31542000000,-0.0167391841383
31554000000,-0.0168189074859
31559000000,-0.0168892121078
31568000000,-0.016950574521
31581000000,-0.0170011897637
31589000000,-0.0170407108868
31596000000,-0.0170734341659
31596000000,-0.0171000383819
31620000000,-0.0171255349889
31632000000,-0.0171559682972
31642000000,-0.0171813964596
31650000000,-0.0171921052897
31660000000,-0.0171925828789
31666000000,-0.0171906318891
31679000000,-0.0171867880966
31685000000,-0.0171815198425
31700000000,-0.0171702869215
31707000000,-0.0171574888363
31709000000,-0.0171447546015
31709000000,-0.017132340306
31742000000,-0.0171147141122
31752000000,-0.0170848587609
31762000000,-0.0170569794541
31769000000,-0.0170298421922
31782000000,-0.0169925656376
31788000000,-0.0169584878164
31789000000,-0.0169276858237
31813000000,-0.016890806634
31822000000,-0.0168485673295
31832000000,-0.016810578021
31856000000,-0.016776781126
31856000000,-0.0167470342532
31867000000,-0.0167211566455
31871000000,-0.0166908316622
31880000000,-0.0166590930831
31891000000,-0.0166218966209
31907000000,-0.0165798185811
31907000000,-0.0165424209822
31928000000,-0.0165095438077
31931000000,-0.0164809676715
31936000000,-0.0164485228125
31951000000,-0.0164125728069
31963000000,-0.0163810385567
31972000000,-0.0163434222036
31982000000,-0.016303654865
31991000000,-0.0162686089943
31999000000,-0.016238068024
32012000000,-0.016211754512
32022000000,-0.0161756177071
32029000000,-0.0161423643372
32042000000,-0.0161134009608
32053000000,-0.0160884704611
32062000000,-0.0160672770499
32062000000,-0.016049505303
32081000000,-0.0160178707314
32091000000,-0.0159775069115
32100000000,-0.0159310947117
32110000000,-0.0158895595861
32118000000,-0.0158528043433
32126000000,-0.0158206413659
32140000000,-0.0157928228026
32149000000,-0.015759956313
32161000000,-0.0157254280857
32169000000,-0.0156952547794
32169000000,-0.0156691797319
32191000000,-0.0156355233313
32196000000,-0.0156047486188
32213000000,-0.0155780342968
32213000000,-0.0155551140233
32213000000,-0.0155252195221
32240000000,-0.015496597804
32240000000,-0.0154673939019
32259000000,-0.015435620244
32268000000,-0.0154077966627
