%time,field
2000000,0.0
18000000,-6.44259868077e-26
25000000,1.6842604481e-21
43000000,3.24275403755e-22
43000000,1.39341625402e-21
61000000,-4.2182111628e-22
66000000,5.26420095498e-23
72000000,1.20067812938e-15
88000000,1.27923062338e-15
97000000,1.3476123866e-15
116000000,1.40675061643e-15
116000000,1.45725399033e-15
127000000,1.53975682745e-15
133000000,-1.49122313832e-12
144000000,-1.31312359231e-12
155000000,1.68530601047e-11
162000000,-0.00164050777151
172000000,0.00354251805799
179000000,-0.00347357368941
195000000,0.00355907602513
202000000,-0.00341288204819
221000000,0.00344800037496
238000000,-0.00331738504002
238000000,0.00331683203749
258000000,-0.0689398147462
258000000,-0.0606461580699
263000000,-0.0620760091324
272000000,-0.0528107944382
278000000,-0.0186551414666
291000000,-0.0128236170528
300000000,-0.019324948079
312000000,-0.0125213280606
318000000,-0.0139815224419
331000000,-0.0104266933808
342000000,-0.0112187823818
350000000,-0.0069167917259
356000000,-0.00753167292652
369000000,-0.00370399878293
380000000,0.00841388865288
391000000,0.0125218810559
400000000,0.0090379502927
409000000,0.0612430073144
410000000,0.056452906046
428000000,0.0551804741716
436000000,0.0492752824113
436000000,0.0469793527147
462000000,0.041482377396
472000000,0.0259350031668
487000000,0.0222328683389
492000000,0.0188731127262
502000000,0.00965619401872
512000000,0.00718062007807
527000000,0.00506961343595
533000000,0.0032932122653
541000000,0.00182024177983
541000000,0.000619339814912
541000000,-0.000340322894527
570000000,-0.00253442903497
582000000,-0.0030120685185
582000000,-0.00332048658474
598000000,-0.00337825578412
612000000,-0.00343494631851
620000000,-0.00284579420245
629000000,-0.0027774367635
643000000,-0.00266075115561
659000000,-0.00250875976535
659000000,-0.00233230415273
659000000,-0.00218639148273
681000000,-0.00198398842205
688000000,-0.00177964192199
700000000,-0.00215271005739
711000000,-0.00192142100802
720000000,-0.00169567273047
729000000,-0.00147613269336
742000000,-0.00223798674747
750000000,-0.00198768699595
758000000,-0.00174324188175
770000000,-0.00150874394871
779000000,-0.0450127419603
791000000,-0.0422389544413
801000000,-0.0391047745146
809000000,-0.0357576313998
819000000,-0.0597810484665
829000000,-0.0546567108507
842000000,-0.0493926846603
848000000,-0.0441335386642
859000000,-0.0528468679681
870000000,-0.0475645447146
878000000,-0.0420029306445
892000000,-0.0739728011858
900000000,-0.0668127626833
911000000,-0.0596706704092
918000000,-0.0527038330567
931000000,-0.046031986221
941000000,-0.0566499311003
952000000,-0.0496958552879
961000000,-0.0431010611236
968000000,-0.040241612925
980000000,-0.0343749140584
990000000,-0.0289810248767
995000000,-0.024080694208
1009000000,-0.0153302934197
1021000000,-0.0116620319037
1029000000,-0.00850878876358
1039000000,-0.00583212510797
1049000000,-0.00359108068238
1061000000,-0.00569383068258
1071000000,-0.00393499608273
1081000000,-0.00246042915048
1092000000,-0.00124267264682
1102000000,0.0188173665946
1104000000,0.0185590240732
1110000000,0.017942261515
1118000000,0.0170546736813
1131000000,0.015973353941
1150000000,0.0206572647546
1155000000,0.0190110255032
1170000000,0.0172878055787
1182000000,0.0213539179508
1193000000,0.0192572755113
1199000000,0.0171729482049
1199000000,0.015144844336
1218000000,0.0160284811001
1228000000,0.0141325373584
1238000000,0.0122515482381
1247000000,0.0104934999423
1263000000,0.00887087794305
1263000000,0.0073913150182
1279000000,0.00873445292115
1292000000,0.00738070529567
1302000000,0.0271665157723
1309000000,0.0247623214055
1324000000,0.022311011557
1342000000,0.0198770546618
1348000000,0.0338039933041
1359000000,0.0304585006883
1366000000,0.0271368149935
1372000000,0.0239082143316
1381000000,0.0368117678966
1390000000,0.0329099349609
1397000000,0.0290957660868
1408000000,0.0254343908034
1424000000,0.0219755482537
1429000000,0.0187538217146
1442000000,0.0294514386884
1452000000,0.0258843185562
1462000000,0.0224899299952
1471000000,0.0341671755333
1492000000,0.0303512490141
1492000000,0.0266599131346
1493000000,0.0231499174197
1511000000,0.0312450606052
1522000000,0.0275692297033
1528000000,0.0240500484249
1540000000,0.0207353130641
1550000000,0.030067991082
1563000000,0.026430014543
1570000000,0.0229673685029
1581000000,0.0284753810095
1594000000,0.0249573138514
1607000000,0.0216223804529
1611000000,0.018507215442
1619000000,0.0245613893164
1639000000,0.0214454948089
1639000000,0.0185052895906
1650000000,0.0157700528043
1661000000,0.0132575465511
1672000000,0.0166793174632
1680000000,0.0142829230976
1694000000,0.0275443199625
1702000000,0.0245574876958
1713000000,0.0216501926792
1739000000,0.01887104535
1739000000,0.0162551797153
1746000000,0.0138267008299
1753000000,0.0206150051697
1764000000,0.0180570540828
1774000000,0.0156347420183
1783000000,0.0133724987386
1792000000,0.0170075543653
1802000000,0.0147283743903
1812000000,0.0126001383147
1822000000,0.0137073247269
1831000000,0.011720953501
1838000000,0.00989183455785
1849000000,0.00822711842604
1861000000,0.00735882236075
1870000000,0.00598798906484
1879000000,0.00477207166654
1892000000,0.00370562334358
1895000000,0.00254941991917
1913000000,0.00177166321861
1921000000,0.00111847256555
1930000000,0.000577614814052
1942000000,-0.00153188954423
1949000000,-0.00179123397331
1960000000,-0.00195629032771
1960000000,-0.00204303090166
1960000000,-0.00206600812363
1987000000,-0.0146977330753
1998000000,-0.0138190132781
1999000000,-0.0128172656787
2022000000,-0.01315921982
2032000000,-0.011966712823
2038000000,-0.0107587328904
2038000000,-0.00956563667134
2038000000,-0.00574507323553
2070000000,-0.00479213990993
2078000000,-0.00393301274898
2078000000,-0.00316731562931
2101000000,-0.00257128872498
2111000000,-0.00197787342591
2116000000,-0.00146499141237
2116000000,-0.00102699434051
2117000000,-0.000657766449202
2150000000,-0.00221297162539
2160000000,-0.00183803752461
2171000000,-0.00149998956767
2180000000,-0.00411479673424
2188000000,-0.00365442481498
2200000000,-0.00320814340984
2211000000,-0.00278291374163
2221000000,-0.00677024830016
2230000000,-0.00628682247757
2239000000,-0.00565838296931
2246000000,-0.00503433409291
2254000000,-0.00442767145971
2270000000,-0.00806783712962
2270000000,-0.0072580082925
2292000000,-0.00645514467016
2302000000,-0.0109894145852
2311000000,-0.0098988830104
2314000000,-0.00881532242667
2324000000,-0.00776156158918
2342000000,-0.0110839490838
2351000000,-0.00987086712805
2358000000,-0.00869137471081
2358000000,-0.00756511076615
2382000000,-0.0116519433297
2389000000,-0.0103664307446
2399000000,-0.00911843631275
2399000000,-0.00792806359431
2399000000,-0.0109590589896
2429000000,-0.00968480115382
2439000000,-0.00846124135732
2439000000,-0.00730555849455
2458000000,-0.0108243126752
2470000000,-0.00956327595847
2481000000,-0.00835265416484
2491000000,-0.00720891688077
2500000000,-0.0100967510131
2511000000,-0.00890094524242
2520000000,-0.00775772131427
2532000000,-0.00668064018587
2542000000,-0.00916891942777
2551000000,-0.00802666013504
2561000000,-0.00694419864447
2568000000,-0.00593316434611
2579000000,-0.00500111184981
2589000000,-0.00752287213379
2598000000,-0.00654340934566
2610000000,-0.00562232485908
2610000000,-0.00720043368567
2630000000,-0.00628507701848
2636000000,-0.00542091623363
2638000000,-0.00461628116944
2661000000,-0.00697768651452
2670000000,-0.00612863172654
2679000000,-0.00532009445934
2679000000,-0.00456149493074
2701000000,-0.00546271933078
2712000000,-0.00477926040934
2718000000,-0.00409340706208
2729000000,-0.00345932487308
2740000000,-0.00528021319126
2751000000,-0.0046268848496
2760000000,-0.00400664174246
2770000000,-0.00342629005585
2781000000,-0.00289045517594
2791000000,0.0161269406943
2800000000,0.0153336992827
2810000000,0.0143671025122
2821000000,0.0174898157792
2831000000,0.0160948210537
2840000000,0.0146371623179
2848000000,0.0131627338628
2859000000,0.0117080952644
2871000000,0.00923668441999
2876000000,0.00796777266046
2876000000,0.00679120450238
2901000000,-0.0127306434882
2910000000,-0.0125241445153
2919000000,-0.0120790406292
2930000000,-0.0114560257648
2940000000,-0.0212850395556
2951000000,-0.0197752203409
2959000000,-0.0181410649722
2959000000,-0.016445957535
2982000000,-0.0211716634352
2991000000,-0.0191361477883
2991000000,-0.0171023599003
2991000000,-0.0151156111348
3017000000,-0.0132105381217
3032000000,-0.0140204219274
3043000000,-0.0121804663017
3049000000,-0.0104572986806
3061000000,-0.00952956714967
3073000000,-0.00803374217881
3085000000,-0.00667472213781
3093000000,-0.00545403010787
3099000000,-0.00347824743658
3112000000,-0.00258185532078
3121000000,-0.00181770119846
3133000000,-0.00117476328657
3139000000,-0.000641996600677
3144000000,-0.00020800655222
3161000000,0.00755620358647
3170000000,0.00741033624134
3183000000,0.00712901311377
3190000000,0.00674728062137
3199000000,0.00629505581476
3206000000,0.00814859507872
3220000000,0.00536506240901
3233000000,0.00478928949872
3240000000,0.00422737288449
3249000000,0.00368910991279
3262000000,0.000906199317832
3272000000,0.000583088307532
3277000000,0.000314331934242
3290000000,9.43821633709e-05
3301000000,-8.21830531423e-05
3307000000,-0.00147394354873
3322000000,-0.00150752582254
3329000000,-0.00150147794812
3337000000,-0.00206467543784
3350000000,-0.00198821519116
3362000000,-0.00187086264975
3372000000,-0.00173811481338
3382000000,-0.0015962700328
3402000000,-0.00151164975613
3402000000,-0.00136206184872
3413000000,-0.00081707193553
3423000000,-0.000697905928693
3432000000,-0.000590738556301
3440000000,-0.00049518081096
3449000000,0.000163625878564
3462000000,0.000205604832468
3467000000,0.000231899794218
3481000000,0.000245335938331
3486000000,0.000248721386786
3501000000,0.00164132561273
3512000000,0.00155238078834
3518000000,0.00144511009544
3518000000,0.00132561838744
3518000000,0.0252917581552
3550000000,0.0237782231719
3550000000,0.0220519415987
3550000000,0.0201951202193
3550000000,0.0332393452986
3586000000,0.0304973268638
3609000000,0.0276527842007
3611000000,0.0247896807814
3620000000,0.0310681156925
3631000000,0.027763342116
3635000000,0.0245359834668
3649000000,0.0214409009123
3661000000,0.0225047983372
3669000000,0.0195470645267
3685000000,0.0167769178181
3700000000,0.0142167143599
3712000000,0.0118795787053
3712000000,0.0122250049788
3721000000,0.0102651352433
3730000000,0.0084276336476
3738000000,0.00678956880298
3738000000,0.00534545568669
3762000000,0.00435901697803
3781000000,0.00325708340615
3784000000,0.00231522851562
3792000000,-0.0154886976427
3801000000,-0.015128476513
3812000000,-0.0180308862776
3821000000,-0.0169959444064
3828000000,-0.0158007037177
3841000000,-0.0145058840379
3852000000,-0.0131614097318
3861000000,-0.0106686849616
3870000000,-0.00941000611678
3881000000,-0.00820814566569
3881000000,-0.00602938455723
3905000000,-0.0050686996844
3918000000,-0.00419864972444
3918000000,-0.001630005064
3918000000,-0.00103974263902
3952000000,0.00695280119198
3959000000,0.00693878665856
3971000000,0.00677294442326
3981000000,0.00649041350209
3989000000,0.00941431264131
4000000000,0.00878510745867
4011000000,0.0080925931638
4020000000,0.00829977550993
4030000000,0.00750110056336
4038000000,0.00670396489151
4038000000,0.00592594225586
4038000000,0.00518044229013
4068000000,0.00343203719261
4082000000,0.0028381478139
4089000000,0.000357236322288
4101000000,7.27238116759e-06
4101000000,-0.000268105435833
4135000000,-0.000478507740599
4135000000,-0.000632973285246
4135000000,-0.000739891452674
4135000000,-0.000806855943767
4162000000,-0.00352953062399
4169000000,-0.00336791762773
4179000000,-0.00104206721808
4192000000,-0.00094292901972
4197000000,-0.00084273648248
4210000000,0.000895490371061
4219000000,0.000888008219413
4231000000,0.00086341908676
4240000000,0.000825911759434
4255000000,0.0011532343831
4255000000,0.00107677952069
4270000000,0.000993764265158
4277000000,0.000907450034651
4302000000,0.00082033070848
4312000000,0.000446676942515
4321000000,0.000372273882068
4324000000,0.000313894996176
4336000000,-0.000381620895749
4345000000,-0.000390271848795
4353000000,-0.000386555032631
4366000000,-0.000373380060522
4372000000,-0.000353068818566
4380000000,-0.00179879459112
4390000000,-0.0016868532587
4395000000,-0.00155869697567
4396000000,-0.00142077150964
4420000000,-0.0031280605791
4428000000,-0.00287406864357
4438000000,-0.00260790283654
4450000000,-0.00233747201106
4461000000,-0.00436774202919
4468000000,-0.00397011784873
4479000000,-0.00356560454109
4491000000,-0.00593014929424
4502000000,-0.00539000596055
4511000000,-0.00484218888639
4518000000,-0.00429979230383
4532000000,-0.00377358505602
4541000000,-0.0272740897924
4551000000,-0.0252363935188
4562000000,-0.0230637687134
4563000000,-0.0361701166719
4580000000,-0.0330886237974
4587000000,-0.0299164513484
4596000000,-0.0267450133041
4602000000,-0.0236454342824
4602000000,-0.020671961064
4630000000,-0.024676521612
4639000000,-0.0216537021809
4649000000,-0.0187858128409
4661000000,-0.0196036196845
4667000000,-0.0169186186219
4679000000,-0.0144229803097
4686000000,-0.0121325869653
4699000000,-0.00975863368156
4708000000,-0.00791376060363
4709000000,-0.00628232097711
4725000000,-0.00485580379618
4739000000,-0.00169887567262
4751000000,-0.000753348647626
4758000000,8.75324992916e-06
4769000000,0.000609158926113
4781000000,0.004455253823
4789000000,0.00457636443615
4799000000,0.00456912628897
4799000000,0.00446099193287
4817000000,0.0082734478089
4827000000,0.00779626079886
4839000000,0.00724511209277
4839000000,0.00664799119915
4861000000,0.00602791046065
4873000000,0.0101425821283
4882000000,0.00923187965631
4891000000,0.0121708547228
4899000000,0.0110331771485
4910000000,0.0098885743709
4927000000,0.00876421629535
4938000000,0.00768091057984
4951000000,0.00665428588042
4960000000,0.00569553614128
4971000000,0.0087495000039
4979000000,0.00768122913704
4979000000,0.00666614845335
4979000000,0.00929000577934
5012000000,0.00817825360442
5012000000,0.00711781849761
5012000000,0.00612189864441
5031000000,0.00519858259456
5042000000,0.00844760870957
5052000000,-0.00210276624992
5062000000,-0.00250390627283
5066000000,-0.00276546416717
5076000000,-0.0029112328816
5085000000,-0.0029622146256
5095000000,-0.00634144909538
5106000000,-0.00604469576727
5127000000,-0.00567733231702
5131000000,-0.00526259676492
5139000000,-0.0046376799475
5153000000,-0.00419419894708
5161000000,-0.00375254917726
5167000000,-0.0021631629238
5182000000,-0.00181989261301
5194000000,-0.00151083051342
5195000000,-0.00123561444013
5198000000,-0.000993242004377
5221000000,0.00124317049428
5231000000,0.00130051984011
5239000000,0.0013149666985
5239000000,0.00129451305158
5260000000,0.00366530988299
5268000000,0.00345544884212
5285000000,0.00321029469893
5285000000,0.00294285213874
5285000000,0.00266385013871
5311000000,0.0272284289931
5321000000,0.0255926658953
5330000000,0.0385856442598
5347000000,0.0357554919684
5347000000,0.0327210444387
5361000000,0.0295953266608
5371000000,0.0264677209566
5382000000,0.0234090817529
5391000000,0.0293356301092
5399000000,0.026017741031
5410000000,0.0228190359204
5417000000,0.0230581567077
5428000000,0.0200362604139
5439000000,0.0172050671369
5451000000,0.0145878923348
5458000000,0.0121984368344
5470000000,-0.00814007109954
5480000000,-0.00885436521129
5490000000,-0.00921978213497
5490000000,-0.0124928039074
5511000000,-0.0121499645592
5520000000,-0.0116084533742
5530000000,-0.0109222676317
5537000000,-0.00797791387474
5551000000,-0.00726023833521
5565000000,-0.00653276550331
5571000000,-0.00581377119851
5580000000,-0.00209904607354
5590000000,-0.00161345580216
5597000000,-0.00119492770063
5599000000,-0.000838515202421
5622000000,0.00203404366504
5629000000,0.00212355262725
5652000000,0.00214639052967
5652000000,0.00211627041691
5653000000,0.00204513807725
5673000000,0.00194339427537
5701000000,0.00391577448463
5701000000,0.00364359818562
5709000000,0.00334782098035
5712000000,0.0030401554349
5722000000,0.00643942134565
5732000000,0.00655709110201
5739000000,0.00595456129975
5740000000,0.00534715949972
5752000000,0.0047495530439
5771000000,0.00417315462671
5777000000,0.00157067798315
5790000000,0.00118594713257
5799000000,0.000857273754811
5807000000,0.00058014108586
5822000000,-0.00376441690375
5832000000,-0.00369424577546
5841000000,-0.00355487355348
5851000000,-0.00336404879826
5861000000,-0.00752037959776
5867000000,-0.00700638870706
5880000000,-0.00644304612844
5887000000,-0.00585364798662
5897000000,-0.00525658633964
5907000000,-0.00899311005637
5920000000,-0.00813937196964
5920000000,-0.00728267368848
5942000000,-0.00644283733583
5943000000,-0.00563510473998
5960000000,-0.00901692386117
5971000000,-0.00804413298689
5981000000,-0.0070955386697
5993000000,-0.0111970415239
5999000000,-0.0100202819434
6009000000,-0.00886688222419
6020000000,-0.00775775723628
6021000000,-0.00670849508307
6041000000,-0.00899032638822
6052000000,-0.00790228413545
6059000000,0.00765863481217
6069000000,0.00779812737711
6081000000,0.00773497629633
6091000000,0.0117299793051
6096000000,0.0111540614974
6105000000,0.0104516727439
6114000000,0.00966623599995
6114000000,0.00883308155236
6114000000,0.00798096121337
6144000000,0.00653266909112
6158000000,0.00574543855504
6171000000,0.00294885779125
6180000000,0.00236252229323
6191000000,0.00184938172567
6200000000,0.00140615951363
6207000000,-0.00145437317657
6217000000,-0.0016141124414
6231000000,-0.00170142225871
6241000000,-0.00172972225474
6246000000,-0.00171106948339
6260000000,-0.00165609825683
6268000000,-0.0015729587625
6279000000,-0.00146957816326
6291000000,-0.0259597352808
6299000000,-0.0242590964992
6304000000,-0.0411652741784
6321000000,-0.0380476799593
6329000000,-0.0431015012052
6338000000,-0.0391995404178
6352000000,-0.0352450246551
6364000000,-0.0313379396881
6365000000,-0.0275558258377
6365000000,-0.0239570215877
6395000000,-0.0205834108986
6400000000,-0.020463655818
6411000000,-0.0174408567893
6421000000,-0.0155904095394
6427000000,-0.0130150170372
6439000000,-0.010693383283
6448000000,-0.00862382203724
6461000000,-0.00481251468649
6468000000,-0.00334439180694
6483000000,-0.00211235125758
6492000000,-0.00109391890169
6502000000,-0.000266804294488
6511000000,0.0126632223514
6520000000,0.0123554607355
6532000000,0.0118362286563
6539000000,0.0111619007085
6548000000,0.012126571857
6559000000,0.011166249461
6565000000,0.0101590440968
6580000000,0.00775914338653
6591000000,0.00684077620485
6592000000,0.00596331390425
6608000000,0.00513767617562
6608000000,0.0027731779014
6625000000,0.00216239306778
6659000000,0.00163164966429
6659000000,0.00117587423115
6660000000,0.000789312064909
6675000000,-0.000530212151839
6682000000,-0.000735545126803
6688000000,0.00728057857908
6696000000,0.00667189347021
6711000000,0.00604123949277
6721000000,0.00540759194584
6729000000,0.0108576409483
6741000000,0.00987810758931
6751000000,0.00888356505418
6754000000,0.00789967726097
6769000000,0.00694639831345
6781000000,0.0108927733449
6790000000,0.00971662017865
6799000000,0.00857062675514
6810000000,0.00747406627234
6820000000,0.0107206078255
6831000000,0.00952679623451
6840000000,0.00837214095417
6851000000,0.0103912888126
6862000000,0.00918999491572
6869000000,0.00803627615433
6878000000,0.00694555730139
6890000000,0.00592892388161
6901000000,0.00808281339235
6911000000,0.00715241176432
6921000000,0.00618400055264
6930000000,0.00528049094755
6940000000,-0.00972231877536
6948000000,-0.0095354581815
6948000000,-0.00917650032673
6972000000,-0.00868999373519
6982000000,-0.0114135415212
6989000000,-0.0105635950269
7001000000,-0.00965954966839
7010000000,-0.00828992162875
7023000000,-0.00739093787353
7032000000,-0.00651911264825
7040000000,-0.00568819730405
7040000000,-0.00490798632357
7059000000,-0.00246815036785
7074000000,-0.00190532025584
7077000000,-0.0014215178478
7089000000,0.00102945039257
7108000000,0.0012566534422
7113000000,0.0014052797063
7122000000,0.00148877786613
7130000000,0.0040586488719
7138000000,0.00388081818361
7150000000,0.00365119028732
7158000000,0.00338613523274
7171000000,0.0030990899523
7182000000,0.0273324722225
7191000000,0.0255924407979
7200000000,0.0236465380638
7211000000,0.0215820752304
7220000000,0.0338664077545
7229000000,0.0308797919607
7237000000,0.0278330761109
7251000000,0.0248074017561
7260000000,0.0295865210632
7272000000,0.0263039614271
7280000000,0.0231275047584
7291000000,0.0225665062583
7301000000,0.0195959025025
7307000000,0.0168149688429
7319000000,0.0142461641872
7320000000,0.011902118626
7341000000,0.0100505148571
7349000000,0.00815079894506
7356000000,0.0064706173069
7366000000,0.00500126056831
7381000000,0.00135279331187
7389000000,0.000423711992841
7403000000,-0.000317974761644
7413000000,-0.000895274024577
7420000000,-0.00432818843822
7428000000,-0.00445262773378
7442000000,-0.00445079681966
7452000000,-0.00962480570577
7461000000,-0.00915248445168
7466000000,-0.00857430885484
7481000000,-0.00792619777211
7495000000,-0.00723745849265
7499000000,-0.00693536676428
7512000000,-0.00620763523148
7522000000,-0.00549430113309
7538000000,-0.0042335386761
7538000000,-0.00362102827597
7555000000,-0.00305623249428
7563000000,-0.00254170860822
7571000000,-0.0107686813339
7581000000,-0.00988038799135
7588000000,-0.00895880776828
7589000000,-0.00803064978968
7589000000,-0.00711804829844
7589000000,-0.00623812352505
7631000000,-0.00540369394108
7642000000,-0.0108408052759
7650000000,-0.00971510512928
7662000000,-0.0152515640988
7670000000,-0.0137954997808
7676000000,-0.0123376034359
7691000000,-0.0109109904724
7698000000,-0.0131726886045
7708000000,-0.0116409509451
7719000000,-0.0101717143156
7731000000,-0.011277098393
7742000000,-0.0098392968429
7751000000,-0.00848438405226
7762000000,-0.007225182717
7771000000,-0.00880366518039
7782000000,-0.00759540127966
7789000000,-0.00647189160853
7800000000,-0.00544000489914
7810000000,-0.00450354205177
7820000000,0.0101122245868
7827000000,0.00994057719736
7838000000,0.00958436388558
7850000000,0.00909057800394
7857000000,0.0118009386603
7870000000,0.0109482450865
7877000000,0.0100329651986
7888000000,0.00908889632629
7890000000,0.00757303351175
7896000000,0.00668007534541
7919000000,0.00582862270365
7919000000,0.00502840180885
7920000000,0.00255971381896
7951000000,0.00198038552536
7956000000,0.00148135985295
7967000000,0.00105673869433
7982000000,0.00181684963276
7996000000,0.00145333416762
7996000000,0.00113576431574
8009000000,0.000861839582969
8022000000,-0.000690627051026
8032000000,-0.00079877446194
8042000000,-0.000864259293172
8050000000,-0.000894679107193
8060000000,-0.00364301145398
8072000000,-0.00345441698116
8082000000,-0.00322686653372
8094000000,-0.00297328275172
8114000000,-0.00270497899154
8114000000,-0.00243109578492
8114000000,-0.00215895992921
8114000000,-0.0221820613084
8114000000,-0.0206837290215
8151000000,-0.0190386638567
8162000000,-0.0322729348174
8166000000,-0.0295287584699
8180000000,-0.0365777293801
8191000000,-0.0330950316085
8202000000,-0.0296086320988
8210000000,-0.026197557701
8221000000,-0.0239151990311
8244000000,-0.0207543057621
8244000000,-0.0177981176636
8253000000,-0.0150695811809
8265000000,-0.0125816356888
8272000000,-0.0103390975137
8284000000,-0.0069197351177
8292000000,-0.00524704155323
8302000000,-0.000540774681581
8312000000,0.000462183784019
8322000000,0.00124202718811
8328000000,0.00563324960494
8342000000,0.00583605490241
8352000000,0.00586470471479
8364000000,0.0057555237739
8372000000,0.00554028379404
8381000000,0.00788205197194
8391000000,0.00737708545734
8400000000,0.00681318539933
8408000000,0.00621543465816
8421000000,0.00531720649062
8432000000,0.00472795323114
8438000000,0.00415701143828
8450000000,0.00361282462837
8458000000,0.00251831000003
8468000000,0.00208291194983
8486000000,0.00169178725783
8494000000,0.0013442463088
8500000000,0.00084264390792
8511000000,0.000589275422745
8521000000,0.000374865118451
8531000000,0.000195544840523
8538000000,0.000463048098547
8573000000,0.000197243707791
8573000000,9.45432124193e-05
8582000000,0.017033030423
8593000000,0.0160335239247
8601000000,0.014886362653
8609000000,0.0241769276381
8621000000,0.0226190637389
8631000000,0.0206319581535
8642000000,0.0186021165316
8648000000,0.0165843675061
8664000000,0.0146216584105
8671000000,0.0203312050725
8681000000,0.0180893259869
8694000000,0.0203401356891
8701000000,0.0180221637166
8711000000,0.0157898154341
8717000000,0.0136756140809
8730000000,0.0117023577389
8741000000,0.0124448944132
8749000000,0.0106179724998
8759000000,0.00893903873814
8768000000,0.00741437414447
8781000000,-0.0110014861908
8792000000,-0.0111476687228
8799000000,-0.0110144381987
8809000000,-0.0106641913212
8819000000,-0.0136615729822
8828000000,-0.0128160980331
8837000000,-0.0118644758532
8854000000,-0.0108505021197
8854000000,-0.00879433223109
8868000000,-0.00781583305929
8879000000,-0.00687090813544
8879000000,-0.00597428986235
8901000000,-0.00291962920238
8909000000,-0.00227234108524
8916000000,-0.00171297971186
8916000000,-0.00123537672019
8941000000,0.00150887594712
8950000000,0.00171265446911
8959000000,0.0018331992015
8971000000,0.00188550051302
8982000000,0.00421392796931
8987000000,0.00401904772917
8998000000,0.00377405063555
8998000000,0.00349512813671
9022000000,0.0203998135596
9030000000,0.0190349589782
9037000000,0.0175317695344
9046000000,0.0159535909722
9067000000,0.0230721953954
9067000000,0.02092922889
9079000000,0.0187711304715
9086000000,0.0166498058135
9093000000,0.0189700804076
9108000000,0.0167745650697
9119000000,0.0146683843505
9130000000,0.0126798947994
9142000000,0.0112070191886
9151000000,0.00948192111192
9159000000,0.00791022995013
9170000000,0.00649481392087
9181000000,0.00352449212645
9194000000,0.00252109381793
9201000000,0.00167421129597
9207000000,-0.001918669979
9221000000,-0.0023334192527
9231000000,-0.00260752181757
9239000000,-0.00276453819001
9252000000,-0.00282575770212
9262000000,-0.00633981667602
9270000000,-0.00603313186849
9280000000,-0.00565553937456
9291000000,-0.00523049342601
9300000000,-0.00878114504589
9310000000,-0.00804981702702
9321000000,-0.00729220292643
9331000000,-0.00653081991041
9347000000,-0.00578344383371
9347000000,-0.00506378766649
9369000000,8.20376112038e-05
9376000000,0.000438612145393
9376000000,0.000710948647141
9389000000,0.00354378970482
9402000000,0.00351759844069
9402000000,0.00341988305252
9422000000,0.00240750606019
9430000000,0.00226580843195
9442000000,0.00210524592443
9450000000,0.000775807382039
9460000000,0.000674307275631
9471000000,0.000581396572689
9480000000,0.000497306636899
9490000000,-0.00102826309156
9503000000,-0.00101379446814
9507000000,-0.000977312028931
9517000000,-0.000924567836216
9532000000,-0.00086043101931
9542000000,-0.0216200962361
9550000000,-0.0201557019466
9561000000,-0.0185481737999
9572000000,-0.0168638569754
9582000000,-0.0151567884439
9590000000,-0.0270431236063
9602000000,-0.0246685647065
9609000000,-0.0222444301928
9619000000,-0.0283061939471
9626000000,-0.0254874668523
9642000000,-0.0226926992827
9649000000,-0.0199804116501
9665000000,-0.0226782918372
9669000000,-0.0199390245524
9681000000,-0.0173325970048
9692000000,-0.017044792992
9701000000,-0.0146661629437
9711000000,-0.0124621355026
9721000000,-0.0104449014188
9731000000,0.00953631736438
9740000000,0.0100778104303
9749000000,0.0102799028147
9759000000,0.0102105346202
9769000000,0.00992864820232
9780000000,0.00948556014705
9791000000,0.0118926657477
9797000000,0.0110743747977
9810000000,0.00890280390231
9820000000,0.00804658021201
9829000000,0.00719302561798
9839000000,0.00636056524304
9848000000,0.00556334002971
9859000000,0.0023867964519
9871000000,0.0018399618276
9880000000,0.00136886594045
9891000000,0.000967810416897
9902000000,-0.00178601351137
9917000000,-0.00190354744431
9922000000,-0.00195262825042
9933000000,-0.00194671240078
9942000000,-0.00189763518077
9947000000,-0.0142075682298
9958000000,-0.0134099580539
9969000000,-0.0124793332604
9980000000,-0.011465989447
9989000000,-0.0165677326341
10006000000,-0.015132488172
10006000000,-0.0136623878895
10007000000,-0.0146606465169
10033000000,-0.0130725997539
10037000000,-0.0115285669853
10038000000,-0.0100538176583
10039000000,-0.00866686017782
10057000000,-0.00693312016363
10079000000,-0.00578121914953
10090000000,-0.00474455767219
10098000000,-0.000427596317356
10112000000,0.000171495055873
10116000000,0.000639175057378
10130000000,0.000992484485382
10138000000,0.00124779729748
10146000000,0.00526417269187
10157000000,0.00511592339751
10162000000,0.00488347983482
10203000000,0.0090411178241
10203000000,0.00841548736719
10203000000,0.00773261532844
10205000000,0.00702008969215
10220000000,0.006300111758
10238000000,0.00928313338599
10250000000,0.00835607842366
10278000000,0.00743723667497
10278000000,0.0056948349454
10286000000,0.00489524783567
10298000000,0.00415397579196
10308000000,0.00787537787053
10308000000,0.00700887534541
10336000000,-0.00299230834244
10336000000,-0.00319629179973
10342000000,-0.00952742842223
10352000000,-0.00918745053164
10362000000,-0.00871588454002
10371000000,-0.00646507048148
10381000000,-0.00594102587673
10390000000,-0.00539717712623
10412000000,-0.00484952967872
10412000000,-0.00431142380451
10421000000,-0.00379350271028
10421000000,-0.00134334898754
10422000000,-0.00100812165778
10422000000,-0.000723822422558
10460000000,0.00162242472401
10468000000,0.0017032114859
10478000000,0.00172700452872
10491000000,0.0264539455965
10499000000,0.0250416551959
10500000000,0.023368261795
10521000000,0.0215240045717
10531000000,0.0358883855585
10542000000,0.0330293279807
10552000000,0.0300371834226
10561000000,0.0270042505281
10567000000,0.0240072450236
10580000000,0.0306722793631
10589000000,0.0273112434599
10598000000,0.0240492688432
10609000000,0.0209385945124
10614000000,0.0239738360571
10620000000,0.0208928054509
10628000000,0.0179950989899
10649000000,0.015307165162
10658000000,0.01435331351
10667000000,0.0120334048359
10671000000,0.00993463259902
10675000000,0.00805756055071
10698000000,-0.0118498266607
10708000000,-0.0121581549853
10719000000,-0.0121299359081
10731000000,-0.0118371252983
10741000000,-0.0145607787846
10752000000,-0.0137034647049
10757000000,-0.0127218174757
10757000000,-0.0116639563223
10757000000,-0.0105701485059
10787000000,-0.00789552269636
10798000000,-0.00691156660739
10810000000,-0.00598205144955
10819000000,-0.00277014347907
10828000000,-0.00212996123584
10835000000,-0.00157798285205
10835000000,-0.00110811900901
10855000000,-0.00071343431925
10855000000,-0.000386698835407
10855000000,-0.000120765991574
10888000000,0.00227868503536
10892000000,0.00231526492497
10908000000,0.00229232277211
10919000000,0.00833328154474
10927000000,0.00782955907311
10939000000,0.0072574934943
10952000000,0.00988789992415
10959000000,0.00904454487823
10959000000,0.00817789400564
10979000000,0.00597374496775
10991000000,0.00520362578361
10997000000,0.00448087218605
11006000000,0.00381179918233
11019000000,0.000197054607048
11032000000,-0.000183586960965
11034000000,-0.000478415429742
11048000000,-0.000699112263102
11061000000,-0.00456475820661
11071000000,-0.00444557204893
11072000000,-0.00425088675458
11072000000,-0.00400103786582
11072000000,-0.00371326579182
11072000000,-0.00340203354811
11118000000,-0.0068799848987
11127000000,-0.0118038790483
11142000000,-0.0109028369769
11151000000,-0.00994655739555
11161000000,-0.00896876429688
11171000000,0.00285759175383
11178000000,0.00316759295841
11191000000,0.00334251512669
11202000000,0.00340697295311
11212000000,0.00624934404707
11223000000,0.00598125694623
11229000000,0.00563823237279
11234000000,0.00524391642813
11250000000,0.0048180444743
11260000000,0.00156873144156
11272000000,0.0012938336924
11279000000,0.00105040267591
11289000000,0.000837776090464
11300000000,-0.0204163271594
11312000000,-0.0192239274559
11320000000,-0.0178514152817
11329000000,-0.0163677706797
11340000000,-0.0148299929231
11349000000,-0.0276944249414
11361000000,-0.0252536220668
11368000000,-0.0227623813423
11380000000,-0.0285010882506
11392000000,-0.0255787355159
11401000000,-0.022700992278
11411000000,-0.0199230879916
11420000000,-0.0228782850001
11432000000,-0.0200755964109
11439000000,-0.0174155107333
11450000000,-0.0149275808934
11458000000,-0.0146035037951
11472000000,-0.0123883209709
11483000000,-0.010363901117
11491000000,-0.00853564163716
11502000000,-0.00780276493819
11507000000,-0.00630826009001
11523000000,-0.0049879619031
11535000000,-0.00383472475344
11546000000,-0.00283905760481
11551000000,-0.00198996855921
11570000000,-0.000529695222487
11589000000,1.27976182732e-05
11589000000,0.000440979520014
11590000000,0.000769156318721
11600000000,0.00275407064425
11612000000,0.00491038876496
11622000000,0.00477195910536
11629000000,0.00455594559903
11652000000,0.00428397306169
11652000000,0.00397441653831
11662000000,0.0061397452397
11678000000,0.00565234555914
11682000000,0.00514208029877
11690000000,0.00462487802037
11704000000,0.00597062765188
11710000000,0.00535402185796
11717000000,0.00474877623956
11728000000,0.00416523607448
11741000000,0.00583434881279
11751000000,0.00517496130807
11759000000,0.00453922986816
11771000000,0.00393626480115
11778000000,0.00531532276361
11792000000,0.0046790520536
11813000000,0.00407239743581
11813000000,0.00350265589274
11831000000,0.00297480006006
11831000000,0.00249174106367
11838000000,0.00379398421624
11853000000,0.00547456369046
11859000000,0.00487144152746
11872000000,0.00428696794456
11882000000,0.00372965368659
11895000000,0.00438989831079
11902000000,0.0038309040191
11912000000,0.00330401529301
11922000000,0.00281401502813
11931000000,0.00363019862553
11941000000,0.00314511289652
11951000000,0.00269153553655
11962000000,0.00227312690451
11972000000,0.00283643587727
11981000000,0.00243746085798
11992000000,0.00206764707896
12003000000,0.00172877845041
12013000000,0.00289933578346
12020000000,0.0025372185469
12028000000,0.00219424414715
12041000000,0.00187410653414
12053000000,0.00157914993383
12058000000,0.00131057758636
12073000000,0.00106847544921
12073000000,0.0013189172859
12091000000,0.00220839229363
12098000000,0.00194660440632
12110000000,0.00169589618959
12120000000,0.00145964431917
12132000000,0.00145971274216
12140000000,0.00124586695994
12151000000,0.0010489941995
12151000000,0.000870173244615
12151000000,0.000708967010641
12184000000,-0.000392475987376
12184000000,-0.000459993884732
12212000000,-0.000503480758951
12224000000,-0.000527216057064
12224000000,-0.000534736871501
12243000000,-0.000528649390785
12243000000,-0.000512764091348
12252000000,-0.00102675616701
12264000000,-0.000964945847029
12272000000,-0.000895153032743
12289000000,-0.00082072950399
12289000000,-0.000744453202052
12291000000,-0.000667469826079
12310000000,-0.000592553257705
12322000000,-0.000189592938151
12329000000,-0.0005192824616
12345000000,-0.00045867764594
12351000000,-0.000401097334547
12361000000,-0.000347390158635
12370000000,-0.000328831857339
12380000000,-0.000281354209444
12391000000,-0.000238082729367
12401000000,-0.000199043618
12409000000,-0.000429292474332
12421000000,-0.000392604790792
12431000000,-0.000348205759931
12441000000,-0.000305453658114
12449000000,-0.000265207493102
12460000000,-0.000385211773381
12472000000,-0.00034204539338
12480000000,-0.000300610220592
12487000000,-0.000261505538481
12501000000,-0.000225130282149
12509000000,-0.000543649365107
12523000000,-0.000492389943488
12531000000,-0.000441231490713
12542000000,-0.000391242941701
12547000000,-0.00089486712324
12560000000,-0.000814962012938
12572000000,-0.00073392432323
12582000000,-0.00091665960126
12591000000,-0.000822025020506
12601000000,-0.000729277864407
12612000000,-0.000639973620744
12621000000,-0.00111282564362
12632000000,-0.00100107860186
12638000000,-0.000890670600855
12651000000,-0.000783686672654
12661000000,-0.00124261363171
12672000000,-0.00111435131812
12681000000,-0.000988244169298
12696000000,-0.00167013684836
12696000000,-0.00150777441318
12715000000,-0.00134604406671
12722000000,-0.00118833354571
12736000000,-0.00183438714279
12750000000,-0.00167026481115
12760000000,-0.00148246933181
12767000000,-0.00130113871741
12771000000,-0.0011289457648
12782000000,-0.000967837885994
12793000000,-0.00166673928319
12802000000,-0.00147984451696
12812000000,-0.00129949347558
12823000000,-0.00112810104786
12833000000,-0.00230462369556
12845000000,-0.00208305961924
12852000000,-0.00186183938445
12861000000,-0.00269180138058
12862000000,-0.00241987439638
12883000000,-0.00215145710057
12892000000,-0.00189157279883
12893000000,-0.00291141243759
12895000000,-0.00261000947468
12920000000,-0.00231401109147
12931000000,-0.00310064923515
12940000000,-0.00277008667191
12948000000,-0.0024474095002
12960000000,-0.00213815564563
12967000000,-0.00184626674776
12980000000,-0.0015746145909
12991000000,-0.00132499130953
13002000000,-0.00217079103025
13011000000,-0.00331976169111
13021000000,-0.00297098923852
13031000000,-0.0026295199557
13042000000,-0.00230119983146
13049000000,-0.00291836762988
13061000000,-0.00257301491224
13068000000,-0.00224296595089
13076000000,-0.00193224166831
13077000000,-0.00164378410016
13077000000,-0.00247134080444
13111000000,-0.0021720884805
13117000000,-0.00188752466247
13117000000,-0.00162069422445
13135000000,-0.00137384926437
13145000000,-0.00207833650738
13165000000,-0.00181247870402
13168000000,-0.00274523138318
13181000000,-0.00244504548418
13190000000,-0.00215334749523
13199000000,-0.00187495667527
13211000000,-0.00161332150681
13215000000,-0.00137070150009
13226000000,-0.00114842426342
13241000000,-0.000947423091769
13248000000,-0.000767521467867
13259000000,-0.00153305046332
13270000000,-0.00250110693306
13279000000,-0.00224690298483
13291000000,-0.00294365302763
13299000000,-0.00264522970816
13308000000,-0.00235063860476
13309000000,-0.00206564846706
13329000000,-0.00179452900242
13340000000,-0.00154042276887
13351000000,-0.00130542270742
13363000000,-0.00196418056728
13369000000,-0.00287784505978
13382000000,-0.00257479486036
13398000000,-0.00227811081768
13398000000,-0.0019930573135
13412000000,-0.00246071699599
13428000000,-0.00216732807758
13440000000,-0.00188735256881
13449000000,-0.00162426828569
13450000000,-0.001380329256
13462000000,-0.00191981697299
13472000000,-0.00167522211146
13496000000,-0.00144468041883
13496000000,-0.00123047887471
13503000000,-0.00175818290648
13515000000,-0.00154035822342
13523000000,-0.00133419680855
13532000000,-0.00114166494152
13542000000,-0.00163272373836
13552000000,-0.00143108272846
13561000000,-0.0012400134199
13577000000,-0.00170556194997
13582000000,-0.00150420747239
13593000000,-0.0013117488677
13593000000,-0.00113050484256
13610000000,-0.000962377710885
13621000000,-0.00136461958524
13621000000,-0.00118867990271
13643000000,-0.00102337136183
13651000000,-0.000870173211249
13659000000,-0.00118463887735
13671000000,-0.00102972216351
13682000000,-0.00088461456324
13689000000,-0.00075047630322
13699000000,-0.00105563690296
13722000000,-0.000918217607694
13725000000,-0.000789407942057
13736000000,-0.000670299644953
13736000000,-0.000561158374715
13750000000,-0.000865765082144
13761000000,-0.000750566432113
13771000000,-0.00538158960524
13781000000,-0.00498466255665
13791000000,-0.00456008929512
13800000000,-0.00412330711699
13813000000,-0.00646535184862
13834000000,-0.00587146035706
13834000000,-0.00527191578051
13845000000,-0.0046813015216
13851000000,-0.00411095254137
13857000000,-0.00520940374085
13866000000,-0.004593409183
13883000000,-0.00400512763894
13887000000,-0.00415934369942
13900000000,-0.00360340815906
13907000000,-0.00308461122163
13911000000,-0.002606705814
13911000000,-0.00217173842766
13915000000,-0.00178038532493
13915000000,-0.00143216629086
13958000000,-0.00144063240351
13969000000,-0.00115507958169
13980000000,-0.00101161589924
13992000000,-0.000786795796615
13998000000,-0.00059210515376
14013000000,-0.000425558581528
14019000000,0.000105266784902
14030000000,0.000197539293755
14046000000,0.000265513966339
14055000000,0.000312959630878
14063000000,0.000343157032322
14072000000,0.000752066248178
14099000000,0.000733866562159
14099000000,0.000702889739363
14111000000,0.000662735783503
14111000000,0.000615802362781
14121000000,0.00124467251374
14132000000,0.00196116663715
14141000000,0.00181177660332
14152000000,0.00165308565507
14159000000,0.00149076348466
14169000000,0.00132951111299
14181000000,0.00117211207187
14189000000,0.00163655787442
14197000000,0.00145521663472
14211000000,0.00127937749003
14216000000,0.00155545576263
14223000000,0.00136865535882
14242000000,0.00119079422142
14251000000,0.00102353112457
14259000000,0.000868096331408
14269000000,0.000725820490377
14277000000,0.00106168122211
14292000000,0.0017862782642
14299000000,0.00160030585387
14316000000,0.00141772559264
14323000000,0.00124190497547
14332000000,0.00106205183303
14341000000,0.00090657727054
14356000000,0.000763308074556
14361000000,0.000632898151961
14371000000,0.000515499435959
14381000000,0.00112228673125
14393000000,0.000985476241904
14403000000,0.000854598502774
14412000000,0.000731861244851
14420000000,0.000686756324426
14431000000,0.000579093933013
14440000000,0.000480843810455
14448000000,0.000392305912403
14464000000,0.000313882101283
14469000000,0.000244196635095
14481000000,0.000183257681365
14491000000,0.000720516525034
14508000000,0.000852218487404
14508000000,0.000759741491358
14520000000,0.000669461509951
14532000000,0.000891357204539
14539000000,0.000791896773412
14551000000,0.000695022849595
14558000000,0.000602789368796
14573000000,0.000516220523089
14588000000,0.00049678505797
14588000000,0.00041952252573
14600000000,0.000349139801433
14612000000,0.000272020306171
14619000000,0.000215642196698
14622000000,0.000166067088242
14640000000,0.000122923469491
14649000000,8.58348523816e-05
14666000000,0.000207855092932
14673000000,0.000171384529578
14686000000,0.000138777401926
14686000000,0.000109272904344
14699000000,-0.000239329439793
14707000000,-0.000242668294386
14728000000,-0.000240172440789
14731000000,0.000106122337173
14738000000,9.79850093772e-05
14750000000,8.95113499832e-05
14760000000,8.0283887862e-05
14771000000,-0.000112678777884
14787000000,-0.000110231403161
14791000000,-0.000106114303893
14810000000,-0.000100780688444
14811000000,-9.45814826269e-05
14821000000,-8.75985864146e-05
14821000000,0.000180646217501
14842000000,0.000173059576308
14851000000,0.000113128139647
14860000000,0.000104305584336
14870000000,9.47720895342e-05
14881000000,8.48832559443e-05
14892000000,0.000238487915748
14900000000,0.000219425618084
14909000000,0.000199045777906
14922000000,0.000178313476315
14932000000,9.62030604848e-05
14935000000,7.99945630051e-05
14950000000,6.52193696233e-05
14958000000,5.19597771726e-05
14975000000,4.03192654373e-05
14981000000,3.00096890369e-05
14988000000,4.06762376716e-05
14994000000,3.17681264721e-05
14995000000,2.38561721465e-05
15021000000,1.69202414073e-05
15030000000,-4.21351908055e-05
15041000000,-4.36518830626e-05
15051000000,-4.39163392433e-05
15062000000,-8.89687655418e-05
15072000000,-8.47708861129e-05
15080000000,-7.97094071392e-05
15080000000,-7.40751799404e-05
15107000000,-6.81365921914e-05
15107000000,-2.80500114343e-05
15116000000,-2.39232641604e-05
15132000000,-1.0235537979e-05
15138000000,-7.5558432473e-06
15152000000,-5.52177219965e-06
15176000000,-3.91370080553e-06
15176000000,-2.69468064955e-06
15185000000,-1.80794935543e-06
15190000000,0.000130827723808
15203000000,0.000123682973722
15211000000,0.000136620379165
15219000000,0.000125932565376
15228000000,0.000114532984059
15241000000,0.000102870645181
15250000000,0.000267183261334
15257000000,0.000244647942487
15270000000,0.000221469105267
15280000000,0.000198017802992
15295000000,0.000175004071937
15301000000,0.000223182478654
15313000000,0.000198200573664
15334000000,0.00017391809222
15334000000,0.000150790812172
15343000000,0.000369445203662
15352000000,0.000335246364211
15368000000,0.000300686404536
15372000000,0.000266624740812
15385000000,0.0002337233723
15401000000,0.000358047189354
15405000000,0.000319180072837
15412000000,0.000609375367156
15423000000,0.000554353180101
15431000000,0.000498440978357
15443000000,0.000443124532794
15451000000,0.000700268948518
15460000000,0.000630529362051
15471000000,0.00056135725079
15474000000,0.000494306080607
15474000000,0.000430277195765
15502000000,0.00067323780584
15514000000,0.000599578715235
15525000000,0.000527994647895
15529000000,0.000459644180563
15534000000,0.00039537585165
15554000000,0.000741530109102
15575000000,0.000663275892517
15575000000,0.000586516404475
15575000000,0.00051277162352
15592000000,0.000719037169997
15602000000,0.000636426239722
15611000000,0.00110843696675
15621000000,0.00100316386942
15628000000,0.000897775075818
15638000000,0.000794361116028
15649000000,0.00108766196291
15657000000,0.000970085139293
15668000000,0.000855556887555
15683000000,0.000745978720067
15692000000,0.000642811515884
15700000000,0.000547098466047
15710000000,0.000459186215055
15722000000,0.000379444084661
15732000000,0.000887099299916
15745000000,0.000790585764105
15754000000,0.000696625209946
15761000000,0.00122313842724
15772000000,0.00110447341732
15772000000,0.000985996514856
15785000000,0.000870304625769
15801000000,0.00139859428482
15812000000,0.00125242038476
15821000000,0.00165654291539
15829000000,0.00148646467135
15841000000,0.00131899223082
15841000000,0.00115746606218
15856000000,0.00134597153068
15871000000,0.00118053183013
15880000000,0.00102355003324
15887000000,0.000876754368097
15904000000,0.000741263350876
15911000000,0.00101534964855
15937000000,0.000879238668966
15941000000,0.00108726816856
15951000000,0.000955934569738
15962000000,0.000830835003286
15968000000,0.000713470473471
15975000000,0.0010765408606
15983000000,0.00094833237564
15983000000,0.000826010437867
16015000000,0.000710891973164
16022000000,0.0010093242091
16034000000,0.000886619311298
16045000000,0.000769895211854
16053000000,0.00123461045138
16062000000,0.00110194613693
16068000000,0.00097298037017
16080000000,0.000849287074074
16088000000,0.00073261834366
16099000000,0.00110034262553
16099000000,0.000969602684758
16100000000,0.000844673479132
16124000000,0.00142892614474
16143000000,0.00128092475767
16152000000,0.00113529110777
16160000000,0.000994912031911
16160000000,0.000861840348268
16180000000,0.00131635481132
16189000000,0.00116772918638
16210000000,0.00102417161043
16234000000,0.000888129875254
16234000000,0.000643355314368
16246000000,0.000536145901586
16270000000,0.00122053836948
16270000000,0.00108741915111
16270000000,0.000957932436097
16286000000,0.00163740236176
16292000000,0.00237949609586
16308000000,0.00216761722917
16321000000,0.00195179749159
16338000000,0.00173785382693
16338000000,0.00153016887283
16359000000,0.00133204210375
16359000000,0.00114591263381
16360000000,0.000973623626905
16371000000,0.00137481720948
16377000000,0.00190745634093
16391000000,0.00169573661866
16414000000,0.00149072234373
16419000000,0.00111253930507
16432000000,0.00175548099722
16439000000,0.00154670592845
16450000000,0.002150369035
16461000000,0.00191877158364
16470000000,0.00169335150682
16478000000,0.00147755445693
16478000000,0.00127421545772
16497000000,0.00108542376976
16507000000,0.00187985671788
16519000000,0.00165930448924
16519000000,0.00144812760817
16519000000,0.0012490912862
16547000000,0.00196981829213
16557000000,0.0017443961238
16557000000,0.00152770465043
16557000000,0.00132232792163
16588000000,0.00214663277702
16598000000,0.00190629308907
16598000000,0.00167401461433
16621000000,0.00246686790138
16631000000,0.00220232714424
16639000000,0.00194450024594
16640000000,0.00169723070351
16640000000,0.00220813663559
16670000000,0.00195041978253
16679000000,0.00170390200996
16680000000,0.00147128719109
16699000000,0.00239255785922
16709000000,0.00212607119065
16719000000,0.00186753010345
16730000000,0.00162175650756
16738000000,0.00139164134017
16747000000,0.00117901503511
16751000000,0.00158786500286
16768000000,0.0013765658025
16779000000,0.0024659451125
16789000000,0.00221261647482
16796000000,0.00196380414088
16796000000,0.00172373606321
16796000000,0.001495908548
16825000000,0.00195952084639
16840000000,0.0017222259742
16840000000,0.00149729246341
16842000000,0.00128580761863
16871000000,0.0017539035723
16881000000,0.00153266882301
16889000000,0.00191323704061
16901000000,0.00170410582761
16908000000,0.00148685933293
16918000000,0.00128302771383
16929000000,0.00109363459832
16941000000,0.000889171291114
16951000000,0.000732953100343
16951000000,0.000593465038926
16951000000,0.000470376952702
16952000000,0.000362888231124
16991000000,0.00088671492522
16995000000,0.000771533099241
17010000000,0.000662226784811
17010000000,0.000561533918227
17032000000,0.000469788892858
17039000000,-0.000438445147565
17048000000,-0.000463713743702
17060000000,0.000280059496965
17070000000,0.000238387775877
17075000000,0.000198801864809
17076000000,0.000163313908375
17100000000,-8.25432670573e-05
17103000000,-9.59868886596e-05
17119000000,-0.000104222078768
17119000000,-0.000108131786463
17154000000,-0.000107802271561
17155000000,-0.000105284116614
17161000000,0.000633130389154
17172000000,0.000592667541285
17181000000,0.000933797341467
17188000000,0.000862684408642
17188000000,0.000787545628451
17211000000,0.000711368668171
17220000000,0.00074803465006
17225000000,0.000666228000585
17225000000,0.000587307504639
17252000000,0.000512297571412
17257000000,0.00039713018166
17269000000,0.000334867926481
17283000000,0.000278793919438
17290000000,3.27123574261e-05
17302000000,6.66966274121e-08
17308000000,-2.52447640209e-05
17323000000,-4.42306644444e-05
17331000000,-0.000136738243993
17341000000,-0.00014113298174
17350000000,-0.000141039416539
17351000000,-0.000136838009599
17369000000,-0.000130889152533
17380000000,-0.000738585956772
17390000000,-0.000689031372081
17396000000,-0.000634192532216
17397000000,-0.000576427699956
17422000000,-0.000482216479359
17430000000,-0.000425616309707
17439000000,-0.000371331201686
17452000000,-0.000320270130959
17461000000,-0.000852071734697
17470000000,-0.000769243839399
17470000000,-0.000686376002065
17471000000,-0.000605365164282
17499000000,-0.000535977823497
17509000000,-0.000461877569862
17520000000,-0.000393083464921
17531000000,-0.000329635889495
17543000000,-0.000512190290942
17549000000,-0.000445414653899
17557000000,-0.000382470607513
17571000000,-0.000323923061064
17583000000,-0.000566640204987
17588000000,-0.000498518493251
17600000000,-0.000433290315377
17610000000,-0.000371793660622
17617000000,-0.000671022667928
17630000000,-0.000597098687694
17640000000,-0.000525119470951
17652000000,-0.000456378777224
17657000000,-0.000391444103155
17667000000,-0.000799758109689
17684000000,-0.000715596568659
17688000000,-0.000632848517832
17700000000,-0.00107940189796
17712000000,-0.000972132095036
17722000000,-0.000865632220804
17725000000,-0.000761884041707
17737000000,-0.000662446995254
17752000000,-0.00101655475162
17761000000,-0.000903386508731
17771000000,-0.000793587051027
17783000000,-0.00136794801076
17790000000,-0.00122629475207
17802000000,-0.00108712293257
17811000000,-0.00095215120461
17822000000,-0.00110777143335
17831000000,-0.000969916623271
17840000000,-0.000839200223491
17850000000,-0.000717039918264
17860000000,-0.00060445560735
17867000000,-0.000502391543395
17881000000,-0.00123069180653
17892000000,-0.00110298227072
17902000000,-0.000977533136156
17910000000,-0.000960250439456
17922000000,-0.000838499681204
17929000000,-0.000723494283403
17938000000,-0.000616802479109
17947000000,-0.0013735198206
17962000000,-0.00123452423842
17970000000,-0.00109712180927
17982000000,-0.000963979675303
17991000000,-0.00124126598931
18001000000,-0.00109641479194
18014000000,-0.000957760561794
18022000000,-0.00137203478178
18035000000,-0.0012173681359
18044000000,-0.00106813322616
18067000000,-0.000926384942746
18067000000,-0.000793710893911
18072000000,-0.00067114700508
18081000000,-0.000827575547587
18091000000,-0.000709851070497
18102000000,-0.000825388214262
18112000000,-0.000711189701856
18121000000,-0.000605128894326
18132000000,-0.000507837188353
18142000000,-0.000614864546445
18151000000,-0.000523925298371
18161000000,-0.000440991019191
18171000000,-6.65173574008e-05
18181000000,-1.48160568649e-05
18192000000,2.62819414134e-05
18196000000,5.81903105621e-05
18196000000,8.21424983161e-05
18196000000,9.92226938017e-05
18222000000,-0.000174010195568
18241000000,-0.000151423849574
18252000000,-0.000129968164606
18261000000,-0.000110177434708
18272000000,0.000221358271725
18277000000,0.000218100559516
18291000000,0.00021068039716
18300000000,0.000199927887649
18310000000,-3.41195951404e-05
18320000000,-3.44601498678e-05
18326000000,-3.40481469143e-05
18337000000,-1.2005731298e-05
18351000000,-1.17462446528e-05
18360000000,-1.12851099457e-05
18372000000,-1.07881508502e-05
18382000000,3.13063268944e-05
18390000000,2.95531262093e-05
18399000000,2.73491033955e-05
18400000000,2.4942475409e-05
18422000000,0.000127064313259
18431000000,0.000117565985214
18439000000,0.00010733824817
18449000000,0.000374716672852
18461000000,0.000348500358595
18468000000,0.000319813693551
18481000000,0.000289933927216
18490000000,0.000259798156006
18494000000,0.000230137806773
18494000000,0.000201475268105
18494000000,0.00017421508396
18528000000,0.000285082401005
18528000000,0.00025305680979
18529000000,0.000221986191467
18545000000,0.00019238585222
18545000000,0.000582085443428
18580000000,0.000529586920871
18587000000,-0.000259584270867
18601000000,-0.000264254807131
18601000000,-0.000262289896321
18621000000,0.000555805430092
18631000000,0.000520545229101
18641000000,0.000480861087523
18650000000,0.000438618144987
18661000000,0.00115518733788
18671000000,0.00106763235631
18680000000,0.000974400576151
18688000000,0.000878799713661
18700000000,0.00113193444267
18708000000,0.00101920432059
18719000000,0.000907295268555
18730000000,0.00079857257807
18730000000,0.000695019740808
18752000000,0.0012425378391
18752000000,0.0011149893198
18767000000,0.000989283097891
18782000000,0.00086784808157
18790000000,0.0011005616288
18804000000,0.000969834338798
18812000000,0.0013738414233
18822000000,0.00122628313833
18830000000,0.00108191122653
18842000000,0.000943717149135
18852000000,0.000813472560196
18859000000,0.000692422158033
18876000000,0.000834551028155
18880000000,0.000719944026178
18880000000,0.000613717705718
18902000000,0.000885261729991
18911000000,0.000774471876747
18918000000,0.000669620769192
18933000000,0.000571803411623
18941000000,0.000817799180969
18949000000,0.00071345364223
18959000000,0.000615449081434
18959000000,0.00052396659363
18959000000,0.00043977051697
18959000000,0.000333912051127
18993000000,0.000267074327696
19008000000,0.00020823101919
19018000000,0.000157003288575
19031000000,0.000519162439993
19039000000,0.000455929389858
19045000000,0.000395332199634
19061000000,0.000242132595966
19071000000,0.00019571008836
19077000000,0.000154584714862
19090000000,0.00011851736827
19098000000,0.000541744273689
19112000000,0.000487455601288
19112000000,0.000433197472422
19131000000,0.000272932178848
19141000000,0.000228990133038
19153000000,0.000189099622632
19163000000,0.000153260254513
19172000000,0.000121514886487
19181000000,0.000516000212012
19189000000,0.000466318818446
19202000000,0.000416547560279
19212000000,0.00049990035114
19222000000,0.000445628170113
19229000000,0.000392751203871
19237000000,0.000342190050857
19248000000,0.000294825524916
19258000000,0.000443345647788
19264000000,0.000391375545715
19285000000,0.000341589288759
19285000000,0.00029462319206
19302000000,0.000250939967122
19316000000,0.000250934767249
19322000000,0.000212011747077
19332000000,0.000157985527546
19342000000,0.000126993209223
19352000000,9.96895264132e-05
19365000000,7.58922661914e-05
19371000000,5.54035176802e-05
19380000000,5.06041535593e-05
19387000000,3.51769353476e-05
19400000000,2.23529710941e-05
19412000000,-0.000160879162383
19424000000,-0.000160236956373
19432000000,-0.000156184254853
19441000000,-0.000149504014679
19451000000,-0.000124546591577
19462000000,-0.000115610614893
19471000000,-0.00010591931394
19481000000,-9.59127000982e-05
19491000000,6.65191383168e-05
19501000000,6.62898686206e-05
19511000000,6.46077654456e-05
19521000000,6.18169695894e-05
19530000000,0.000176596607855
19539000000,0.000164852613057
19551000000,0.000152042284901
19557000000,0.000138442113253
19572000000,0.000124620203776
19572000000,0.000110941430753
19598000000,0.000322115941759
19611000000,0.000296610054078
19611000000,0.000269848786069
19622000000,0.000375630267577
19631000000,0.000340099390425
19639000000,0.000304484045498
19652000000,0.000269633856651
19660000000,0.000236175304484
19667000000,0.000204546344257
19680000000,8.59269494752e-05
19693000000,6.10383772868e-05
19702000000,4.24567215795e-05
19716000000,2.6864028049e-05
19719000000,1.40377605985e-05
19730000000,-7.78618904426e-05
19740000000,-8.11324158123e-05
19753000000,-8.18673769532e-05
19760000000,-0.000381135450706
19773000000,-0.00051315569412
19782000000,-0.000480348691619
19792000000,-0.000443693688534
19801000000,-0.000404785439274
19807000000,-0.000694717029428
19821000000,-0.000636705604277
19821000000,-0.000576738092505
19840000000,-0.000516239224341
19840000000,-0.000456924662327
19859000000,-0.000565558662456
19870000000,-0.000502038318081
19880000000,-0.000440620988948
19880000000,-0.000382262587936
19901000000,-0.000684955970656
19907000000,-0.000614913073918
19921000000,-0.000545734635631
19931000000,-0.000775679029262
19935000000,-0.00069563229201
19936000000,-0.000616813720611
19941000000,-0.000540777925611
19968000000,-0.000732644441859
19982000000,-0.00065021339842
19992000000,-0.000570274888973
19999000000,-0.000494482267943
20010000000,-0.000423570763323
20022000000,-0.000358082560937
20031000000,-0.00051396161615
20039000000,-0.000446581815405
20049000000,-0.000383495762692
20061000000,-0.000482710171174
20072000000,-0.000419868177395
20080000000,-0.000360851366726
20091000000,-0.000476018281579
20100000000,-0.000416461021334
20112000000,-0.000360099345661
20128000000,-0.000307608236207
20128000000,-0.000259141539499
20144000000,-0.000215000205014
20155000000,-0.000175343226518
20156000000,-0.000204331617755
20156000000,-0.000169353422457
20156000000,-0.000137923583355
20190000000,-0.000110038407166
20203000000,-8.54802835944e-05
20212000000,-6.40272514852e-05
20232000000,-6.06312979141e-05
20241000000,-4.16124341157e-05
20252000000,-0.000119347213111
20262000000,-0.000102002272926
20274000000,-8.60050998084e-05
20285000000,-7.12487166118e-05
20291000000,-0.000125366970717
20302000000,-0.000109925036936
20312000000,-9.5240096546e-05
20323000000,-8.14800446309e-05
20327000000,-6.87868667784e-05
20338000000,-5.7227715909e-05
20349000000,-4.85434331752e-05
20359000000,-3.90739690816e-05
20371000000,-3.0694135037e-05
20382000000,-2.33575189977e-05
20385000000,-3.1802461217e-05
20395000000,-2.54921311623e-05
20411000000,-1.99318266723e-05
20423000000,-1.4940294602e-05
20430000000,-1.07120057549e-05
20442000000,0.000554218393373
20446000000,0.00078266874365
20453000000,0.000732440691077
20468000000,0.000676473969898
20481000000,0.00061724671298
20491000000,0.000431323077993
20498000000,0.000378834419376
20510000000,0.000328973188453
20530000000,0.00028234543542
20532000000,0.000239314667521
20539000000,-0.000144013731692
20550000000,-0.000157383559034
20572000000,-0.000164316587877
20572000000,-0.000166033664279
20587000000,-0.000163745301149
20593000000,-0.00015825620895
20600000000,-0.000302662443548
20600000000,-0.000283123855077
20601000000,-0.000372261197946
20630000000,-0.000342739029593
20640000000,-0.000311697622628
20650000000,-0.000348793433011
20660000000,-0.000313650966183
20671000000,-0.000278946563207
20682000000,-0.000245359200765
20687000000,-7.76123114201e-05
20699000000,-5.58358565871e-05
20711000000,-3.73168826541e-05
20722000000,-2.20384511421e-05
20728000000,1.73007519476e-05
20736000000,2.56555834941e-05
20745000000,3.16501268918e-05
20764000000,3.56199225337e-05
20771000000,3.79273343798e-05
20780000000,3.89924734629e-05
20788000000,0.000221641130345
20788000000,0.000215820351797
20806000000,0.000202009211281
20818000000,0.000186567492356
20831000000,0.000306745050582
20839000000,0.000281574112168
20839000000,0.000255484786628
20839000000,0.000229190834056
20839000000,0.000203210079757
20876000000,0.000349177760025
20876000000,0.000320977762964
20897000000,-3.74123665563e-05
20910000000,-5.21666482226e-05
20920000000,-6.25680648671e-05
20934000000,-0.000177060703052
20939000000,-0.000174516411751
20945000000,-0.000168633382957
20959000000,-0.00016025806456
20974000000,-0.000150097551718
20986000000,-0.000138789969953
20987000000,-0.000126787025027
20999000000,-0.000117194784935
21013000000,-0.000131958649134
21022000000,-0.000118346682473
21033000000,-0.000105009718592
21039000000,-9.2182333613e-05
21049000000,-8.00689847498e-05
21058000000,9.90158989828e-05
21069000000,9.96762065573e-05
21078000000,9.78922868527e-05
21091000000,9.41752378818e-05
21098000000,0.000148081978733
21110000000,0.000138416572302
21120000000,0.000127649579567
21131000000,0.000116241189062
21138000000,0.000104658513619
21151000000,0.000320255003259
21159000000,0.00029563907104
21167000000,0.000269566969221
21178000000,0.000242930337368
21190000000,0.000336896627201
21199000000,0.000303868805366
21212000000,0.000271597866423
21212000000,0.000240520526607
21237000000,0.000210878083727
21238000000,0.000400019915515
21251000000,0.000361779633702
21262000000,0.00032401284027
21269000000,-0.0080456010248
21277000000,-0.00785363806976
21290000000,-0.00732546645209
21299000000,-0.00674462327804
21309000000,-0.00613531511873
21322000000,-0.0117639696541
21332000000,-0.0107691995098
21342000000,-0.00974369919746
21351000000,-0.00678275497147
21361000000,-0.00590454899096
21370000000,-0.00507981463638
21382000000,-0.00431580380313
21389000000,-0.00119708601503
21396000000,-0.000716617336797
21396000000,-0.00032158564353
21397000000,-2.76072473604e-06
21431000000,0.000848559999433
21440000000,0.00100404809138
21450000000,0.001104366112
21461000000,0.000988043864108
21471000000,0.00101574036014
21483000000,0.00101511913191
21491000000,0.000624348341548
21500000000,0.000606826772406
21511000000,0.000579745430795
21523000000,0.000545614930807
21530000000,0.000506703032052
21539000000,0.000108560434289
21552000000,8.72624571295e-05
21559000000,6.86591763182e-05
21572000000,-0.000253663269483
21579000000,-0.00024940233666
21589000000,-0.000240326526192
21613000000,-0.000227769046341
21613000000,-0.000212722758147
21637000000,-0.000196068429724
21637000000,-0.000178553172995
21643000000,-0.000160791752996
21663000000,-0.00195372572088
21663000000,-0.0018206795901
21673000000,-0.00211834630548
21684000000,-0.0019416541139
21684000000,-0.00175905641819
21701000000,-0.000710302682961
21710000000,-0.000584138842804
21716000000,-0.000471896753868
21733000000,0.000979654078113
21744000000,0.000980560282689
21752000000,0.000958895475979
21761000000,0.000919931172666
21772000000,0.000868189364216
21779000000,0.00374770082955
21791000000,0.00350468623539
21795000000,0.00323438914026
21811000000,0.00574404011503
21819000000,0.0052913162786
21830000000,0.00481521284358
21836000000,0.00433139975605
21849000000,0.00385230554399
21861000000,0.00338762307838
21871000000,0.0108375183718
21882000000,0.00996955266384
21888000000,0.0142255953496
21901000000,0.0130025629814
21909000000,0.011746345072
21917000000,0.0104924551678
21917000000,0.0092684709755
21917000000,0.00809566397683
21948000000,0.00698956581081
21948000000,0.00596026077544
21948000000,0.00501474500185
21948000000,0.00415645610797
21948000000,0.00690779017429
21994000000,0.00599404558777
22011000000,0.00513909253988
22011000000,0.00434985189095
22011000000,0.00645287218679
22041000000,0.00564555018234
22041000000,0.00488191935473
22064000000,-0.00360930111276
22064000000,-0.00377625123635
22064000000,-0.00382391795434
22065000000,-0.00377630363167
22065000000,-0.00844222303647
22065000000,-0.00795294908655
22065000000,-0.00739009354282
22065000000,-0.00688191071819
22065000000,-0.00624499382907
22092000000,-0.00332915131653
22168000000,-0.00283575079213
22170000000,-0.0023841361031
22176000000,-0.00197574622338
22202000000,-0.00161042239446
22203000000,-0.00128720379904
22211000000,0.000624546680649
22226000000,0.000810299735726
22230000000,0.0024828842081
22243000000,0.00243564320872
22252000000,0.00330347302357
22262000000,0.00312361862765
22268000000,0.00291117475831
22277000000,0.00267796483261
22287000000,0.00243361635119
22294000000,0.00333848488894
22305000000,0.00302040779662
22315000000,0.0027014933973
22328000000,0.00238916532769
22328000000,0.00346340224354
22351000000,0.0030990643959
22375000000,0.00274216790126
22376000000,0.00239919034209
22382000000,0.00207505145918
22394000000,0.00317961367424
22412000000,0.00280953660535
22412000000,0.00212003358168
22412000000,0.00180861241269
22412000000,0.00305852541706
22451000000,0.00269864374405
22457000000,0.00426879795021
22471000000,0.00382732290237
22481000000,0.00339374420607
22487000000,0.00297614365686
22498000000,0.00371765003035
22512000000,0.00327540716667
22522000000,0.00285375507351
22530000000,0.00365799938856
22537000000,0.00322073472702
22542000000,0.00280433945388
22550000000,0.00241377429519
22550000000,0.00205235347711
22580000000,0.00279206391497
22593000000,0.00242934454428
22601000000,0.00208966726708
22613000000,0.0017757490607
22613000000,0.00148921783276
22632000000,0.0012307513857
22641000000,0.00185992271512
22650000000,0.00244304438072
22660000000,0.00215288445249
22670000000,0.00187678944796
22678000000,0.00161813303659
22679000000,0.00137901819475
22696000000,0.00131157803088
22706000000,0.00110639797559
22722000000,0.000921046215604
22730000000,0.000640026963524
22742000000,0.000500886279887
22748000000,0.000381235826664
22760000000,0.00027971397832
22769000000,0.000194813834456
22784000000,0.000124947238704
22796000000,-0.0100820189868
22797000000,-0.00988942237684
22803000000,-0.00923642709276
22803000000,-0.00851317386002
22803000000,-0.00775056232052
22834000000,-0.00697411206968
22853000000,-0.0144403020656
22863000000,-0.0132093416626
22873000000,-0.017616161481
22881000000,-0.0159707149673
22889000000,-0.0143153645742
22890000000,-0.0126888999917
22912000000,-0.0111216887996
22921000000,-0.0133113673065
22935000000,-0.014950923696
22935000000,-0.0131968080824
22952000000,-0.0115180288431
22961000000,-0.00993646799285
22971000000,-0.00920888832677
22982000000,-0.00781750184155
22984000000,-0.00654504971029
22998000000,-0.00539487723
22998000000,-0.00436687073991
23013000000,-0.00345822268784
23032000000,-0.00266414007443
23033000000,-0.00245412387819
23044000000,-0.00184043593731
23044000000,-0.00131490586528
23071000000,0.00962078461398
23079000000,0.00940528227006
23089000000,0.00902439401203
23102000000,0.0107638310609
23112000000,0.0100468460651
23119000000,0.00925760732276
23131000000,0.00761497558048
23141000000,0.00681857703054
23151000000,0.00603892555458
23163000000,0.00528997724998
23170000000,0.00317282916096
23180000000,0.00259558088115
23192000000,0.00208327604531
23211000000,0.00163350099005
23211000000,0.00124309707793
23221000000,-0.000357117738633
23231000000,-0.00056478980258
23242000000,-0.000715286779608
23251000000,-0.000817447975181
23261000000,-0.00220357528307
23277000000,-0.00215062307786
23287000000,-0.00206025160557
23292000000,-0.00194244790215
23301000000,-0.00307759743052
23312000000,-0.00284593646098
23322000000,-0.00259936126933
23332000000,-0.00378828588394
23341000000,-0.0034556513378
23351000000,-0.00311570440333
23360000000,-0.00277778720182
23371000000,-0.00398381427442
23379000000,-0.00357146806371
23398000000,-0.0031664386386
23401000000,-0.00277621415527
23401000000,-0.00240639423792
23401000000,-0.0036327534526
23424000000,-0.00322665765034
23438000000,-0.00283420548051
23442000000,-0.0024615189125
23442000000,-0.00211280063097
23484000000,-0.00179076799766
23484000000,-0.00149686326681
23490000000,-0.00276981445508
23501000000,-0.00243691426694
23513000000,-0.00663623626252
23521000000,-0.00609226425054
23529000000,-0.00793802899315
23541000000,-0.00723797500622
23550000000,-0.0065246425633
23559000000,-0.00581685538755
23568000000,-0.00512923426024
23582000000,-0.00469838771182
23590000000,-0.00406891054739
23597000000,-0.00348224030577
23611000000,-0.00294247350849
23622000000,-0.00245158178196
23630000000,-0.000618988923878
23641000000,-0.000306893846537
23651000000,-5.48128785599e-05
23661000000,0.000144351914588
23671000000,0.000297297474881
23681000000,0.00248897507479
23693000000,0.00244059441247
23700000000,0.00547785947196
23711000000,0.00517100887742
23716000000,0.0048124098464
23729000000,0.00442134860128
23741000000,0.00663542569198
23749000000,0.00605194513427
23760000000,0.00545604944278
23771000000,0.0048997925723
23781000000,0.00432207985828
23788000000,0.00376828846573
23795000000,0.00324663039332
23809000000,0.00276198204371
23822000000,0.00231732388293
23827000000,-0.00557596912225
23842000000,-0.00546727273977
23850000000,-0.00526044543478
23860000000,-0.00498079188578
23871000000,-0.00632467138036
23880000000,-0.0058675503864
23892000000,-0.0053769759566
23901000000,-0.00437324198071
23910000000,-0.00389767476494
23921000000,-0.00343713314837
23928000000,-0.00299868287745
23942000000,-0.00134555144757
23951000000,-0.00104285906483
23962000000,-0.000782433221486
23970000000,-0.00056108604507
23983000000,0.00110978302066
23989000000,0.00116993902183
23995000000,0.00118941093827
23998000000,0.00117649807227
24009000000,0.00290353729277
24029000000,0.00274514057938
24039000000,0.00255717597794
24049000000,0.00235053941698
24059000000,0.00213346012016
24066000000,0.00407740954283
24078000000,0.0037378488493
24089000000,0.00338450721888
24098000000,0.00302847250057
24111000000,0.00267827061998
24120000000,0.00234084564532
24131000000,0.00202099784493
24139000000,0.0017214128726
24154000000,0.00398389460617
24161000000,0.00357905055613
24172000000,0.00317792503263
24181000000,0.0106871193221
24191000000,0.00983103816995
24199000000,0.00893462859764
24211000000,0.00802591452621
24222000000,0.0287264982688
24232000000,0.0265594464378
24239000000,0.0242551257635
24250000000,0.0218944733312
24260000000,0.0195425157207
24271000000,0.0300284645787
24277000000,0.0269999179139
24277000000,0.0240073656805
24297000000,0.021110478948
24297000000,0.0183539421673
24321000000,0.0213462688095
24331000000,0.02264489699
24342000000,0.0198434207245
24351000000,0.0171908243185
24359000000,0.014714878502
24373000000,0.0124339756178
24379000000,0.00851117423104
24390000000,0.0067466380422
24400000000,0.00520508458302
24411000000,0.00387397302426
24418000000,0.00273869798849
24430000000,-0.00126026294904
24441000000,-0.00186605198585
24451000000,-0.00230110624067
24460000000,-0.00259179533701
24471000000,-0.00707752884296
24480000000,-0.00690826236122
24491000000,-0.00661892437051
24492000000,-0.0113470194734
24508000000,-0.0106298892839
24519000000,-0.00982626220307
24528000000,-0.0089718300494
24539000000,-0.0130021893772
24548000000,-0.0118094726033
24559000000,-0.0106041376783
24571000000,-0.00941553508388
24576000000,-0.013169788104
24584000000,-0.0117899615716
24600000000,-0.0104371208261
24607000000,-0.00913586903824
24616000000,-0.0128786311267
24630000000,-0.0114440937354
24639000000,-0.0100560366635
24650000000,-0.00873525221133
24663000000,-0.0115164477791
24670000000,-0.0101190250508
24679000000,-0.00878955038076
24691000000,-0.00754343333316
24697000000,-0.00639111748977
24709000000,-0.00533847147915
24722000000,-0.00438753559749
24722000000,0.00948583110194
24742000000,0.00947157111829
24752000000,0.0153745373196
24760000000,0.0146353540329
24769000000,0.01372708043
24780000000,0.0127058307485
24788000000,0.00904431807422
24801000000,0.00807085730961
24811000000,0.00712512740554
24821000000,0.00345039738997
24829000000,0.00275714777166
24837000000,0.00215174250823
24851000000,0.00162846778553
24861000000,0.00118226203305
24868000000,-0.00163939506113
24880000000,-0.0017876809641
24889000000,-0.0276257614637
24899000000,-0.0262015632678
24911000000,-0.0244874027057
24920000000,-0.022586507002
24928000000,-0.0205807337869
24938000000,-0.0185367153832
24953000000,-0.0312810296982
24961000000,-0.0289312296772
24969000000,-0.0371684313314
24981000000,-0.0336329985581
24991000000,-0.0300919469307
24998000000,-0.0266261550437
25008000000,-0.0232965739242
25021000000,-0.0228571748103
25029000000,-0.0197472238847
25039000000,-0.0168527887699
25049000000,-0.0153346511542
25061000000,-0.0128561294836
25071000000,-0.0106142733543
25082000000,-0.00860880453186
25091000000,-0.00683470370815
25097000000,0.0123746382923
25115000000,0.0125632505087
25119000000,0.0124314289105
25133000000,0.0120499575258
25143000000,0.0145031361934
25153000000,0.01362901643
25173000000,0.0126353290939
25173000000,0.0115699723708
25189000000,0.0104719399547
25194000000,0.00937269583053
25204000000,0.00674998741762
25215000000,0.00581392006794
25215000000,0.00494648107361
25230000000,0.00148635867306
25258000000,0.000935112623111
25264000000,0.000110597967859
25272000000,-0.00204053936444
25300000000,-0.00215620261829
25300000000,-0.00219910955861
25308000000,-0.00218377247243
25312000000,-0.00382701374712
25322000000,-0.00363677860255
25332000000,-0.00535208242938
25343000000,-0.00498249741927
25352000000,-0.00458014636787
25362000000,-0.00416102489906
25372000000,-0.00373802487668
25381000000,-0.00293725067455
25391000000,-0.00256027055186
25402000000,-0.00220668983268
25415000000,-0.00187951052976
25421000000,0.000694398371509
25426000000,0.000827865274557
25443000000,0.000913774179091
25453000000,0.000959736001903
25461000000,0.00366090428141
25471000000,0.00348372380581
25493000000,0.0032649615297
25493000000,0.00301827881091
25501000000,0.00507570806405
25509000000,0.00467632809129
25520000000,0.0042551698864
25520000000,0.00382661486524
25520000000,0.00340185046985
25551000000,0.00542557426248
25556000000,0.00487952641845
25556000000,0.00433863487915
25556000000,0.00381426434997
25556000000,0.00331408987527
25580000000,-0.00679705823295
25607000000,-0.00665361178034
25618000000,-0.0113253049556
25631000000,-0.0106629668873
25643000000,-0.00990411771148
25658000000,-0.00718602404165
25663000000,-0.00645323015023
25670000000,-0.00573338740988
25682000000,-0.00503964116745
25688000000,-0.0043820194333
25700000000,-0.00584268508262
25710000000,-0.00514055896016
25719000000,-0.00447389964439
25731000000,-0.0038499694916
25737000000,-0.00215240628562
25752000000,-0.00169827616533
25759000000,-0.0013046170853
25771000000,-0.000967425007874
25780000000,0.00150109758364
25786000000,0.00159631511314
25801000000,0.00163394118906
25806000000,-0.288097740231
25827000000,-0.27153919989
25833000000,-0.25240868152
25841000000,-0.231689089045
25841000000,-0.210181723145
25862000000,-0.566139732824
25871000000,-0.520207663192
25882000000,-0.47237919346
25891000000,-0.849364727702
25900000000,-0.777493418122
25909000000,-0.703462659918
25922000000,-0.62940263787
25931000000,-0.556979849671
25940000000,-0.891580324865
25950000000,-0.800577431096
25959000000,-0.71098445416
25971000000,-0.624512738474
25978000000,-0.885923478427
25988000000,-0.786722978982
26001000000,-0.690998284439
26011000000,-0.600155534735
26019000000,-0.774837403376
26027000000,-0.679807827923
26040000000,-0.589786887175
26050000000,-0.505732955197
26050000000,-0.60499805538
26051000000,-0.522918682786
26065000000,-0.446628659639
26090000000,-0.376600205117
26102000000,-0.401426793592
26110000000,-0.338628175268
26121000000,-0.281689341133
26126000000,-0.230647600168
26140000000,-0.214071171186
26148000000,-0.172566007425
26157000000,-0.13611516235
26168000000,-0.104495824205
26176000000,-0.0403596002389
26189000000,-0.0196799691221
26198000000,-0.00311702621185
26212000000,0.131978653935
26219000000,0.134962915495
26231000000,0.134122232989
26240000000,0.130293788224
26248000000,0.235233756704
26252000000,0.221033082167
26268000000,0.204677455434
26282000000,0.186996009244
26292000000,0.168661749537
26302000000,0.150239279516
26311000000,0.381666458436
26321000000,0.348577973155
26335000000,0.314457190917
26341000000,0.475521724464
26351000000,0.430097618835
26361000000,0.384433525116
26372000000,0.652833829663
26383000000,0.591338725563
26390000000,0.529376424842
26399000000,0.468427518805
26399000000,0.409655725492
26415000000,0.35391399116
26429000000,0.537647183646
26436000000,0.473876504813
26436000000,0.412813104042
26462000000,0.355195591619
26471000000,0.61345971629
26480000000,0.543397653251
26485000000,0.475757351538
26501000000,0.677807505487
26503000000,0.601740267027
26518000000,0.52810722067
26527000000,0.458030108568
26540000000,0.392249753578
26548000000,0.598423850917
26560000000,0.525663185569
26571000000,0.456297584943
26577000000,0.66153224952
26582000000,0.585721751845
26601000000,0.512660076808
26604000000,0.622967733577
26620000000,0.546865904206
26632000000,0.474399629323
26639000000,0.406424384267
26647000000,0.34351114808
26661000000,0.286011429328
26671000000,0.491616969069
26681000000,0.428069595444
26688000000,0.368152901049
26700000000,0.429496191587
26709000000,0.371672647881
26710000000,0.317553891859
26717000000,0.495785399532
26742000000,0.436534224563
26750000000,0.379853324927
26761000000,0.326441693623
26771000000,0.360778030806
26782000000,0.310349830251
26789000000,0.263460081079
26802000000,0.220413315021
26811000000,0.181393868503
26820000000,0.146416105975
26829000000,0.265292242846
26842000000,0.233969569699
26849000000,0.200258856998
26863000000,0.256116308216
26870000000,0.221867455869
26885000000,0.189765537027
26892000000,0.216367253517
26899000000,0.185833874169
26911000000,0.15745431556
26915000000,0.13141710242
26927000000,0.10781439086
26939000000,0.0866628719419
26950000000,0.100691029241
26955000000,0.0821739110231
26956000000,0.0656018909178
26980000000,0.0311486625877
26992000000,0.0196638601504
27001000000,0.0100634928725
27001000000,0.0204303714152
27002000000,0.0129196526013
27026000000,0.00664111701181
27026000000,0.00144969297948
27047000000,-0.0502200780959
27061000000,-0.0507778159039
27079000000,-0.0501568970017
27079000000,-0.0486168377325
27089000000,-0.0609745245782
27101000000,-0.0574073220972
27111000000,-0.0533650583161
27119000000,-0.0490490890403
27127000000,-0.0446017390104
27140000000,-0.0401458702781
27159000000,-0.10007087345
27181000000,-0.0919190425564
27181000000,-0.0834663926398
27192000000,-0.0749607118827
27193000000,-0.0666124685105
27201000000,-0.0585660664137
27216000000,-0.194311916092
27228000000,-0.178585008868
27235000000,-0.162195960778
27242000000,-0.145657288031
27249000000,-0.129366367595
27259000000,-0.198749689537
27272000000,-0.178465469733
27290000000,-0.158479100376
27295000000,-0.139172107328
27305000000,-0.120829773421
27312000000,-0.103655471413
27313000000,-0.1861424357
27329000000,-0.304031749574
27339000000,-0.276051473283
27340000000,-0.247794199011
27360000000,-0.219948890137
27370000000,-0.288602767143
27382000000,-0.256808989081
27391000000,-0.225977270183
27414000000,-0.196588596969
27414000000,-0.16898323154
27422000000,-0.230683639858
27430000000,-0.202496020292
27442000000,-0.175713645677
27451000000,-0.150627405119
27461000000,-0.254382748283
27470000000,-0.225765121299
27480000000,-0.198095830806
27492000000,-0.17179930665
27502000000,-0.248231462671
27507000000,-0.219132169361
27523000000,-0.191236614395
27534000000,-0.164919707504
27534000000,-0.140444686533
27548000000,-0.117943358977
27560000000,-0.232913556908
27572000000,-0.349419175618
27579000000,-0.314679699165
27590000000,-0.280194392685
27601000000,-0.246686635928
27601000000,-0.21471355815
27622000000,-0.28355144882
27631000000,-0.24970458614
27643000000,-0.217373049386
27683000000,-0.186960106542
27683000000,-0.158740847988
27683000000,-0.132884980916
27683000000,-0.109486154226
27702000000,-0.0885264093858
27702000000,-0.0699489480692
27713000000,-0.146356731629
27721000000,-0.208149628204
27731000000,-0.297325700153
27740000000,-0.268838150297
27749000000,-0.240317160504
27755000000,-0.212398587976
27758000000,-0.185564609941
27758000000,-0.240223352292
27781000000,-0.21198709878
27801000000,-0.184920996999
27812000000,-0.267572627672
27812000000,-0.236904503424
27833000000,-0.207380070563
27833000000,-0.179396627137
27852000000,-0.153263083537
27861000000,-0.182089216869
27871000000,-0.157115516359
27881000000,-0.133853972895
27891000000,-0.112474522002
27902000000,0.104719449957
27912000000,0.110026970327
27920000000,0.111811261939
27931000000,0.110777599973
27941000000,0.45944005207
27951000000,0.43155893316
27960000000,0.399985306209
27971000000,0.755629718452
27982000000,0.69958252212
27990000000,0.639872396542
28000000000,0.578569033837
28010000000,0.517384473885
28020000000,0.81987847481
28030000000,0.740891202452
28037000000,0.662127883058
28052000000,0.585324229667
28061000000,0.824273136081
28070000000,0.73536978985
28078000000,0.64895124362
28089000000,0.790675599164
28101000000,0.700217300767
28105000000,0.613350012131
28118000000,0.531268527183
28129000000,0.454827872004
28141000000,0.384538778256
28151000000,0.320674363291
28160000000,0.263304624857
28170000000,0.212339897917
28181000000,0.167553375807
28191000000,0.306595763474
28198000000,0.184710853457
28211000000,0.240784338696
28222000000,0.206692029955
28230000000,0.173168712169
28240000000,0.143046087845
28252000000,0.116271374407
28260000000,0.0378713020057
28272000000,0.0210021341757
28279000000,0.00744457548356
28290000000,-0.00320346877077
28300000000,-0.084317064392
28310000000,-0.085386832813
28325000000,-0.0841168928063
28325000000,-0.0810696651661
28341000000,-0.0766474434485
28348000000,-0.258696805002
28362000000,-0.240569377288
28368000000,-0.220663606637
28379000000,-0.401355940793
28390000000,-0.368663742972
28400000000,-0.33444347426
28410000000,-0.299790110453
28422000000,-0.502434836845
28422000000,-0.45373263373
28422000000,-0.404943416416
28451000000,-0.357181855279
28470000000,-0.614438152729
28483000000,-0.55091400433
28483000000,-0.488339603269
28483000000,-0.427815561389
28500000000,-0.370279709636
28510000000,-0.493368307618
28531000000,-0.432446440779
28531000000,-0.374502477852
28538000000,-0.639080807093
28548000000,-0.570681814023
28561000000,-0.503722252072
28571000000,-0.642204113795
28581000000,-0.569242781552
28588000000,-0.498747884142
28595000000,-0.431783920405
28595000000,-0.369116300133
28622000000,-0.311293389234
28631000000,-0.568931902789
28638000000,-0.500611792922
28638000000,-0.435318897979
28638000000,-0.373875557496
28638000000,-0.316849505095
28638000000,-0.454990255864
28659000000,-0.397037916559
28701000000,-0.63915052615
28712000000,-0.569457285069
28726000000,-0.501554825063
28731000000,-0.610679725002
28732000000,-0.53974368744
28746000000,-0.471547492595
28747000000,-0.407068610168
28769000000,-0.346995607198
28777000000,-0.472269278773
28791000000,-0.409887807814
28821000000,-0.351350961181
28821000000,-0.297159782611
28821000000,-0.247613712513
28830000000,-0.350433825461
28843000000,-0.301042874825
28851000000,-0.255195135607
28864000000,-0.303827434209
28869000000,-0.259716771023
28897000000,-0.218971460649
28897000000,-0.181798357231
28897000000,-0.148280964001
28897000000,-0.118430940579
28924000000,-0.0921225312012
28935000000,-0.18121493015
28940000000,-0.266651197036
28954000000,-0.235323213746
28975000000,-0.205232502987
28976000000,-0.176797197615
28981000000,-0.214635219368
28992000000,-0.18645802634
28992000000,-0.159943347784
28992000000,-0.135351048469
29016000000,-0.11283215679
29030000000,-0.0820405382249
29042000000,-0.0645118397626
29050000000,-0.0824283322532
29062000000,-0.0672198613741
29071000000,-0.0536367780138
29082000000,-0.0416441966602
29088000000,-0.0311834351327
29096000000,0.00105515203019
29110000000,0.00745271008071
29121000000,0.0123895550715
29136000000,0.0160436033565
29137000000,0.0186216070814
29153000000,0.312801861099
29171000000,0.294238713014
29185000000,0.273071888874
29185000000,0.250323076215
29185000000,0.226832291102
29213000000,0.664791899806
29213000000,0.612157053215
29213000000,0.557015723949
29228000000,0.501128438345
29241000000,1.08954596011
29249000000,0.997413102288
29262000000,1.53342583271
29269000000,1.40397329682
29282000000,1.27063778268
29291000000,1.13716462917
29301000000,1.33541646754
29311000000,1.18853881734
29314000000,1.04623832747
29314000000,0.910732558825
29315000000,0.783614592142
29345000000,0.94118316365
29349000000,0.81563624132
29370000000,0.698509459435
29381000000,0.82591456005
29390000000,0.713629226838
29401000000,0.609244221184
29411000000,0.513424350367
29420000000,0.580861780567
29421000000,0.493409184379
29434000000,0.413543773189
29434000000,0.341446656208
29459000000,0.379537135442
29468000000,0.316430150286
29485000000,0.2597222173
29493000000,0.216570729844
29497000000,0.171850017609
29509000000,0.132894542987
29525000000,0.0993506068203
29528000000,0.0708255070016
29542000000,0.0279930278946
29545000000,0.00943335184103
29558000000,-0.00527632550162
29558000000,-0.0166362992763
29575000000,-0.0250528525707
29588000000,-0.120268092035
29602000000,-0.118352943777
29607000000,-0.114031858632
29625000000,-0.107911756121
29630000000,-0.226966201596
29641000000,-0.210828063584
29641000000,-0.319773486531
29658000000,-0.294126053906
29671000000,-0.267145864174
29682000000,-0.23972082988
29682000000,-0.21256131093
29682000000,-0.186221103035
29708000000,-0.377811060497
29721000000,-0.340974005734
29730000000,-0.435342340828
29741000000,-0.391218622384
29749000000,-0.347493052009
29761000000,-0.305063476122
29770000000,-0.264606525398
29780000000,-0.45808239032
29792000000,-0.409032483924
29796000000,-0.36100126531
29797000000,-0.314863510724
29821000000,-0.421463095053
29831000000,-0.371800189085
29837000000,-0.324144286853
29850000000,-0.279154655642
29860000000,-0.484440842819
29867000000,-0.431098255778
29889000000,-0.37920125161
29897000000,-0.329616649629
29905000000,-0.282965823455
29910000000,-0.361607860435
29919000000,-0.31413891886
29930000000,-0.486951468209
29940000000,-0.433708578237
29949000000,-0.381857766186
29964000000,-0.33225660574
29968000000,-0.28554086283
29980000000,-0.396365436257
29989000000,-0.34731054
30001000000,-0.300741530129
30014000000,-0.257151168685
30023000000,-0.346646341645
30030000000,-0.30120423055
30041000000,-0.258476069651
30050000000,-0.218849113148
30056000000,-0.182557998723
30057000000,-0.149737332493
30082000000,-0.257941642415
30091000000,-0.223673486846
30102000000,-0.294659849908
30112000000,-0.258801338442
30122000000,-0.224597064235
30133000000,-0.303855964798
30143000000,-0.267114300488
30152000000,-0.232079824729
30162000000,-0.199120091134
30171000000,-0.191714475668
30172000000,-0.162419166851
30191000000,-0.135564234822
30191000000,-0.11124156786
30191000000,-0.0894701537963
30191000000,-0.0702255583025
30191000000,-0.0533653098894
30191000000,-0.118142146585
30213000000,-0.101310557015
30213000000,-0.0856787507737
30213000000,-0.0713394237785
30213000000,-0.0583461107588
30213000000,-0.0701231742671
30213000000,-0.0582760968464
30311000000,-0.0833663853598
30324000000,-0.0716930345658
30332000000,-0.0608031832872
30332000000,-0.0507800906804
30351000000,-0.0321665635081
30379000000,-0.0245780259183
30381000000,-0.0179902804548
30381000000,0.00153477067839
30391000000,0.00557296172975
30405000000,0.00869042895644
30412000000,0.0401852442554
30422000000,0.0401480431596
30431000000,0.0392633063423
30439000000,0.0377226107033
30452000000,0.0357160263942
30462000000,0.0916465682595
30472000000,0.0856749046489
30478000000,0.079086467263
30492000000,0.0721566171311
30506000000,0.0651073252181
30511000000,0.100688683916
30538000000,0.0913458635852
30549000000,0.0727487856113
30556000000,-0.159320025772
30560000000,-0.154936561338
30570000000,-0.148001561187
30581000000,-0.498711150678
30587000000,-0.46612779781
30622000000,-0.430021711814
30622000000,-0.3531987864
30632000000,-0.314771512014
30641000000,-0.27746749374
30650000000,-0.623720326691
30661000000,-0.981253965016
30670000000,-0.896709999017
30682000000,-0.810063515753
30693000000,-0.958191010627
30700000000,-0.859295219232
30712000000,-0.762197181193
30729000000,-0.668690890192
30735000000,-0.580107917812
30741000000,-0.497414371085
30751000000,-0.600524445119
30762000000,-0.520880507994
30772000000,-0.44656980902
30782000000,-0.43697119952
30791000000,-0.37085676845
30797000000,-0.310563672504
30810000000,-0.265442788159
30820000000,-0.216564026311
30824000000,-0.173360337398
30843000000,-0.135600979457
30851000000,-0.0360985422105
30860000000,-0.0122775149901
30870000000,0.00662389529504
30880000000,0.0211745849307
30889000000,0.0319506600047
30898000000,0.039516317421
30908000000,0.183700248396
30919000000,0.178331666852
30934000000,0.169885242371
30941000000,0.434516672705
30951000000,0.407293135112
30956000000,0.376479287697
30971000000,0.343515331023
30982000000,0.3095912115
30991000000,0.275668264622
31011000000,0.545878877535
31030000000,0.496696826468
31030000000,0.446586528351
31041000000,0.396783224852
31056000000,0.348362459701
31056000000,0.663446076988
31062000000,0.800921603181
31072000000,0.721740136931
31083000000,0.642924216513
31093000000,0.566193073995
31105000000,0.4927079451
31112000000,0.817523893747
31123000000,0.728430024688
31132000000,1.0601919894
31138000000,0.953734122067
31148000000,0.848160998254
31160000000,0.745748716236
31178000000,0.648003966604
31194000000,0.556138581779
31194000000,0.470979637303
31200000000,0.71119574254
31212000000,0.620691458999
31222000000,1.01870773584
31233000000,0.907532307048
31242000000,0.799285634566
31251000000,0.896813276409
31260000000,0.786476118803
31272000000,0.681618631545
31282000000,0.583430006508
31292000000,0.836406968138
31299000000,0.733002383046
31312000000,0.634830047734
31320000000,0.542922014041
31330000000,0.458048746529
31342000000,0.380624295028
31348000000,0.310807368749
31369000000,0.429826090655
31369000000,0.364072829523
31381000000,0.643173995684
31390000000,0.56870560829
31400000000,0.497014444173
31410000000,0.565676901505
31420000000,0.494698598708
31429000000,0.427420943435
31446000000,0.364603757514
31450000000,0.306751851327
31455000000,0.426699826677
31467000000,0.367932523946
31483000000,0.313153077587
31501000000,0.262748166191
31502000000,0.332238661861
31511000000,0.28338546321
31523000000,0.23838226753
31534000000,0.274121343295
31542000000,0.232874522521
31551000000,0.1949519098
31560000000,0.160512761441
31570000000,0.129595647543
31579000000,0.205766550665
31589000000,0.175634091318
31599000000,0.147797459386
31599000000,0.122365009688
31622000000,0.103659023583
31630000000,0.0829595417628
31642000000,0.0646435519423
31649000000,0.121270080095
31657000000,0.102981663088
31669000000,0.0861557748145
31674000000,0.0708204110875
31689000000,0.0570273953803
31698000000,0.0258649708774
31709000000,0.0163266644214
31716000000,0.00834052380312
31716000000,0.00177202778604
31737000000,0.021858045728
31751000000,0.0162147621623
31761000000,0.0113156579195
31772000000,-0.0258572963501
31782000000,-0.0275916092048
31788000000,-0.0284125082155
31800000000,-0.0284834756675
31812000000,-0.0434296455834
31821000000,-0.0415050562561
31832000000,-0.0391146003878
31856000000,-0.0364000556722
31856000000,-0.0334859386674
31867000000,-0.0304745974042
31878000000,-0.0680657331865
31883000000,-0.0625918059895
31893000000,-0.125634439066
31906000000,-0.11576421068
31906000000,-0.105407368844
31928000000,-0.0948947139578
31933000000,-0.0844903014072
31937000000,-0.138230579263
31950000000,-0.124774562482
31963000000,-0.111369033337
31972000000,-0.190901553196
31982000000,-0.172701172328
31990000000,-0.154472733844
31996000000,-0.136627216393
32005000000,-0.119479679325
32022000000,-0.204953285606
32028000000,-0.18319347568
32042000000,-0.161909619017
32053000000,-0.14147059729
32062000000,-0.122153258238
32063000000,-0.10414915988
32081000000,-0.190606207225
32094000000,-0.324573199404
32103000000,-0.294216132127
32112000000,-0.263657501673
32118000000,-0.233609278151
32130000000,-0.2046382572
32143000000,-0.177162548206
32151000000,-0.232713582752
32160000000,-0.204027622838
32160000000,-0.176794364599
32160000000,-0.151319983495
32191000000,-0.256138238472
32198000000,-0.226251188681
32213000000,-0.197553834679
32213000000,-0.170436501593
32213000000,-0.25330676881
32213000000,-0.223147127693
32251000000,-0.321026425076
32259000000,-0.286433820457
32269000000,-0.252670726391
32281000000,-0.220321399561
