%time,field0,field1,field2,field3
43000000,0.0522828168513,0.00856857276174,3.17259878256,7.9314969564
43000000,0.300371348712,0.0492275265945,18.2269784344,45.5674460861
91000000,0.390167211301,0.063944070741,23.6759244072,59.1898110181
127000000,0.390167211301,0.063944070741,23.6759244072,59.1898110181
162000000,0.390167211297,0.0639440707407,23.6759244073,59.189811018
202000000,0.389608770446,0.0640090205041,23.6769360093,59.1829848256
265000000,0.383823628545,0.0647043125516,23.6881544919,59.0379045759
286000000,0.387603367161,0.0642508101858,23.6808292249,59.132334401
317000000,-0.0204723699723,-0.00276919086005,-1.11298227545,-2.83748724695
369000000,-0.380394762274,-0.0618833996583,-22.9816547047,-57.49714644
404000000,-0.391732949538,-0.0637562087053,-23.6729007703,-59.2276261465
452000000,-0.391993588056,-0.0637253052621,-23.6724306662,-59.2306024884
479000000,-0.391520623343,-0.0637821337753,-23.6733466841,-59.2188477495
574000000,-0.39121846814,-0.0638183760586,-23.6739266888,-59.2118701276
574000000,-0.391154465625,-0.0638260390504,-23.6740472991,-59.2106130224
611000000,-0.391138118526,-0.0638280016922,-23.6740773026,-59.2103624694
643000000,-0.391116435577,-0.0638306173424,-23.6741187223,-59.2098674835
687000000,-0.391062005003,-0.0638371666645,-23.6742237608,-59.2085416451
726000000,-0.390990310484,-0.063845784613,-23.6743621617,-59.2067987696
766000000,-0.390919626485,-0.0638543333765,-23.6745043063,-59.2045168803
808000000,-0.390596229987,-0.0638931602605,-23.6751313759,-59.1964446075
847000000,-0.390435743284,-0.063912398667,-23.6754401715,-59.1926846452
884000000,-0.390404280038,-0.0639163246463,-23.6754993005,-59.1920722224
924000000,-0.390282352922,-0.0639311824344,-23.6757358215,-59.1890241605
964000000,-0.336590403908,-0.0552151946185,-20.4761724259,-51.091653902
999000000,-0.198327268912,-0.0326022098006,-12.1267962821,-30.1452972508
1040000000,-0.0249551236191,-0.00424813892304,-1.65605730272,-3.8800513776
1077000000,0.165964264364,0.0269811142764,9.88867645639,25.0479874337
1137000000,0.366701076302,0.0598625088343,22.0459407785,55.488753581
1165000000,0.389909467385,0.0639736154285,23.6763722914,59.1887320783
1211000000,0.389880746737,0.0639769691617,23.6764175452,59.1890459187
1248000000,0.389855474596,0.0639799629428,23.6764571534,59.1893410342
1282000000,0.389863606881,0.0639791335427,23.6764481659,59.188852008
1327000000,0.389767748327,0.0639906936651,23.6766310421,59.1867698998
1366000000,0.389714910927,0.0639970598452,23.6767301745,59.1858012437
1427000000,0.38340104914,0.0629626718244,23.2903522136,58.2276622663
1458000000,0.359623335478,0.0590552254325,21.8425121643,54.6151332843
1480000000,0.333639947663,0.0548080473741,20.2661804005,50.6781538409
1526000000,0.30723884262,0.0504942745504,18.665409015,46.6784639014
1570000000,0.288080988223,0.0473699388852,17.5050573328,43.7790186206
1607000000,0.275126938616,0.0452564297259,16.7201418127,41.8179107257
1655000000,0.267478158931,0.0440094062148,16.2567683916,40.6605261037
1680000000,0.275748548059,0.045379410333,16.7676776254,41.9233469774
1721000000,0.297340465863,0.0489321766611,18.0857661334,45.2065953681
1769000000,0.329596792307,0.0542247844623,20.0482989162,50.1038103623
1802000000,0.368034025418,0.0605263451638,22.384247194,55.9366243747
1843000000,0.389475318275,0.0640259228792,23.6771782587,59.1815574494
1887000000,0.389493177269,0.0640237900087,23.6771450873,59.1818605492
1931000000,0.389509222998,0.0640218684967,23.6771150858,59.1821536937
1971000000,0.389527157065,0.0640196305724,23.677072766,59.1833567234
2023000000,0.389576728692,0.0640136688095,23.6769829553,59.183967914
2038000000,0.389598195495,0.0640110492042,23.6769475482,59.1838961033
2097000000,0.389607050903,0.0640099093051,23.6769322581,59.1839441009
2143000000,0.389625471836,0.0640076425521,23.6768977128,59.1842946601
2160000000,0.38965013132,0.0640046603788,23.6768513546,59.1847658437
2211000000,0.389672789271,0.0640019225346,23.6768084919,59.1852214425
2252000000,0.389693790389,0.0639993835697,23.6767696987,59.1855513026
2285000000,0.389711973754,0.0639971590416,23.6767354927,59.1859020705
2319000000,0.389729418949,0.0639950383165,23.6767036844,59.1861363376
2357000000,0.389743252647,0.0639933365724,23.6766778368,59.1863858489
2398000000,0.386947035126,0.0635309289584,23.5062325091,58.7602254151
2450000000,0.381021255368,0.0625559460505,23.1459263866,57.8595187284
2489000000,0.379449878277,0.0622942987105,23.0497590264,57.6191961238
2526000000,0.38163163572,0.0626480349181,23.1813796729,57.9483590645
2568000000,0.385886810206,0.0633421000728,23.4389157754,58.5923393627
2597000000,0.389825735266,0.063983387648,23.6765253486,59.1877018645
2649000000,0.389835568024,0.0639822271014,23.6765064763,59.1879262959
2679000000,0.389846188943,0.0639809860312,23.6764872395,59.188053449
2734000000,0.389853759229,0.0639800885764,23.6764725148,59.1882455455
2771000000,0.389862777131,0.0639791926468,23.6764726465,59.1867140401
2796000000,0.389831688105,0.0639828894954,23.6765315316,59.1860895076
2851000000,0.38982783211,0.0639833405928,23.6765375761,59.1861371574
2884000000,0.389837021127,0.0639821248719,23.676507128,59.1876175193
2924000000,0.389868235995,0.0639783459001,23.6764464789,59.188388408
2969000000,0.389877134048,0.0639771436771,23.6764303729,59.1884935335
3009000000,0.389671440722,0.063943892203,23.6640946975,59.1574706475
3043000000,0.387177995048,0.063535623111,23.5129105782,58.7794410938
3088000000,0.382642405391,0.0627912755899,23.2374853348,58.0909918912
3119000000,0.376509182452,0.0617842882311,22.8649177505,57.1593421774
3199000000,0.372731387425,0.0611546927571,22.633370838,56.5818292189
3212000000,0.371275932315,0.0609127514273,22.5442908737,56.3598173461
3247000000,0.370034553875,0.0607092695009,22.4689434022,56.1716995033
3296000000,0.368707328701,0.0604921984359,22.3884948149,55.9707342276
3329000000,0.367323701111,0.0602664316045,22.3047479258,55.7614926705
3371000000,0.364722366942,0.0598408270823,22.1470519376,55.3674465684
3402000000,0.361053926065,0.0592395863836,21.9244380854,54.8112131526
3435000000,0.356683118512,0.0585227936149,21.659106236,54.148245948
3486000000,0.353473247037,0.057995887608,21.4641376805,53.6612251087
3504000000,0.35136305076,0.0576494462431,21.3359299506,53.3393151574
3564000000,0.348903095371,0.0572544564226,21.1884211114,52.9696751525
3602000000,0.346133449469,0.0568050563074,21.0213027946,52.5515562556
3649000000,0.343128787364,0.0563135824164,20.8391450376,52.0962668479
3679000000,0.339949119289,0.055791899624,20.6460401308,51.6135694442
3730000000,0.336665245403,0.0552523788245,20.4467071596,51.1152934457
3762000000,0.333685494385,0.0547642076381,20.2659170941,50.6645747234
3800000000,0.331468409465,0.0543942342534,20.1298954926,50.3248541893
3851000000,0.329834548366,0.0541246441012,20.030330322,50.0758078071
3881000000,0.326961932239,0.0536539018173,19.8560146797,49.6398908189
3930000000,0.322875954536,0.0529812814645,19.6074011487,49.0181889014
3976000000,0.318083557565,0.0521972175888,19.316883762,48.291710197
4001000000,0.312388763812,0.0512640589101,18.9713436224,47.4278375416
4034000000,0.307682537586,0.0504921893966,18.6856317245,46.7136229589
4082000000,0.304278260741,0.0499334691697,18.4788741311,46.1967718685
4108000000,0.302087865809,0.049574048186,18.3458558433,45.8642362014
4169000000,0.300270488205,0.0492788135702,18.2361432683,45.5892076795
4200000000,0.298735460564,0.0490275900402,18.1430673701,45.3562541133
4240000000,0.297079769754,0.0487558280001,18.0425007416,45.1047012955
4282000000,0.295315165467,0.0484652871616,17.9351192991,44.8361844457
4325000000,0.293468425216,0.0481612804502,17.8227227514,44.5551169022
4367000000,0.290750002776,0.047714467543,17.6574733624,44.1418845326
4399000000,0.287192335641,0.0471302114643,17.4413195982,43.6013752344
4437000000,0.282970581633,0.0464372450773,17.1848961888,42.9601873289
4485000000,0.278305618927,0.0456716489245,16.9015800937,42.2517837146
4518000000,0.273276035714,0.0448463502701,16.596170559,41.4898189911
4553000000,0.268263431959,0.0440184936567,16.2905779595,40.7266281903
4602000000,0.263287298763,0.0432008927122,15.9881372648,39.9705339539
4636000000,0.258790313704,0.0424645014032,15.7153724902,39.2885191642
4686000000,0.254962435623,0.041837480689,15.4831516802,38.7078808221
4735000000,0.251676262755,0.0412987149812,15.2836916792,38.2092862231
4766000000,0.247189175924,0.0405626809177,15.0112597182,37.5282877505
4805000000,0.241701311052,0.0396628017375,14.6781380268,36.6955712779
4839000000,0.235367111889,0.0386246870103,14.2937631495,35.7346356326
4881000000,0.22912922838,0.0376032656602,13.9154345903,34.7888122218
4921000000,0.223659680148,0.0367076916396,13.5837131605,33.9594538568
4960000000,0.219083612549,0.0359558252538,13.3056063423,33.2644730879
4998000000,0.216074576069,0.035464174865,13.1233397776,32.8086051483
5040000000,0.214134426891,0.035143753039,13.0050741861,32.5142718921
5084000000,0.212953904214,0.0349491825538,12.9331933059,32.3348024412
5130000000,0.21252716425,0.034879780289,12.9074132061,32.2703633968
5163000000,0.211995567251,0.0347940876073,12.875469616,32.1905262064
5208000000,0.211289014982,0.0346790880663,12.8327705442,32.0839272223
5247000000,0.210458317423,0.0345430258392,12.7823798115,31.9581880666
5285000000,0.209170659722,0.0343316715228,12.7041510557,31.7612445849
5320000000,0.207406772098,0.0340493061066,12.5985911825,31.4966214506
5376000000,0.205546047143,0.0337481370286,12.4865112816,31.2160981195
5406000000,0.20362637522,0.0334352888923,12.3704095413,30.925811256
5450000000,0.20063663021,0.032945976492,12.1891502342,30.4740703407
5481000000,0.196732179457,0.032301600363,11.9512328799,29.8793380336
5524000000,0.192044354558,0.0315332030293,11.6667470249,29.1677154634
5571000000,0.187081013231,0.0307213271949,11.3659141275,28.4152613087
5607000000,0.18193867024,0.0298791688644,11.0540086189,27.6353255699
5641000000,0.176659827038,0.0290133242815,10.7335244112,26.834075393
5681000000,0.171461810907,0.0281584140067,10.4174280566,26.0438611596
5722000000,0.166830717318,0.0273959240577,10.1356244872,25.3396297195
5763000000,0.16309297931,0.0267830376409,9.90873831492,24.7723705368
5803000000,0.160536061581,0.026363342807,9.75343458731,24.3841756374
5842000000,0.158499336113,0.0260287309535,9.62966098883,24.0747595586
5891000000,0.156829936516,0.0257544302852,9.52820310125,23.8211185869
5933000000,0.155501531925,0.0255358226628,9.44739672786,23.6191162185
5974000000,0.154549754776,0.0253820675627,9.39013881203,23.475720847
6013000000,0.154045352322,0.0252972723394,9.35906213624,23.3981952137
6045000000,0.153910813242,0.0252759745412,9.35105040873,23.3767256215
6076000000,0.153722912705,0.0252470291832,9.34006033552,23.3490067779
6113000000,0.153472180878,0.0252053055721,9.32470708369,23.3106750429
6158000000,0.152542317705,0.0250510242462,9.26786204625,23.1685973478
6196000000,0.151010218472,0.0247985582612,9.1745845685,22.9353041006
6241000000,0.14897600352,0.0244647671793,9.05107062383,22.6279179975
6294000000,0.147000940759,0.0241552922868,8.93436932636,22.3347872728
6321000000,0.145254029657,0.0238611594229,8.8266359768,22.0663797733
6364000000,0.143094443357,0.023502808299,8.69461550462,21.7366411398
6401000000,0.140653568347,0.0231023395169,8.5464095638,21.3661633667
6449000000,0.137965052908,0.0226592087622,8.38271493472,20.9571857383
6489000000,0.134772526159,0.0221342686421,8.18860043339,20.4714095231
6528000000,0.131095174662,0.0215328178955,7.96572887531,19.9145219407
6567000000,0.127621480078,0.0209631604871,7.75486210492,19.3877645427
6608000000,0.124370776104,0.0204298484144,7.55747984997,18.8946050649
6637000000,0.121317240884,0.0199295424626,7.37221506194,18.4316210376
6681000000,0.118506601327,0.0194695167553,7.20178762101,18.0050756723
6721000000,0.116012143679,0.0190624371786,7.0508025647,17.6274496783
6763000000,0.114598440226,0.0188310758624,6.96508984057,17.4132147989
6812000000,0.114084764029,0.0187462947986,6.93378718474,17.3350964395
6842000000,0.114322105321,0.0187845833084,6.94805359987,17.37091451
6892000000,0.114359273837,0.0187902017255,6.95020216051,17.3763416633
6928000000,0.114198033665,0.0187637865002,6.94043159093,17.3531576093
6956000000,0.113918348128,0.01871537938,6.92290326369,17.3095730367
7001000000,0.113530126082,0.0186517776468,6.89935941768,17.2506778427
7042000000,0.112419658473,0.0184707819513,6.83220426516,17.0827940876
7085000000,0.11073324186,0.018195014138,6.7300152647,16.8274417615
7120000000,0.108579065313,0.0178418604458,6.5992803933,16.5008059278
7173000000,0.106043124773,0.0174257172443,6.44526634276,16.1144899916
7207000000,0.103193625267,0.0169621625073,6.27311680604,15.6836656198
7246000000,0.100091338973,0.0164551465402,6.08518092471,15.2137673978
7283000000,0.0972924749492,0.0159962495275,5.9153014114,14.7892033574
7320000000,0.0947681313488,0.0155818478413,5.76196875468,14.4059145135
7358000000,0.0927584128974,0.0152522268158,5.63996183113,14.100925661
7399000000,0.0913927129567,0.0150282568724,5.55705874776,13.8936129925
7446000000,0.0905568790935,0.0148911286634,5.50631121497,13.766802135
7485000000,0.0897220729399,0.0147537502402,5.45552805829,13.6395594475
7520000000,0.0888169835404,0.0146053961341,5.40060028036,13.5019462579
7565000000,0.0882399504707,0.0145107469606,5.36554260491,13.4146902204
7618000000,0.087908077399,0.0144544849378,5.34498999371,13.3634928746
7644000000,0.0877803851381,0.0144360499669,5.33779445565,13.3452152739
7682000000,0.0870409730521,0.0143132051275,5.29255703161,13.2322380654
7721000000,0.0857401259357,0.0140990653768,5.21341013413,13.0343626657
7761000000,0.0844498135096,0.013887015522,5.13498398447,12.8383380707
7805000000,0.0832220149547,0.013685211037,5.06033678865,12.6506169043
7843000000,0.0820401246546,0.0134933635672,4.98903053824,12.4721651491
7887000000,0.0802340243256,0.0131971083663,4.87937823703,12.1980733486
7927000000,0.0777801016908,0.0127938143885,4.73022008508,11.8251763191
7968000000,0.0756951229151,0.0124521089093,4.60412452386,11.5088716529
7997000000,0.0739524372055,0.0121673847687,4.49893426693,11.2448925614
8046000000,0.0725574052074,0.011939325986,4.41470934714,11.0334854862
8082000000,0.0714680296746,0.0117609449263,4.34890568283,10.8694403545
8137000000,0.0705792222694,0.0116242620038,4.29718407356,10.7388480001
8162000000,0.0697938994929,0.011499822195,4.25066198713,10.6218950831
8206000000,0.0690496177511,0.0113738815085,4.20477526677,10.5072446561
8265000000,0.0683155862101,0.0112498392324,4.15953718328,10.3941953057
8284000000,0.067447502556,0.0111056062883,4.1065296204,10.261589924
8323000000,0.0661851204512,0.0108980443659,4.02986286124,10.0697959045
8369000000,0.0642550516697,0.0105812666371,3.91271301372,9.77692840934
8404000000,0.061710348349,0.0101639790821,3.75830360655,9.39108963984
8442000000,0.0586682708588,0.00966517923024,3.57370148288,8.92974288016
8480000000,0.0561793078694,0.00925736438152,3.42272801442,8.55242436577
8512000000,0.054230407118,0.00893832043971,3.30457659298,8.2571560173
8559000000,0.0527142811318,0.00869029293157,3.21269524308,8.02652675364
8604000000,0.0515642354862,0.00850465196895,3.14355276172,7.85334390025
8653000000,0.0507431092492,0.00837133218515,3.09401252161,7.72940192553
8681000000,0.0504376779312,0.00832168902492,3.07557465839,7.68336393273
8717000000,0.0505523118194,0.00834041513982,3.08251927164,7.70079021793
8767000000,0.0507317123134,0.00836979450859,3.09341430325,7.72925664125
8806000000,0.0508814335357,0.00839185910744,3.10194876477,7.75068992084
8841000000,0.0509874366302,0.00840918347109,3.10836516096,7.76658528619
8884000000,0.0503259330752,0.00830160044794,3.06840401392,7.66660957726
8928000000,0.0489691756453,0.00807964087814,2.98615839217,7.4610511393
8962000000,0.0474713768046,0.00783396187187,2.89521869498,7.23382387188
9005000000,0.0458968240671,0.00757542689132,2.79954662709,6.99379524399
9045000000,0.0442530840946,0.00730766475137,2.70015328038,6.74512510727
9097000000,0.042499024677,0.00702049894387,2.59377365211,6.47918938558
9121000000,0.04064388594,0.00671604164662,2.48109952312,6.19762064791
9162000000,0.0387320165594,0.00640213521133,2.36494828705,5.90731316015
9206000000,0.0367788979043,0.00608167723416,2.2463396067,5.61079676316
9244000000,0.0347907970844,0.00575568646101,2.12565330311,5.30906792956
9282000000,0.0331962242671,0.00549414779036,2.02883768029,5.06703049556
9331000000,0.0319780995043,0.00529413440295,1.9548205208,4.88143705847
9376000000,0.0310812805841,0.00514549289239,1.90001912245,4.74438016139
9408000000,0.030458485954,0.00504385875687,1.86231218308,4.64993353127
9440000000,0.0300752337667,0.00498065272811,1.8389559052,4.59139060207
9485000000,0.0300363146774,0.00497384294114,1.83648543627,4.58503081598
9526000000,0.0302977381755,0.0050164180722,1.85229122594,4.62560443527
9558000000,0.03050564763,0.00504800706042,1.86434320823,4.65603470433
9609000000,0.0306352427032,0.00506764476741,1.8718398305,4.67481838557
9638000000,0.0307034105394,0.0050779001992,1.87576292693,4.68468810172
9683000000,0.0307741425874,0.00508862259462,1.87982716099,4.69492045176
9720000000,0.030848413506,0.00510000486068,1.88411391455,4.70456506365
9769000000,0.0306524102494,0.00506890283785,1.87242677121,4.67552517791
9802000000,0.0302530720207,0.00500230046315,1.84791702222,4.61463783657
9843000000,0.0296678844642,0.00490482643379,1.81203685466,4.52520541216
9882000000,0.0285341593797,0.00471815996187,1.7430276904,4.35279801419
9933000000,0.0268837692527,0.00444760117581,1.64284962138,4.10301084181
9973000000,0.0253407091283,0.00419361038376,1.5489527593,3.86845770132
10006000000,0.0239167198879,0.00395923730307,1.46230706818,3.65196086212
10042000000,0.022596251394,0.00374230927695,1.38205043005,3.45138966001
10086000000,0.0211593049442,0.00350669918799,1.29491749722,3.23339158941
10124000000,0.0196054348342,0.00325206251794,1.20070420649,2.99773191682
10166000000,0.0183660959108,0.0030490055336,1.12556976145,2.8097797697
10205000000,0.0174231475861,0.0028946074614,1.06842850097,2.66687489658
10238000000,0.0167194611469,0.00277953120479,1.0258205125,2.56025150662
10286000000,0.0162353886861,0.00269871365674,0.996156720642,2.48707892791
10308000000,0.0158416525576,0.00263800074328,0.973139661425,2.42929255902
10362000000,0.0155672162373,0.00259250830435,0.956390820161,2.38748126875
10396000000,0.0153478403635,0.00255708579779,0.943211727969,2.35462191658
10452000000,0.0151848985849,0.00253075574552,0.933419610362,2.33031743328
10487000000,0.0150545120418,0.00250939448968,0.925502069097,2.30939044504
10517000000,0.0149255859589,0.00249028685375,0.918128098353,2.29063141219
10568000000,0.0145093360081,0.00242274514339,0.893181448319,2.22804029351
10607000000,0.0137872895947,0.00230396492188,0.849400349789,2.11837136724
10647000000,0.0128304312651,0.002146730793,0.791353261256,1.97311368291
10687000000,0.0117763710337,0.00197376614922,0.727444910287,1.81426982236
10726000000,0.0106644918555,0.00178960348206,0.659614930917,1.64439483067
10783000000,0.00969929445804,0.00163178768879,0.601184146643,1.49782446229
10804000000,0.00891320165417,0.00150406371437,0.553777097235,1.37893215547
10854000000,0.00791784024363,0.0013414477352,0.493531423212,1.22810335648
10898000000,0.00675006811142,0.00114894476967,0.422450872418,1.05011142263
10932000000,0.00541619324263,0.00092793148484,0.340999072305,0.846576118294
10959000000,0.00418615542633,0.000726702080687,0.266455948376,0.660109519189
10998000000,0.00308757805142,0.000546509848183,0.199773038906,0.493366367698
11048000000,0.00244001760468,0.000440149280153,0.160435753148,0.39497623874
11078000000,0.00220774852586,0.000401893971209,0.146305511133,0.359588722508
11122000000,0.00233794444121,0.000424662990395,0.154528761171,0.379982297642
11161000000,0.0025419909524,0.000457501115077,0.166768631053,0.409708510672
11200000000,0.00278715452399,0.000498562362324,0.181843026109,0.44716234772
11246000000,0.00257055552109,0.000462195913462,0.168266181157,0.413686104726
11280000000,0.0019171521268,0.000353432170639,0.128051356042,0.314706416891
11329000000,0.000918345759181,0.000186512843966,0.0665482154859,0.161743158999
11367000000,-0.000192813582839,2.459369344e-06,-0.00146485078437,-0.00793400415494
11410000000,-0.00137662122639,-0.000192207349975,-0.0735739487394,-0.18790460597
11448000000,-0.00262207562401,-0.000396761302403,-0.149355853279,-0.377170762011
11490000000,-0.0038093475553,-0.00059176554192,-0.22158758452,-0.557486907108
11523000000,-0.00493771299673,-0.000777287638438,-0.29027064744,-0.728970716765
11560000000,-0.00602098284043,-0.000955613645624,-0.356250077291,-0.893697716472
11600000000,-0.00706954020758,-0.00112839045275,-0.42014582326,-1.05319344507
11640000000,-0.00808844787672,-0.0012953352148,-0.482018501889,-1.20780018288
11685000000,-0.0088854108861,-0.0014257213597,-0.530375322212,-1.32857511627
11724000000,-0.00932546496583,-0.00149762561157,-0.557071411591,-1.39524003302
11759000000,-0.00923332846188,-0.00148227700557,-0.551460669915,-1.38112692446
11800000000,-0.0086709996943,-0.00138991967757,-0.517325045135,-1.29570029222
11843000000,-0.00792000025013,-0.00126738998113,-0.471903640691,-1.18201369
11881000000,-0.00795898959422,-0.00127359054844,-0.474251273552,-1.18780201507
11920000000,-0.00859746702575,-0.00137824380729,-0.51301913172,-1.28464086344
11962000000,-0.00932720998573,-0.00149791972077,-0.5573367439,-1.39533198234
12003000000,-0.0100739524942,-0.00162043381282,-0.602696193025,-1.50867067299
12048000000,-0.0109116453181,-0.00175781564409,-0.653563483461,-1.63572116473
12084000000,-0.0118167825342,-0.00190652233763,-0.708583684168,-1.77319148193
12109000000,-0.0128066174782,-0.0020688283317,-0.768678611467,-1.92331933025
12169000000,-0.0140066428201,-0.00226578504771,-0.841643195526,-2.10545897816
12212000000,-0.015380799429,-0.00249135781523,-0.92518037625,-2.31406836719
12244000000,-0.0168561454796,-0.00273326406694,-1.01479546415,-2.53791991739
12299000000,-0.0182203243574,-0.00295703507099,-1.09766999133,-2.74491613069
12322000000,-0.0194750990489,-0.00316294840093,-1.173916902,-2.9353241716
12362000000,-0.0207440943708,-0.00337111857773,-1.25100400263,-3.12788324815
12404000000,-0.0221071388947,-0.00359466382534,-1.33378361243,-3.33466581244
12438000000,-0.0235394867361,-0.00382957035177,-1.42076482773,-3.5519751998
12472000000,-0.0246306593645,-0.00400853600735,-1.48703316609,-3.71749988729
12534000000,-0.0253829432228,-0.00413197768852,-1.53273743218,-3.83161209749
12557000000,-0.0258923600672,-0.00421562027089,-1.5636913385,-3.90889189339
12606000000,-0.0261808385227,-0.00426301554548,-1.58122933894,-3.95262080803
12649000000,-0.0262872900398,-0.00428060039317,-1.58772617413,-3.9687518379
12681000000,-0.0264795459178,-0.00431224655185,-1.59942880124,-3.9978847074
12721000000,-0.0267510322672,-0.00435687453839,-1.61593828435,-4.03903876006
12777000000,-0.0274992827017,-0.00447968794129,-1.66138812479,-4.15253823553
12809000000,-0.0289699535437,-0.00472084096181,-1.75066186871,-4.37557698879
12835000000,-0.0305783423991,-0.00498465936873,-1.84831374362,-4.61957364534
12889000000,-0.0322534457258,-0.00525939272231,-1.95000989696,-4.87366063739
12921000000,-0.0340091447094,-0.00554734767631,-2.05659988746,-5.13999424821
12979000000,-0.0356317662313,-0.00581344076562,-2.15510313521,-5.38610361663
13001000000,-0.037135299806,-0.00605960337439,-2.24628772096,-5.61394321942
13040000000,-0.0390218553275,-0.00636896407288,-2.36080941739,-5.90009022765
13087000000,-0.041233758099,-0.00673154992683,-2.49505236149,-6.23553854527
13124000000,-0.0437046978225,-0.00713660146132,-2.64501663529,-6.61029181065
13162000000,-0.0456986480492,-0.00746349247001,-2.76603895995,-6.91266985445
13245000000,-0.0472483964531,-0.00771748455216,-2.86008473793,-7.14762817525
13248000000,-0.0480073010919,-0.00784146988808,-2.90605246991,-7.26241942494
13279000000,-0.0484022002188,-0.00790642036404,-2.93006925841,-7.32225239825
13344000000,-0.0482910209488,-0.00788839051066,-2.92336794669,-7.30530228365
13362000000,-0.0481216367031,-0.00786046985448,-2.91305618598,-7.27934585795
13406000000,-0.0479334859558,-0.00782980222832,-2.90167892607,-7.25069776848
13440000000,-0.0477336217925,-0.00779723210951,-2.8895945378,-7.22027117415
13478000000,-0.0476610682828,-0.00778540787305,-2.88520930298,-7.20910789368
13532000000,-0.047814547052,-0.00781062943221,-2.89454024817,-7.2322256361
13560000000,-0.0483889925647,-0.0079048401759,-2.92941545848,-7.31920028989
13610000000,-0.0494186522724,-0.00807363769911,-2.99190979017,-7.47522031877
13652000000,-0.0508407667759,-0.00830673786907,-3.07821523323,-7.69076906892
13684000000,-0.0526203187747,-0.00859840705515,-3.18620790563,-7.96052972928
13722000000,-0.0546274646264,-0.00892742684189,-3.30802234179,-8.26483427892
13764000000,-0.0565474161905,-0.00924268201299,-3.42495483916,-8.55626193289
13799000000,-0.0581217355577,-0.00950147025379,-3.52090801628,-8.79529538663
13848000000,-0.0594375111562,-0.0097175126947,-3.60105672054,-8.99492068766
13882000000,-0.0603885889478,-0.00987355478954,-3.65898641022,-9.13909944869
13938000000,-0.0610423562685,-0.00998080045107,-3.69883108704,-9.23811242904
13965000000,-0.0615167896765,-0.0100586013421,-3.72775927374,-9.30987801137
14010000000,-0.0618328539547,-0.0101106120826,-3.74709398803,-9.3576963804
14039000000,-0.0620219292371,-0.0101417740837,-3.75869834943,-9.38621737493
14079000000,-0.0621734662624,-0.0101667432108,-3.76800171525,-9.4090346199
14123000000,-0.0623211732725,-0.0101912425167,-3.77709553194,-9.43133253052
14160000000,-0.0626403352534,-0.0102435489085,-3.79651828352,-9.47950508876
14204000000,-0.0631014443366,-0.0103191111976,-3.82454471684,-9.54919452061
14256000000,-0.0637091184079,-0.0104187008655,-3.86145815269,-9.64111801915
14281000000,-0.0640741044987,-0.0104786641625,-3.88367165429,-9.69631150552
14324000000,-0.0642330270599,-0.0105046572517,-3.89333169952,-9.72010813557
14366000000,-0.0644293327447,-0.0105368618682,-3.90527459159,-9.74966486723
14407000000,-0.0647247604809,-0.0105852551657,-3.92321535155,-9.79418097597
14438000000,-0.0652363957919,-0.0106691334774,-3.95428395075,-9.87156126264
14491000000,-0.0659430552874,-0.0107851215723,-3.99721683939,-9.97856122179
14525000000,-0.066802776062,-0.0109259857568,-4.04938905895,-10.1087108543
14566000000,-0.0678172262349,-0.0110922107151,-4.11094875149,-10.2623154538
14602000000,-0.0689663130131,-0.0112805278832,-4.18068254141,-10.4363551969
14644000000,-0.0702253135074,-0.0114868676478,-4.25708668105,-10.6270887467
14691000000,-0.0712119143323,-0.0116485606944,-4.31695881661,-10.7764641792
14721000000,-0.072009628567,-0.011779327912,-4.36537530807,-10.8972453659
14759000000,-0.0728353679931,-0.0119146371258,-4.41548011535,-11.0222157196
14801000000,-0.0736981223062,-0.0120560504155,-4.46783885006,-11.1528523153
14840000000,-0.0741901435453,-0.0121366636986,-4.49769118117,-11.2272030605
14879000000,-0.0739041742142,-0.0120897931659,-4.48033791312,-11.1835565893
14919000000,-0.0729933004547,-0.0119404949264,-4.42506113475,-11.0450899743
14971000000,-0.0720717225133,-0.0117894592065,-4.36913821688,-10.9050172028
15010000000,-0.0711981572064,-0.0116462844083,-4.31612668491,-10.7722199916
15045000000,-0.0706172529397,-0.0115510776278,-4.28087491574,-10.6838252535
15087000000,-0.0703268266707,-0.0115034758029,-4.26324936899,-10.6395029491
15109000000,-0.0702889501455,-0.0114972568171,-4.26094709649,-10.6334863398
15159000000,-0.0704509635845,-0.0115238011469,-4.27077517151,-10.6578034499
15200000000,-0.0707863530858,-0.0115787494374,-4.29112148929,-10.7084097045
15241000000,-0.0712610970502,-0.0116565464277,-4.3199262786,-10.7801736051
15282000000,-0.0719170785565,-0.011764039679,-4.35972722851,-10.87942052
15320000000,-0.0727201188451,-0.0118956430707,-4.40845393635,-11.0009936112
15369000000,-0.0735372249756,-0.0120295368544,-4.45803083433,-11.1246883696
15401000000,-0.0742564479759,-0.0121474315862,-4.50167769569,-11.2335643088
15440000000,-0.0748459442571,-0.0122440170047,-4.53744165832,-11.3227360529
15483000000,-0.0752147447622,-0.0123044424032,-4.55981555171,-11.3784327153
15525000000,-0.0753715418343,-0.0123301250715,-4.56932534275,-11.4019767655
15557000000,-0.0756531365351,-0.0123762418955,-4.58640386083,-11.4444375873
15604000000,-0.076088541282,-0.0124475676698,-4.61281621519,-11.5102516747
15640000000,-0.0766537481533,-0.0125401521091,-4.64710187787,-11.5957404215
15700000000,-0.0771914196112,-0.0126282483861,-4.67972215871,-11.6770775634
15741000000,-0.0776959670757,-0.0127111035098,-4.71037425391,-11.7534709511
15773000000,-0.0779981617511,-0.0127607335796,-4.72873396038,-11.7991526957
15801000000,-0.0780706408798,-0.0127726968083,-4.73314995517,-11.8099745849
15844000000,-0.0779274548695,-0.0127491189198,-4.7244353504,-11.7879904859
15880000000,-0.0780088004005,-0.0127623790021,-4.7293542353,-11.8000896501
15919000000,-0.0782889382279,-0.0128082287304,-4.74633845996,-11.8423549724
15967000000,-0.0786351018628,-0.0128649050701,-4.76733041777,-11.894643008
15999000000,-0.0789130762796,-0.0129104176298,-4.78418726705,-11.9365905969
16048000000,-0.0793056600728,-0.0129747321469,-4.80800300905,-11.995947179
16084000000,-0.0798586206259,-0.0130653341334,-4.84155144593,-12.0796305582
16124000000,-0.0805449926585,-0.013177815629,-4.88319889877,-12.1835750878
16169000000,-0.0810602178336,-0.0132622438083,-4.91445989692,-12.261548655
16201000000,-0.0814202805665,-0.0133212490968,-4.93630713116,-12.3160024146
16246000000,-0.0817080269297,-0.0133686078478,-4.95381198249,-12.3595745743
16281000000,-0.0821007663737,-0.013433116632,-4.97767566843,-12.4190686237
16321000000,-0.0825749607763,-0.0135106506008,-5.00640987261,-12.4907650958
16371000000,-0.0831689335326,-0.0136080871617,-5.04247274649,-12.5807588326
16400000000,-0.0837642664032,-0.0137055603811,-5.07857685044,-12.6708931411
16442000000,-0.0843579202969,-0.0138027596636,-5.11457923464,-12.7607665995
16488000000,-0.0848447411714,-0.0138824845579,-5.14410652428,-12.8344648469
16515000000,-0.0852384951304,-0.0139469524183,-5.16798541597,-12.8940384633
16559000000,-0.0862489309168,-0.0141124898681,-5.22928613744,-13.0471780111
16598000000,-0.087824987569,-0.014370708151,-5.32490573977,-13.286120487
16651000000,-0.0898545540482,-0.0147032547765,-5.4480456169,-13.5938554144
16682000000,-0.091764442662,-0.0150162143511,-5.56392944724,-13.8834801449
16754000000,-0.0935470769123,-0.0153082947889,-5.67208606231,-14.153760947
16754000000,-0.0952281496695,-0.0155839494574,-5.77412902748,-14.4087800356
16829000000,-0.0968248886174,-0.0158455392076,-5.87100005679,-14.6508706874
16848000000,-0.098346512913,-0.0160948591293,-5.96332192538,-14.8815936248
16885000000,-0.0991468075501,-0.01622596707,-6.01187368523,-15.0028963938
16924000000,-0.0992868003639,-0.0162488790437,-6.02036163188,-15.0240123337
16974000000,-0.0992666886257,-0.0162456097373,-6.01914735333,-15.0209197954
17021000000,-0.0991520623186,-0.0162267966496,-6.012185113,-15.0033817141
17050000000,-0.0987905708783,-0.0161674056645,-5.99021673984,-14.9484574989
17086000000,-0.0981955564847,-0.0160698965502,-5.95411148113,-14.8580876927
17139000000,-0.097403452459,-0.0159401549918,-5.90606219395,-14.7379235396
17169000000,-0.0970009034932,-0.0158743957609,-5.88168262493,-14.6768874349
17202000000,-0.0969557988305,-0.0158670075461,-5.87894631271,-14.6699866522
17252000000,-0.0972067212759,-0.0159081608227,-5.89417907899,-14.7080035998
17281000000,-0.0977109618741,-0.0159908383757,-5.92478532386,-14.784451486
17321000000,-0.098422021069,-0.0161074095399,-5.96794137135,-14.8922879178
17374000000,-0.0992125254469,-0.0162369851171,-6.01591444501,-15.0121392064
17394000000,-0.100056217088,-0.0163753149267,-6.06712375259,-15.1401229953
17444000000,-0.100950887482,-0.0165219543838,-6.12141601788,-15.2757754937
17498000000,-0.101827583398,-0.0166656938079,-6.17462816367,-15.4087632312
17528000000,-0.102683942798,-0.0168060656302,-6.22659834793,-15.5386297059
17566000000,-0.102922109975,-0.0168451424035,-6.24106007067,-15.5747225778
17608000000,-0.102607976377,-0.0167937115814,-6.22200923088,-15.5270331396
17655000000,-0.101815923031,-0.0166639570622,-6.17395792114,-15.4068391034
17688000000,-0.101139623349,-0.0165531848287,-6.13293321426,-15.3042091285
17728000000,-0.100606872306,-0.0164659405492,-6.10061974859,-15.2233624426
17759000000,-0.100196800438,-0.0163987998274,-6.07574992078,-15.1611101724
17811000000,-0.0998961704748,-0.0163496089053,-6.05752446875,-15.1154879317
17867000000,-0.0996861365329,-0.0163152310803,-6.04478847937,-15.0835633108
17887000000,-0.09955421926,-0.0162934786442,-6.03675355469,-15.063449273
17918000000,-0.0994873054579,-0.0162825817085,-6.03270757079,-15.053231088
17970000000,-0.0996622842535,-0.0163113906462,-6.04335422166,-15.0797722849
18009000000,-0.100072997942,-0.0163788019333,-6.06829841475,-15.1420480129
18044000000,-0.100645880001,-0.0164727823729,-6.10308143283,-15.2289297125
18089000000,-0.101427615916,-0.016600887369,-6.150514758,-15.3474484618
18129000000,-0.102506461571,-0.0167777514284,-6.2159918064,-15.5110591159
18162000000,-0.103315074493,-0.0169103190827,-6.26506925596,-15.6336953742
18198000000,-0.103833939135,-0.0169953641414,-6.29655588705,-15.7123191508
18252000000,-0.104153976934,-0.0170478686907,-6.31598783533,-15.7608390218
18292000000,-0.104309363016,-0.0170733421764,-6.32541775427,-15.7843211712
18325000000,-0.10432501157,-0.0170759466594,-6.32637560854,-15.7866389734
18358000000,-0.104359769205,-0.01708166417,-6.32848887,-15.7918443343
18399000000,-0.104420893691,-0.0170916962394,-6.33220064304,-15.8010465672
18445000000,-0.104505304704,-0.0171055446408,-6.33732553529,-15.8137874358
18501000000,-0.104574502554,-0.0171168922541,-6.34152551916,-15.8242056132
18547000000,-0.104623285702,-0.0171249498301,-6.34449931955,-15.8315665111
18574000000,-0.104618684942,-0.0171243049258,-6.3442434651,-15.8307861739
18600000000,-0.10457073047,-0.0171165035287,-6.34134653036,-15.823509875
18645000000,-0.104522730716,-0.017108584945,-6.33842216332,-15.8161428445
18686000000,-0.104511872514,-0.0171067563601,-6.33775188943,-15.8143858459
18726000000,-0.1045315542,-0.0171099826935,-6.3389461595,-15.8173083342
18771000000,-0.104470732693,-0.0170999938745,-6.33525049819,-15.8079918236
18800000000,-0.104334790491,-0.0170777041411,-6.32699889065,-15.7873000052
18850000000,-0.104139977361,-0.0170457617819,-6.31517372583,-15.7576617644
18890000000,-0.104169186592,-0.0170505504705,-6.31694628823,-15.7620258307
18926000000,-0.10442455601,-0.0170924246163,-6.33244703837,-15.800708696
18960000000,-0.104729351566,-0.0171423785197,-6.350942281,-15.8468639206
18984000000,-0.105064465359,-0.0171973327339,-6.37128460144,-15.8976636016
19039000000,-0.105425884314,-0.0172565647938,-6.39321558047,-15.9524067601
19089000000,-0.105891560315,-0.0173329156719,-6.42148067183,-16.0230189633
19123000000,-0.106436846803,-0.0174222807309,-6.45456891095,-16.1056586543
19169000000,-0.106760719336,-0.0174753961315,-6.47423008486,-16.1547592765
19201000000,-0.106845801588,-0.0174893439889,-6.47939376517,-16.1676003736
19238000000,-0.106738334059,-0.0174717554825,-6.47287782953,-16.1512481
19285000000,-0.106611185136,-0.0174509402625,-6.46516727846,-16.131904512
19320000000,-0.106487026242,-0.0174306227639,-6.45763983682,-16.1130185537
19365000000,-0.106479491447,-0.017429419666,-6.4571895629,-16.1118310349
19400000000,-0.106584284621,-0.0174466207823,-6.46355423849,-16.1276724536
19444000000,-0.106777064289,-0.0174782511002,-6.47526023751,-16.1568796568
19481000000,-0.107002317628,-0.0175151508676,-6.48890390907,-16.1909622776
19521000000,-0.107251670056,-0.0175560022409,-6.50401374092,-16.2287182978
19561000000,-0.107625429022,-0.0176172578386,-6.52667908301,-16.2853641626
19598000000,-0.108091464517,-0.0176936328625,-6.55494515364,-16.3560034283
19659000000,-0.108649018984,-0.0177850148802,-6.58876848459,-16.4405235033
19703000000,-0.109191002657,-0.0178738610112,-6.62165435853,-16.5227008627
19740000000,-0.109709098871,-0.0179587776803,-6.65308679697,-16.6012351287
19762000000,-0.10982751727,-0.0179781517698,-6.660258363,-16.6191309935
19801000000,-0.109516485381,-0.017927213653,-6.64138675095,-16.5718954486
19840000000,-0.10885054989,-0.0178181156538,-6.60098118082,-16.4708352117
19891000000,-0.10808400263,-0.0176925172519,-6.55446847377,-16.3544962762
19921000000,-0.107361189107,-0.0175741002816,-6.51061339231,-16.2448037553
19962000000,-0.106938222118,-0.0175048186459,-6.48495260338,-16.1805969479
20011000000,-0.106818351197,-0.0174852034565,-6.4776829404,-16.1623675953
20050000000,-0.106930419633,-0.0175036001544,-6.48448796112,-16.179325633
20081000000,-0.107300572368,-0.0175642930802,-6.50695400548,-16.235432884
20128000000,-0.10785762236,-0.017655616997,-6.54076167973,-16.3198967659
20190000000,-0.108521659392,-0.0177644538763,-6.58105700701,-16.4205781185
20197000000,-0.109174191558,-0.01787140338,-6.62065345516,-16.5195204005
20239000000,-0.109816246529,-0.0179766596042,-6.65961867988,-16.6168699153
20289000000,-0.110183175724,-0.0180368264819,-6.68189070625,-16.6724898259
20332000000,-0.110320863778,-0.0180594192711,-6.69025131156,-16.6933338758
20365000000,-0.110426897047,-0.0180768170553,-6.69668956087,-16.7093705394
20425000000,-0.110566271671,-0.0180996793738,-6.70515147129,-16.7304925015
20440000000,-0.110733490571,-0.0181271979926,-6.71532366853,-16.7558533366
20484000000,-0.110784260532,-0.0181355095722,-6.71840218545,-16.7634879043
20519000000,-0.110731508672,-0.0181268859472,-6.7152056665,-16.7554251703
20558000000,-0.110802359299,-0.0181385312582,-6.71951237181,-16.7661330276
20599000000,-0.111078811363,-0.0181838191887,-6.73628341043,-16.8080067511
20640000000,-0.111524934419,-0.018256951616,-6.76335864004,-16.8756332393
20680000000,-0.11164320729,-0.0182763560283,-6.77054023762,-16.8935340029
20720000000,-0.111406468174,-0.0182375740095,-6.75617824829,-16.8575668112
20794000000,-0.111299512776,-0.0182200745663,-6.74969463486,-16.8413026158
20826000000,-0.111337083082,-0.0182262675252,-6.75197860227,-16.8469531359
20868000000,-0.111479925691,-0.0182496931617,-6.76065008442,-16.8685768844
20894000000,-0.111733165073,-0.0182912851941,-6.77605710431,-16.9069874289
20924000000,-0.112122064747,-0.018355087779,-6.79968780013,-16.9659679481
20963000000,-0.112336255875,-0.0183902361128,-6.81270959744,-16.998432401
21003000000,-0.112377924602,-0.0183970964301,-6.8152572752,-17.0047124416
21045000000,-0.112269297785,-0.0183793285492,-6.80868382125,-16.9882015346
21078000000,-0.11219695153,-0.0183674983727,-6.80430834456,-16.9771810232
21120000000,-0.112167316127,-0.0183626772463,-6.80252552497,-16.972653462
21149000000,-0.111894171422,-0.0183179346193,-6.78596211637,-16.9311709177
21188000000,-0.111405373483,-0.0182378502228,-6.75631203393,-16.8569801987
21252000000,-0.111383124455,-0.0182349187068,-6.75546132769,-16.8539896735
21323000000,-0.111871849436,-0.0183154382347,-6.78566804582,-16.9286785675
21334000000,-0.112777745335,-0.0184635202797,-6.8407933349,-17.0661823526
21359000000,-0.113459195089,-0.018575709833,-6.88245937449,-17.1698077821
21409000000,-0.113927420398,-0.018652818311,-6.91112673438,-17.2409429752
21446000000,-0.114199349984,-0.0186978522439,-6.92787757372,-17.2823408661
21481000000,-0.114350232333,-0.0187230213003,-6.93725447875,-17.3053760846
21529000000,-0.114411690967,-0.0187334044678,-6.94115834531,-17.3147911219
21562000000,-0.114223602231,-0.0187027591088,-6.92987360182,-17.2862831165
21602000000,-0.113818579584,-0.0186364791261,-6.90539226458,-17.2247434744
21637000000,-0.113234542697,-0.0185405260644,-6.86996242607,-17.1359835779
21692000000,-0.112703713045,-0.0184536963867,-6.8378405352,-17.0554750852
21719000000,-0.112215447064,-0.0183737607842,-6.80827514976,-16.981386891
21753000000,-0.111869510018,-0.0183170419826,-6.7872587906,-16.9288110714
21803000000,-0.111681800204,-0.0182861867522,-6.77583181686,-16.900225436
21854000000,-0.111820787056,-0.0183085271903,-6.78395106865,-16.9209764981
21884000000,-0.11227084368,-0.0183814948318,-6.8109029875,-16.9887657298
21917000000,-0.112957183957,-0.0184934179167,-6.85227102496,-17.0925361532
21986000000,-0.113589882296,-0.0185979603433,-6.89073090735,-17.1888141534
22041000000,-0.114138015565,-0.0186883896268,-6.92401923182,-17.271749025
22041000000,-0.114633750838,-0.0187679210507,-6.95362331937,-17.3460950408
22072000000,-0.115038649081,-0.0188333482685,-6.97790017414,-17.4070784449
22072000000,-0.115337388565,-0.0188824555401,-6.99598861094,-17.4524213508
22170000000,-0.115385841988,-0.0188904797841,-6.99888599982,-17.4597178624
22202000000,-0.115256467741,-0.0188698838867,-6.99111684161,-17.4402866104
22243000000,-0.114870886591,-0.0188067529144,-6.96769106279,-17.381750617
22287000000,-0.114421881768,-0.0187331950984,-6.94041673578,-17.3136056738
22317000000,-0.113948213535,-0.0186555112549,-6.91163192579,-17.2416974733
22370000000,-0.113674484504,-0.0186105305982,-6.89496912086,-17.2001009678
22400000000,-0.11366801523,-0.018609323574,-6.89452183032,-17.1990446723
22442000000,-0.113859787253,-0.0186409414868,-6.90618233857,-17.2282332565
22483000000,-0.114223185472,-0.0187003265199,-6.92817926528,-17.2832908126
22523000000,-0.114721908669,-0.0187819750091,-6.95840918968,-17.3589328075
22570000000,-0.1150715702,-0.0188392379136,-6.97960571843,-17.41199397
22601000000,-0.115298342582,-0.0188763801992,-6.993351292,-17.4464313701
22641000000,-0.11541977777,-0.0188964555601,-7.00075058184,-17.464992821
22690000000,-0.115526045827,-0.0189138528599,-7.00718760228,-17.4811661585
22720000000,-0.115620123055,-0.0189292940933,-7.01289539348,-17.4955187326
22772000000,-0.115588010961,-0.0189240650756,-7.01094394222,-17.4902856567
22814000000,-0.115453942071,-0.0189019597065,-7.00296713922,-17.4702238612
22849000000,-0.115236335412,-0.0188652907322,-6.98952045498,-17.4367031131
22903000000,-0.115281544959,-0.0188735574775,-6.99243829427,-17.4438509139
22923000000,-0.115528127188,-0.0189138526625,-7.00736129834,-17.4811381878
22960000000,-0.115594748654,-0.0189253517994,-7.01152492187,-17.4914834941
23017000000,-0.115490180551,-0.0189085336282,-7.00524501569,-17.4757226991
23050000000,-0.115232854981,-0.018866467949,-6.98965576461,-17.4371749588
23089000000,-0.115139739228,-0.0188505842944,-6.98386366017,-17.4226385939
23123000000,-0.115203621079,-0.0188608194473,-6.98768551469,-17.4320976535
23160000000,-0.115217156347,-0.0188630116599,-6.98849973375,-17.4340804969
23200000000,-0.115177283451,-0.018856398106,-6.98606161776,-17.4279675674
23247000000,-0.115082113642,-0.0188406534898,-6.98025231564,-17.4134309071
23272000000,-0.115107370061,-0.0188446693837,-6.98175533293,-17.417158488
23322000000,-0.11523337235,-0.0188652633607,-6.98938626258,-17.4361832392
23360000000,-0.115481865686,-0.0189060033256,-7.00446587988,-17.4738100728
23408000000,-0.115823592831,-0.0189620549347,-7.02521024156,-17.5255858477
23438000000,-0.116252060892,-0.0190323515929,-7.05122459834,-17.5905248299
23490000000,-0.116723178743,-0.0191095673298,-7.0799286426,-17.6619553058
23519000000,-0.117040195833,-0.0191621070265,-7.09939442448,-17.7102500077
23571000000,-0.117415700972,-0.019224064989,-7.12235772232,-17.7673751175
23614000000,-0.11785222388,-0.0192958216763,-7.14896582325,-17.8336707922
23657000000,-0.118048497568,-0.0193280650866,-7.16095362437,-17.8634355659
23657000000,-0.118018837806,-0.0193236516541,-7.15930575051,-17.8591028242
23725000000,-0.117796331235,-0.0192870899946,-7.14582669674,-17.8252574861
23763000000,-0.117601380506,-0.0192552444096,-7.13414408116,-17.7956985236
23805000000,-0.117438515234,-0.0192287663933,-7.12440894784,-17.7706645642
23851000000,-0.117451001477,-0.0192314457665,-7.125393877,-17.7727982721
23880000000,-0.117606478962,-0.0192571870432,-7.13496053256,-17.7964476448
23924000000,-0.117896285506,-0.019304750976,-7.15262321162,-17.8403332498
23956000000,-0.118331739144,-0.0193761895106,-7.17911490699,-17.9062848747
23995000000,-0.118891129076,-0.0194679880948,-7.21312977838,-17.9910543567
24039000000,-0.119555482983,-0.019576981263,-7.25350557154,-18.0917508838
24131000000,-0.120086301522,-0.0196639995794,-7.28575276742,-18.1721589959
24154000000,-0.120428240894,-0.0197206710192,-7.30666719658,-18.2242192809
24169000000,-0.120686077895,-0.019763475162,-7.32246075076,-18.2634941854
24200000000,-0.120524064503,-0.0197363567562,-7.31253330538,-18.2394064025
24263000000,-0.120042297258,-0.0196559504118,-7.28299747028,-18.1657232316
24285000000,-0.119434084222,-0.0195553871608,-7.24590928814,-18.0729304545
24322000000,-0.118721337891,-0.0194394067519,-7.20285958056,-17.965184713
24369000000,-0.118357392843,-0.0193794698736,-7.18072081554,-17.909790448
24408000000,-0.118310916979,-0.0193717987517,-7.17789610857,-17.902703627
24470000000,-0.118520923416,-0.0194062345464,-7.19064845821,-17.9345576851
24477000000,-0.118698698906,-0.0194355407447,-7.20147658764,-17.9615861526
24520000000,-0.118837475496,-0.0194586098999,-7.20997152401,-17.982776897
24562000000,-0.119241005189,-0.0195251104286,-7.23454091363,-18.0441550751
24619000000,-0.119872078258,-0.0196289214826,-7.27292163927,-18.1400501357
24647000000,-0.120705784289,-0.0197659606052,-7.32360179699,-18.2667228877
24708000000,-0.121164751251,-0.0198415102752,-7.35153377278,-18.3372345962
24735000000,-0.121227989628,-0.0198535547075,-7.35574932681,-18.3476926544
24771000000,-0.121374383648,-0.0198766915167,-7.36444266694,-18.3694892474
24810000000,-0.121614914281,-0.0199158923242,-7.378990946,-18.4059654261
24850000000,-0.121631619726,-0.019918498437,-7.37997675054,-18.4085779207
24884000000,-0.121452021879,-0.0198889096474,-7.3690329249,-18.380400871
24927000000,-0.121105698564,-0.0198329877601,-7.34820555463,-18.3281824195
24963000000,-0.12048936161,-0.0197312386287,-7.31089835798,-18.2348784397
25004000000,-0.119617173469,-0.019588464658,-7.25800130275,-18.1026715704
25042000000,-0.119089104956,-0.0195018056081,-7.22592084389,-18.0224503371
25085000000,-0.118953831164,-0.0194796752392,-7.21772044221,-18.0026377127
25130000000,-0.119178153448,-0.0195157785927,-7.23117399596,-18.0360835439
25160000000,-0.119353626201,-0.0195447798252,-7.24186832663,-18.0625542544
25204000000,-0.119484561366,-0.0195664140978,-7.24984774422,-18.0823474973
25241000000,-0.119567280846,-0.0195802639108,-7.25492928191,-18.0949455741
25280000000,-0.119690099422,-0.0196003966389,-7.26237935611,-18.1134861686
25321000000,-0.119964652841,-0.0196453146151,-7.27901744256,-18.1549625837
25366000000,-0.120215894995,-0.019686448517,-7.29424976312,-18.1929922534
25399000000,-0.120426061309,-0.0197208089076,-7.30698046057,-18.2247925941
25435000000,-0.120605326905,-0.0197500830218,-7.31783095901,-18.2518638574
25480000000,-0.120833090424,-0.0197874549889,-7.33171243837,-18.2864118497
25532000000,-0.121142428137,-0.0198382199928,-7.35054095413,-18.3333011354
25572000000,-0.121245318287,-0.0198550842544,-7.35681458728,-18.3483112201
25609000000,-0.121161086868,-0.0198400427014,-7.35145117451,-18.3347959689
25647000000,-0.120916296885,-0.0198004004024,-7.33672598041,-18.2977934971
25682000000,-0.120858112867,-0.0197911933321,-7.333450628,-18.2890523713
25731000000,-0.121014120168,-0.0198172242032,-7.34317198217,-18.3128341749
25766000000,-0.12117753321,-0.0198443240973,-7.35328783487,-18.3376365585
25800000000,-0.121337594722,-0.019869455571,-7.36269957359,-18.3609530003
25841000000,-0.121562183714,-0.0198968255588,-7.37137080526,-18.3863387004
25883000000,-0.121989717496,-0.0199289787715,-7.38176870403,-18.4212308423
25923000000,-0.122647343095,-0.0199623616204,-7.39358388996,-18.4649913567
25964000000,-0.123409740576,-0.0199842461849,-7.40157573823,-18.5038099093
26003000000,-0.124210252659,-0.019995225073,-7.4058049562,-18.5358295339
26040000000,-0.124978029262,-0.0199979021766,-7.4070525262,-18.5599164565
26084000000,-0.125584324495,-0.0199799125152,-7.4006476913,-18.5633837699
26131000000,-0.125987592837,-0.0199441952505,-7.38778898554,-18.5467122441
26160000000,-0.126258001969,-0.0199027605523,-7.37286362345,-18.5213407095
26209000000,-0.126364258873,-0.019856911198,-7.35654227073,-18.4892656712
26240000000,-0.126236832347,-0.0198076532362,-7.33918743377,-18.4448815129
26294000000,-0.126273618658,-0.0197928744756,-7.33435106964,-18.4351451503
26321000000,-0.126131098313,-0.0198119601153,-7.34311914849,-18.4422836483
26359000000,-0.126251704354,-0.0198661461274,-7.36459190947,-18.4878341636
26399000000,-0.126173012544,-0.0199554807237,-7.39888491657,-18.5484471092
26459000000,-0.126361691498,-0.0200728653324,-7.44313842312,-18.6410809692
26485000000,-0.125906742745,-0.0201324170248,-7.46653257368,-18.6697294075
26529000000,-0.12520407327,-0.020136681765,-7.46909488634,-18.6499282714
26557000000,-0.124457971255,-0.0201446298955,-7.47313710607,-18.6331461978
26600000000,-0.123720925198,-0.0201594169611,-7.47957141502,-18.6180505417
26667000000,-0.123242427484,-0.0201810985937,-7.48741635269,-18.6187112876
26677000000,-0.122530715235,-0.0202128481547,-7.49923632164,-18.6146286766
26724000000,-0.122342986097,-0.0202520605927,-7.51300528711,-18.6364092033
26767000000,-0.121929652588,-0.0203199737409,-7.53729051303,-18.6673749823
26818000000,-0.122150096272,-0.0204136048681,-7.57010284199,-18.7384248146
26845000000,-0.122276715302,-0.0205379145558,-7.61075966028,-18.820364389
26886000000,-0.122511158699,-0.0206309634807,-7.64386272458,-18.8913964038
26941000000,-0.122752407978,-0.0207059827178,-7.67002053097,-18.948981739
26959000000,-0.123002290771,-0.0207678451288,-7.69123005458,-18.9952641786
27001000000,-0.123373317097,-0.0208183942785,-7.70809474397,-19.0397161602
27045000000,-0.123572956826,-0.0208606492092,-7.7220822872,-19.0707322565
27087000000,-0.123884916402,-0.0208849032215,-7.72919170604,-19.0937350221
27142000000,-0.123989990345,-0.0208922164652,-7.730197325,-19.0963817122
27192000000,-0.124331803104,-0.02091259844,-7.73574008596,-19.1166721988
27201000000,-0.124768973272,-0.0209442227316,-7.74689323667,-19.1504071355
27243000000,-0.125347308929,-0.0209938082465,-7.76306020784,-19.1984694099
27280000000,-0.126001665127,-0.021056977928,-7.78445109406,-19.2594833361
27323000000,-0.126825935296,-0.0211238297574,-7.80981981281,-19.3329851676
27360000000,-0.127638314727,-0.0211910602233,-7.83257400155,-19.4016939223
27397000000,-0.128278724939,-0.0212475798411,-7.85202846199,-19.4594551141
27448000000,-0.12882959609,-0.021296135286,-7.86866867758,-19.5073545611
27484000000,-0.129567618613,-0.0213587514341,-7.89022734789,-19.5720361646
27523000000,-0.130313767918,-0.0214351908968,-7.91702366557,-19.6460625191
27560000000,-0.131339755208,-0.0215185144581,-7.94968566242,-19.7404870973
27609000000,-0.132482889873,-0.0216449691531,-7.99471026432,-19.8633749589
27643000000,-0.133672426503,-0.0217986973421,-8.05024461825,-20.009250375
27683000000,-0.134948222809,-0.0219595293772,-8.11007366412,-20.165599616
27721000000,-0.136095175869,-0.0221077542179,-8.16473235988,-20.307414917
27759000000,-0.137190756616,-0.0222500301767,-8.21482283311,-20.4394405148
27800000000,-0.138183964315,-0.0223870077458,-8.26340178081,-20.5638743782
27843000000,-0.139251788063,-0.0225188596133,-8.31058730658,-20.6895852846
27887000000,-0.139634183121,-0.0225792254546,-8.33442124379,-20.7463720343
27925000000,-0.138955292299,-0.0225568096521,-8.32915993515,-20.7141311487
27963000000,-0.138135440751,-0.0225523766937,-8.33106253624,-20.6905050767
28004000000,-0.13754620341,-0.022574121598,-8.34198435208,-20.6918527657
28051000000,-0.137018050311,-0.0225779320854,-8.34604865224,-20.6816931788
28084000000,-0.136579221915,-0.0225616622839,-8.34274039096,-20.658941721
28150000000,-0.136281417137,-0.0225294054456,-8.33331391823,-20.630195242
28194000000,-0.136192293984,-0.0225654659143,-8.3410730515,-20.6375567257
28201000000,-0.136744586776,-0.0225788781268,-8.35147092825,-20.6791318929
28246000000,-0.13723227031,-0.0226185015594,-8.37055046766,-20.729398708
28292000000,-0.137834671901,-0.0226631940564,-8.39037763471,-20.7873118887
28330000000,-0.138408591326,-0.0227105577276,-8.410447717,-20.8422764928
28368000000,-0.13897605704,-0.0227631023791,-8.43106481816,-20.9006451902
28405000000,-0.139484831375,-0.0228186256435,-8.45230275596,-20.9581068804
28448000000,-0.139978436101,-0.0228761238435,-8.47402936216,-21.0147827181
28483000000,-0.140365872945,-0.0229425314185,-8.49727813365,-21.0749938867
28518000000,-0.140782610531,-0.0230086628626,-8.52257760059,-21.1367731172
28561000000,-0.140916102192,-0.0230447546325,-8.53539091259,-21.1700178117
28608000000,-0.140849006045,-0.02304598768,-8.53603394114,-21.1663301192
28660000000,-0.140591403864,-0.0230314378573,-8.52980551001,-21.1487434418
28690000000,-0.140384832262,-0.0229866718482,-8.51744992675,-21.1148571683
28724000000,-0.139908477448,-0.0229461209585,-8.50058260681,-21.067065445
28767000000,-0.139582274389,-0.0229151005615,-8.4882544403,-21.0311661971
28800000000,-0.139341181662,-0.0228955779366,-8.48038084565,-21.0074442278
28843000000,-0.139150126474,-0.022878911817,-8.47355079117,-20.9879946384
28881000000,-0.138969568896,-0.0228551777859,-8.46438598386,-20.9605652785
28924000000,-0.138823668181,-0.022819331626,-8.45317847462,-20.9278941514
28961000000,-0.138595296826,-0.0227885434286,-8.44039537845,-20.8956313267
29016000000,-0.138422588391,-0.0227613459228,-8.42927558371,-20.867182996
29041000000,-0.138568592995,-0.0227717663548,-8.43262930282,-20.8750567828
29088000000,-0.138989384966,-0.0228290664175,-8.45308142211,-20.9264710372
29123000000,-0.139233088629,-0.022914586805,-8.48773865163,-20.9998027288
29161000000,-0.139648585677,-0.0229838419871,-8.51845775132,-21.0705396978
29200000000,-0.139968974971,-0.0230698335322,-8.54534569965,-21.1327874145
29250000000,-0.140483138396,-0.0231510216995,-8.56861264738,-21.1939979719
29291000000,-0.141444403592,-0.0231605970012,-8.58240744646,-21.2449264745
29330000000,-0.142066517167,-0.0231600678148,-8.58942080883,-21.2722660291
29371000000,-0.142555706714,-0.0231393081166,-8.58807549853,-21.2802680691
29406000000,-0.142925853307,-0.0231006703917,-8.57950145158,-21.2701321996
29438000000,-0.143167943488,-0.0230586424625,-8.56861510952,-21.2527636568
29491000000,-0.143309777622,-0.0230151745588,-8.55616119979,-21.228391786
29521000000,-0.143244465924,-0.0229721987022,-8.54262302633,-21.1976948428
29559000000,-0.143068732903,-0.0229241238684,-8.52657796971,-21.1581385896
29612000000,-0.142675857105,-0.022873205099,-8.50859488585,-21.1090069072
29634000000,-0.142206952649,-0.02283201307,-8.4935867296,-21.0651162714
29682000000,-0.14176751771,-0.0227993595926,-8.48175936299,-21.026215356
29722000000,-0.141085901607,-0.0227767858288,-8.47264727541,-20.9900510327
29766000000,-0.140720657106,-0.0227711496449,-8.47048614082,-20.9724935957
29808000000,-0.140163756717,-0.0227871635641,-8.47557168892,-20.9685542751
29849000000,-0.139900464687,-0.022816569032,-8.48599875155,-20.9795450653
29880000000,-0.139585409146,-0.0228914165016,-8.51240607087,-21.0255084971
29929000000,-0.139902991311,-0.0230106293315,-8.55580640101,-21.1204619521
29960000000,-0.139830216675,-0.0231142796317,-8.5927795572,-21.1935824288
30001000000,-0.139785003419,-0.0231929520293,-8.62075771946,-21.2491519371
30061000000,-0.139686070951,-0.0232515988,-8.64142512986,-21.2865627088
30091000000,-0.139528084392,-0.0232815724796,-8.65437378998,-21.3087614475
30120000000,-0.139294347954,-0.023305122673,-8.66128013073,-21.3129643992
30161000000,-0.139065206226,-0.0233326705673,-8.66974116053,-21.3244419955
30221000000,-0.139166022845,-0.0233621297058,-8.67958177846,-21.3445952695
30263000000,-0.139172595596,-0.0233932878478,-8.6913233996,-21.3684340344
30302000000,-0.139418018467,-0.0234434310777,-8.70878948658,-21.4082250959
30318000000,-0.139710105454,-0.0235109425505,-8.73188218996,-21.462355919
30358000000,-0.140118690801,-0.023571157973,-8.7526412363,-21.5144574999
30407000000,-0.140501514768,-0.0236234588782,-8.77057451405,-21.5602626274
30449000000,-0.140896163772,-0.0236688010244,-8.78604348378,-21.6020194576
30483000000,-0.141402161882,-0.0237162735695,-8.80253933904,-21.6476168352
30518000000,-0.142159124018,-0.0237718999409,-8.82015982064,-21.7037045516
30562000000,-0.142249457506,-0.0238442491602,-8.84182045973,-21.7482373562
30601000000,-0.142188522015,-0.0239326907949,-8.868859413,-21.7996492437
30641000000,-0.142514920059,-0.0240063249189,-8.89967726633,-21.8697796438
30678000000,-0.142514056802,-0.0240704182506,-8.91691359424,-21.9028748674
30735000000,-0.142878072927,-0.024102184694,-8.924463789,-21.9264735685
30766000000,-0.143487272739,-0.0241417524799,-8.93548747128,-21.9649941551
30804000000,-0.144565007198,-0.0242208800894,-8.9620204128,-22.0460953374
30841000000,-0.145672740424,-0.024292961151,-8.98652491753,-22.1243816734
30885000000,-0.146746956227,-0.0243506997456,-9.00644083473,-22.1911983904
30943000000,-0.147764401668,-0.0243961351755,-9.02293733116,-22.2521651635
30980000000,-0.148781439469,-0.024445927028,-9.04169556569,-22.3147630422
31001000000,-0.149565919714,-0.0245173831373,-9.06299548012,-22.3772443253
31030000000,-0.150289731186,-0.0245940439904,-9.08738111069,-22.4400690939
31083000000,-0.151155944692,-0.0246627768489,-9.11637091526,-22.5244629166
31121000000,-0.151955558662,-0.0247393683538,-9.1493870967,-22.6103154396
31160000000,-0.15253608123,-0.024809059103,-9.17883647071,-22.6795161338
31198000000,-0.152772057428,-0.0248918953694,-9.20463856377,-22.7381112663
31241000000,-0.152960595083,-0.024943447222,-9.22687913591,-22.7793576668
31281000000,-0.153078591306,-0.0249797547012,-9.24093839356,-22.81041068
31348000000,-0.15293249738,-0.024997585538,-9.24793193572,-22.8123554522
31371000000,-0.152576982176,-0.0249966774183,-9.24329058976,-22.7924755546
31403000000,-0.152056752713,-0.0249545865746,-9.22904274461,-22.7430308792
31440000000,-0.151931018994,-0.0249556826157,-9.22979652816,-22.7383474366
31481000000,-0.152016984767,-0.0249966644934,-9.2452945245,-22.7682155212
31519000000,-0.152364387589,-0.0250719980319,-9.27314324791,-22.8305097187
31568000000,-0.152748569722,-0.0251463768428,-9.30036934005,-22.8953840455
31614000000,-0.15309407912,-0.0252186411007,-9.32637112581,-22.953440459
31641000000,-0.153526400217,-0.0252868983685,-9.35114898702,-23.0164443625
31679000000,-0.153626545561,-0.0253060296108,-9.35801641653,-23.029663352
31708000000,-0.153527931131,-0.025280998763,-9.34815845781,-23.0070752385
31762000000,-0.153334867339,-0.0252427129585,-9.33369219718,-22.9703803838
31802000000,-0.153132334484,-0.0251961823814,-9.31602971068,-22.9290823665
31834000000,-0.152883463615,-0.025142388167,-9.29586646992,-22.8810244861
31880000000,-0.152639724696,-0.0250874783778,-9.2751699552,-22.8313478913
31928000000,-0.152464698903,-0.0250422380573,-9.2580483878,-22.7922748408
31960000000,-0.15236963366,-0.025011011915,-9.24620815219,-22.7654073152
32004000000,-0.152362864912,-0.0249935333571,-9.2395041484,-22.7518409353
32038000000,-0.152419482388,-0.0249877530526,-9.23716454604,-22.7494257556
32081000000,-0.152549672425,-0.0249808372397,-9.23661873682,-22.751587514
32130000000,-0.152634751884,-0.0249853775538,-9.23770889941,-22.7578000565
32160000000,-0.152625859702,-0.0249771134095,-9.23439306828,-22.7507783171
32195000000,-0.152523146746,-0.0249574818843,-9.22641392776,-22.7328338221
