%time,field
60000000,-1.24087523199e-16
65000000,-8.74155576328e-17
87000000,-1.15547908287e-16
140000000,-1.6567789844e-16
171000000,0.00172800417402
210000000,-0.00320952047811
250000000,0.000134282947185
290000000,-0.0021549395866
321000000,0.00109135301689
371000000,0.000459991285339
408000000,0.000121897114533
444000000,2.60972355026e-08
489000000,-3.56613765875e-06
531000000,2.22942938943e-05
565000000,4.21645661411e-05
608000000,4.82962832118e-05
658000000,4.24531047687e-05
696000000,3.08430560307e-05
733000000,1.71697698036e-05
778000000,3.00477828371e-06
815000000,-5.23962029353e-05
852000000,-7.2894013576e-05
893000000,-7.8402808716e-05
928000000,-7.72363946573e-05
980000000,-6.76554831615e-05
1004000000,-6.88757771617e-05
1065000000,-7.22837809247e-05
1089000000,-7.42349419836e-05
1173000000,-7.37925974747e-05
1194000000,-6.8327059159e-05
1214000000,-6.51922147227e-05
1250000000,-5.83701572674e-05
1292000000,-4.97419500784e-05
1342000000,-3.78600328226e-05
1361000000,8.56638054748e-05
1409000000,0.000152616587485
1440000000,0.000198213994958
1488000000,0.000215848372336
1535000000,0.000224423585266
1573000000,0.000222410239907
1620000000,0.000210966950792
1648000000,0.000200107100449
1688000000,0.000176788166998
1733000000,0.000175071147417
1767000000,0.000505892016413
1812000000,0.000595431472703
1843000000,0.000598712172925
1884000000,0.00060000412882
1933000000,0.000611401773873
1970000000,0.000631906354841
2018000000,0.000657447851168
2058000000,0.000684318090588
2082000000,-0.000294010063021
2126000000,-0.000515485779015
2175000000,-0.000540942200156
2206000000,-0.000550607466162
2250000000,-0.000598262006874
2294000000,-0.000683760018061
2335000000,-0.000799992752005
2367000000,-0.00206548390057
2408000000,-0.00268182117487
2447000000,-0.00299695615794
2493000000,-0.00300118823939
2533000000,-0.00289237422626
2572000000,-0.00266233551516
2610000000,-0.00232139985448
2661000000,-0.00226656096208
2696000000,-0.00227161479834
2736000000,-0.00225542693174
2767000000,-0.00219873137309
2811000000,-0.00210117719462
2860000000,-0.000628110659413
2896000000,0.000439803825532
2928000000,0.00110936069368
2975000000,0.00161117969927
3011000000,0.00191129706799
3057000000,0.00211677610117
3088000000,0.000770345953683
3143000000,0.000539788547656
3175000000,0.000663873106467
3213000000,0.000873526663149
3263000000,0.00108425890589
3297000000,0.00129339073345
3336000000,0.00221201283158
3373000000,0.00263149492687
3420000000,0.00275063807096
3450000000,0.00265403119921
3490000000,0.0024098412997
3541000000,0.0021049115141
3580000000,0.00249653134202
3609000000,0.00265526401341
3644000000,0.0026545615644
3682000000,0.0010694143514
3740000000,8.76654227674e-06
3768000000,-0.000837061426216
3812000000,-0.00133424062635
3842000000,-0.00179840180983
3884000000,-0.00204106458156
3932000000,-0.00225239627418
3973000000,-0.00232625302239
4010000000,-0.000966224442568
4056000000,-0.000707041814924
4094000000,-0.000821852590477
4129000000,-0.00101459655865
4167000000,-0.00120935935993
4203000000,-0.00140097635731
4261000000,-0.00160062096694
4288000000,-0.00180718268216
4324000000,-0.00201247130835
4364000000,-0.00220784845351
4406000000,-0.00228475089256
4444000000,-0.00215708357259
4500000000,-0.00188942741542
4521000000,-0.00154483479067
4571000000,-0.000923528581826
4605000000,-0.000419045511391
4653000000,7.10574306496e-05
4697000000,0.000450823144022
4725000000,0.000837700148825
4766000000,0.00111893645295
4811000000,0.0013724863905
4848000000,0.00156048382321
4888000000,0.00169725608617
4926000000,0.00180176661032
4966000000,0.000612226289625
5006000000,0.000377318356185
5051000000,0.000460711730629
5084000000,0.00062483221076
5125000000,0.000805711920534
5194000000,0.000997600361906
5202000000,0.00202245485094
5261000000,0.00247304550055
5289000000,0.00263051260859
5338000000,0.00223703977274
5363000000,0.00224358387087
5409000000,0.00236516254657
5457000000,0.00247749915283
5495000000,0.00254362286586
5534000000,0.00255390752304
5573000000,0.00249957020624
5605000000,0.000765905132204
5647000000,-0.000368920514359
5695000000,-0.00114149367743
5734000000,-0.00169174156749
5777000000,-0.00190400760324
5806000000,-0.00209306192713
5883000000,-0.00220018159853
5896000000,-0.0022143498812
5933000000,-0.00212315290892
5987000000,-0.00204168367785
6011000000,-0.00128673879821
6050000000,-0.00115657977285
6079000000,-0.00121720251193
6125000000,-0.00130784095971
6169000000,-0.00129653657886
6217000000,-0.00120213695931
6242000000,-0.00104824403168
6298000000,-0.000870441236292
6331000000,-0.000665295407067
6369000000,-0.0012355649022
6409000000,-0.00139648968516
6440000000,-0.00139505134213
6485000000,-0.00132857859309
6540000000,-0.00122538100821
6578000000,-0.0010830423808
6608000000,-0.000899022615074
6652000000,0.00101884153221
6687000000,0.00224628303094
6736000000,0.00290392301819
6772000000,0.00326272885133
6803000000,0.00334733239732
6849000000,0.00325897230094
6884000000,0.00221987937991
6928000000,0.00206333410356
6972000000,0.00214889233297
7016000000,0.00225374365787
7047000000,0.0018495066564
7096000000,0.00149071214531
7138000000,0.0010542287779
7177000000,0.00067022923013
7217000000,0.000271369699245
7257000000,-6.98341131215e-05
7289000000,-0.000394764911584
7323000000,-0.000678223880212
7401000000,0.000609219904877
7419000000,0.00120048994616
7463000000,0.000899016128615
7496000000,0.000608571830633
7531000000,0.000373657509605
7589000000,-0.00145494366601
7602000000,-0.00302983469844
7656000000,-0.00338375333058
7688000000,-0.00348041452228
7746000000,-0.00216561189913
7777000000,-0.00196817305132
7827000000,-0.00214896490706
7854000000,-0.00237025987508
7897000000,-0.00253824243631
7931000000,-0.00265389137772
7968000000,-0.00272947120432
8008000000,-0.0027675349629
8048000000,-0.00159512534195
8089000000,-0.000742323869532
8150000000,-3.0525210364e-05
8175000000,0.000705084964119
8212000000,0.00110952607998
8261000000,0.00137320338212
8297000000,0.00164889530712
8329000000,0.00180332095431
8378000000,0.00193943011218
8420000000,0.000556493557705
8444000000,0.000272145169603
8496000000,0.000376597095457
8529000000,0.000566059761711
8579000000,0.00076368695868
8628000000,0.000970466451195
8652000000,0.00124482561057
8677000000,0.00227418770594
8723000000,0.00280365356563
8770000000,0.00295247107872
8801000000,0.00255379212362
8852000000,0.00257160419522
8890000000,0.00269590867382
8929000000,0.00280529875455
8963000000,0.00285971796678
9025000000,0.002853201564
9052000000,0.00121466199555
9087000000,-3.77581236928e-06
9130000000,-0.000789410029747
9164000000,-0.00141755268692
9202000000,-0.0018125319944
9248000000,-0.00210837667503
9288000000,-0.002281640096
9325000000,-0.00236110580327
9374000000,-0.00239473817528
9417000000,-0.00232863149715
9444000000,-0.00133228022275
9495000000,-0.00115321201124
9528000000,-0.00122751252477
9571000000,-0.00135439069707
9605000000,-0.00147982598078
9668000000,-0.0016824850411
9685000000,-0.00169644691303
9737000000,-0.00158728988552
9764000000,-0.00140583996819
9809000000,-0.00179046536807
9850000000,-0.00192985607314
9890000000,-0.00195396997247
9922000000,-0.00191756115861
9977000000,-0.00183382101663
10025000000,-0.00012917801424
10055000000,0.00104987491489
10091000000,0.00180350986672
10124000000,0.00225424336288
10163000000,0.00253649072341
10207000000,0.00261145702517
10253000000,0.00120677175489
10289000000,0.000947497520945
10337000000,0.0010678538296
10374000000,0.00125362875968
10429000000,0.00142192337474
10447000000,0.00199905011244
10498000000,0.00204971292087
10528000000,0.00194920360894
10567000000,0.00174264055503
10630000000,0.0014686667269
10651000000,0.00109908936419
10692000000,0.000788698172383
10724000000,0.00160499010071
10777000000,0.00181707071253
10802000000,0.00179212845789
10868000000,0.00167336750276
10882000000,-0.000218461497523
10928000000,-0.00139709562991
10965000000,-0.00216799403426
11012000000,-0.00255640999711
11055000000,-0.0028320633926
11093000000,-0.00287445915237
11133000000,-0.00155113682177
11173000000,-0.00132318636165
11217000000,-0.00144226037524
11256000000,-0.00161979193387
11306000000,-0.00178294214748
11354000000,-0.00192550636985
11365000000,-0.00209173849827
11416000000,-0.00218412799142
11446000000,-0.00192802503796
11509000000,-0.00160487751736
11529000000,-0.00125049099113
11569000000,-0.000878033841888
11620000000,-0.000522596032757
11659000000,-0.000167818091835
11688000000,-0.00133432320043
11753000000,-0.00160338380244
11776000000,-0.00153606799879
11804000000,-0.00135033137963
11847000000,0.000751306238185
11898000000,0.00176198619773
11937000000,0.0024207619416
11971000000,0.00271897378842
12025000000,0.0028545964231
12049000000,0.00283631168408
12085000000,0.00177471515228
12147000000,0.00163310186251
12180000000,0.00175863180467
12210000000,0.00191995664455
12253000000,0.00205166565304
12301000000,0.00215133390763
12352000000,0.00224834481995
12367000000,0.00150769579322
12411000000,0.000915531686483
12460000000,0.000408764221945
12487000000,-1.42751213205e-05
12521000000,-0.000363088759056
12567000000,-0.000680256626067
12607000000,0.000684605364923
12645000000,0.000980575659025
12698000000,0.000903732239339
12730000000,0.000712154857691
12777000000,-0.00116629370834
12804000000,-0.0023664055058
12851000000,-0.00300771975441
12882000000,-0.00348159669734
12936000000,-0.00366146797632
12977000000,-0.0035988859008
13004000000,-0.00260447102029
13043000000,-0.00246303740872
13090000000,-0.00257047376606
13123000000,-0.00269495261414
13168000000,-0.00277628439402
13216000000,-0.00281236545838
13243000000,-0.00179813705683
13299000000,-0.000974283896166
13329000000,-0.000316297980774
13384000000,0.000241180275936
13424000000,0.00065000375898
13460000000,0.00105304294087
13485000000,0.00131738254115
13536000000,0.00155197191078
13569000000,0.00169209478867
13629000000,0.000308356156937
13650000000,9.7337760739e-06
13682000000,0.00012281465805
13741000000,0.000320531897906
13763000000,0.000526838310451
13819000000,0.00177025243946
13857000000,0.00244501432235
13903000000,0.00278931662101
13923000000,0.00286248428939
13971000000,0.00318960549228
14002000000,0.00282885015578
14042000000,0.00252499968592
14090000000,0.00254350549886
14134000000,0.00261263924719
14166000000,0.00264070492498
14211000000,0.00260519251216
14243000000,0.000825674691912
14284000000,-0.000296948032488
14331000000,-0.00112067532041
14369000000,-0.00163404128982
14410000000,-0.00203116801146
14458000000,-0.00225988919126
14497000000,-0.00240146082105
14541000000,-0.00245981435195
14577000000,-0.00111741358951
14607000000,-0.000835433264782
14649000000,-0.000940555765982
14693000000,-0.00111391741701
14727000000,-0.0012768070845
14805000000,-0.0014314504615
14831000000,-0.00195415605775
14849000000,-0.00232370963284
14883000000,-0.00228003702871
14938000000,-0.00211318468182
14973000000,-0.00186115604028
15002000000,-0.00217002727302
15047000000,-0.00230060507344
15098000000,-0.00232196701301
15127000000,-0.00227635627583
15171000000,-0.00217772470463
15207000000,-0.000252707666567
15244000000,0.000972251595295
15300000000,0.00174389721534
15331000000,0.00226045605942
15384000000,0.00253119682146
15409000000,0.0027191854046
15459000000,0.0027165460675
15495000000,0.00143598702211
15525000000,0.00120409534799
15566000000,0.0013112364747
15616000000,0.00147113476934
15645000000,0.00161940873535
15698000000,0.00175093947196
15735000000,0.00191409472329
15762000000,0.00187657325314
15818000000,0.00174743066079
15846000000,0.00146369796466
15898000000,0.00117061748546
15922000000,0.0018394697775
15980000000,0.00202416879748
16008000000,0.00200455257023
16070000000,0.00189935426794
16093000000,-2.35153273058e-05
16139000000,-0.00126533491699
16175000000,-0.00205393955841
16205000000,-0.00261854254301
16252000000,-0.00285314971171
16290000000,-0.0030071231345
16336000000,-0.00296760115377
16370000000,-0.00174419405775
16406000000,-0.00153217053016
16451000000,0.0207704386661
16495000000,0.0527615104011
16523000000,0.0874900644198
16565000000,0.11933793343
16621000000,0.146830849633
16650000000,0.166447733448
16686000000,0.180347070368
16731000000,0.185764717342
16772000000,0.184819366143
16815000000,0.175137877054
16842000000,0.163284585119
16880000000,0.145536698362
16933000000,0.122279989986
16974000000,0.0989413685989
17013000000,0.0648349546374
17054000000,0.0405074910104
17095000000,0.00817566333307
17171000000,-0.017130495208
17198000000,-0.0549776255742
17220000000,-0.0828857343271
17252000000,-0.103457588251
17280000000,-0.121282372697
17326000000,-0.133894255025
17370000000,-0.148494249964
17403000000,-0.153050145503
17449000000,-0.16086783088
17488000000,-0.159743387564
17543000000,-0.159787395777
17571000000,-0.154263502343
17615000000,-0.147606417848
17642000000,-0.137879791907
17716000000,-0.125913490973
17731000000,-0.110927924789
17766000000,-0.0971241201706
17799000000,-0.0809190739098
17852000000,-0.0598039892473
17890000000,-0.0433605073111
17949000000,-0.0275237820015
17978000000,-0.0102422964995
18024000000,0.00611764894513
18056000000,0.0221254428206
18094000000,0.0382111116507
18136000000,0.0509152306654
18158000000,0.0650964496529
18227000000,0.0750436891249
18249000000,0.0862371639135
18297000000,0.0936536124415
18322000000,0.100739624033
18368000000,0.105541729128
18435000000,0.108602172113
18448000000,0.112330516405
18486000000,0.112378588779
18548000000,0.113032141508
18568000000,0.11217884478
18611000000,0.110977393037
18647000000,0.108555936175
18686000000,0.105973880681
18730000000,0.10276540391
18772000000,0.0989551085925
18808000000,0.0948741499487
18853000000,0.0905065699052
18893000000,0.0855613938012
18934000000,0.0811350642573
18977000000,0.0760602038625
19005000000,0.0717616992039
19053000000,0.0673909113362
19097000000,0.0637253290507
19136000000,0.0604130711112
19175000000,0.0575436749265
19211000000,0.0556371881946
19254000000,0.0536154720947
19304000000,0.0531340282188
19344000000,0.0522194063394
19380000000,0.0524821073649
19402000000,0.0529579822994
19455000000,0.0543289725649
19493000000,0.0557391843797
19541000000,0.0577549910991
19577000000,0.0607926564258
19610000000,0.063148634717
19650000000,0.0659795872125
19699000000,0.0703237691105
19733000000,0.0718290846162
19777000000,0.0754937718229
19817000000,0.0786071644884
19853000000,0.0832331932962
19906000000,0.0863683902451
19938000000,0.0905767934584
19965000000,0.0937185196454
20001000000,0.0965981714337
20056000000,0.0997418556689
20096000000,0.10246363643
20133000000,0.105399962539
20158000000,0.107824126482
20201000000,0.110276717438
20247000000,0.112348747087
20281000000,0.114600838141
20329000000,0.115939469917
20361000000,0.117150180173
20401000000,0.118458619406
20447000000,0.0970466393557
20481000000,0.0660988062503
20529000000,0.0325349824879
20561000000,0.00192910099544
20601000000,-0.0231921017313
20661000000,-0.041462378996
20697000000,-0.0546134281503
20729000000,-0.06025152808
20781000000,-0.0575219310047
20824000000,-0.0501898928797
20863000000,-0.0323558442164
20888000000,-0.0146479121899
20927000000,0.0109935630607
20977000000,0.036170628237
21013000000,0.0662152211595
21061000000,0.0956219817949
21097000000,0.124771869017
21145000000,0.156178228093
21200000000,0.181311879842
21234000000,0.215763050978
21250000000,0.24392932562
21289000000,0.261915087984
21326000000,0.271808209477
21372000000,0.284469880126
21411000000,0.29
21478000000,0.29
21483000000,0.29
21535000000,0.29
21568000000,0.29
21611000000,0.29
21657000000,0.29
21685000000,0.286057337471
21732000000,0.279109569186
21788000000,0.245585369361
21818000000,0.19926362303
21848000000,0.148976432753
21891000000,0.100559457816
21922000000,0.0559649670335
21964000000,0.0195300874565
22020000000,-0.0103710679543
22057000000,-0.0320895554563
22094000000,-0.0468150449831
22148000000,-0.0594590591429
22181000000,-0.0600341929143
22217000000,-0.051622038073
22266000000,-0.037897760416
22302000000,-0.0201078101527
22333000000,0.00226799459503
22372000000,0.0278744719241
22412000000,0.0514855664884
22459000000,0.0814356393127
22483000000,0.105763128534
22530000000,0.133559113076
22564000000,0.155675904963
22613000000,0.178452839826
22652000000,0.19794627413
22694000000,0.213606362027
22726000000,0.229947900188
22771000000,0.238135616451
22812000000,0.249246949873
22846000000,0.252360697529
22883000000,0.256784237679
22924000000,0.256376105483
22966000000,0.255540928548
23007000000,0.251801853128
23041000000,0.246109428346
23090000000,0.237167824497
23124000000,0.227961849073
23171000000,0.218465285561
23202000000,0.20512463915
23254000000,0.192307462136
23310000000,0.17991847386
23328000000,0.160224863515
23376000000,0.144733260213
23405000000,0.130077632933
23456000000,0.115329749225
23499000000,0.102166839584
23528000000,0.0874685119287
23575000000,0.0767842235937
23619000000,0.0650137457421
23655000000,0.0563542131226
23703000000,0.0477176511611
23726000000,0.0411456251698
23774000000,0.035739154695
23804000000,0.0312491347207
23845000000,0.0290378082559
23889000000,0.0267607572414
23933000000,0.0269453848916
23982000000,0.0271365804477
24012000000,0.0287433692181
24070000000,0.030750470016
24081000000,0.033704611701
24120000000,0.0370443985354
24199000000,0.0405605390423
24205000000,0.0456550980313
24244000000,0.049439402109
24282000000,0.0530116944762
24331000000,0.0570577097325
24369000000,0.0605879582946
24404000000,0.0644015814816
24458000000,0.0676393010841
24487000000,0.071674489102
24532000000,0.0741815167783
24564000000,0.0761031364509
24603000000,0.0782030103839
24650000000,0.0792908199187
24689000000,0.0807097507396
24724000000,0.0809656249063
24770000000,0.0813139917423
24804000000,0.0808262241367
24854000000,0.0801263932536
24895000000,0.0789848657837
24926000000,0.0773598179099
24976000000,0.0755574815359
25016000000,0.0731403398456
25052000000,0.0706808091653
25085000000,0.0662091180906
25126000000,0.064714865362
25172000000,0.0620131768471
25226000000,0.0591589654032
25242000000,0.056098922656
25285000000,0.0531784042362
25324000000,0.0502617185438
25371000000,0.047573138654
25414000000,0.0447510343129
25456000000,0.0421942622275
25491000000,0.0395252321654
25525000000,0.037188750513
25571000000,0.0348843661548
25603000000,0.0328077696753
25650000000,0.0309245452332
25698000000,0.0291170865581
25731000000,0.0275414012766
25763000000,0.0260115859028
25815000000,0.0248235255819
25844000000,0.0236013228663
25882000000,0.022681804976
25913000000,0.0218081204614
25972000000,0.020929599501
26018000000,0.0217330083816
26076000000,0.0208921651923
26091000000,0.0193120414191
26133000000,0.0180111166304
26170000000,0.0166602256231
26207000000,0.0153191227572
26245000000,0.0158410341994
26307000000,0.0160591061157
26325000000,0.0160335159348
26380000000,0.0158973539264
26412000000,0.0156183299634
26446000000,0.0151736507371
26501000000,0.0147312215315
26532000000,0.0140776636469
26561000000,0.0134468358879
26615000000,0.0126449375362
26643000000,0.0117904226204
26701000000,0.0108240477796
26720000000,0.00977682744677
26761000000,0.00868125484435
26809000000,0.00752966434472
26848000000,0.00633377598716
26895000000,0.00357621445274
26940000000,0.00207708746364
26960000000,0.00102679796439
27007000000,8.25674958908e-05
27063000000,-0.000876068065944
27089000000,-0.00186608401982
27125000000,-0.00284057028864
27170000000,-0.00382159632191
27222000000,-0.00482541631299
27244000000,-0.00586367179516
27291000000,-0.00690895343187
27328000000,-0.00800661838051
27366000000,-0.00916062882389
27411000000,-0.0103680609164
27459000000,-0.0134511189801
27506000000,-0.0159302579021
27529000000,-0.0183022668461
27578000000,-0.0200867334302
27602000000,-0.0216541546156
27650000000,-0.0234931830482
27699000000,-0.0244936272812
27728000000,-0.0255238310744
27758000000,-0.0252232973488
27812000000,-0.026129344887
27851000000,-0.0274305015197
27889000000,-0.0287332745022
27927000000,-0.0300229628419
27979000000,-0.0313018057134
28005000000,-0.0325838803367
28060000000,-0.0338219246049
28082000000,-0.0350513013702
28134000000,-0.0362436653565
28168000000,-0.0374165699196
28211000000,-0.0385358880103
28260000000,-0.0377909021176
28306000000,-0.0376688974024
28325000000,-0.0379681372596
28369000000,-0.0385777893404
28413000000,-0.0394080461441
28454000000,-0.0404133944071
28497000000,-0.0415722528709
28528000000,-0.0442902730669
28584000000,-0.0457805855945
28606000000,-0.0468999834079
28649000000,-0.0479107249356
28689000000,-0.0489439684392
28752000000,-0.0499950671457
28778000000,-0.0513416577549
28802000000,-0.0522354514072
28839000000,-0.0532357028141
28883000000,-0.0543074350664
28918000000,-0.0554171673503
28987000000,-0.0565659444658
29019000000,-0.0577611689306
29055000000,-0.0589590530209
29090000000,-0.0602006435274
29149000000,-0.0614833346412
29170000000,-0.0644620251164
29202000000,-0.0668132012752
29243000000,-0.0687260339023
29284000000,-0.0703303828172
29324000000,-0.0717295709296
29366000000,-0.0715448292177
29404000000,-0.0725340563259
29444000000,-0.0738818291935
29485000000,-0.0753111830046
29522000000,-0.076733599068
29571000000,-0.0787262937507
29606000000,-0.0803095600803
29655000000,-0.0815885961283
29683000000,-0.082707446989
29722000000,-0.0836233206871
29771000000,-0.0845003405536
29800000000,-0.0862752634023
29845000000,-0.0876754455657
29882000000,-0.088910088081
29944000000,-0.0900641658414
29974000000,-0.0897267061868
30017000000,-0.0895654102087
30052000000,-0.0898354294458
30090000000,-0.0904185472708
30136000000,-0.0912005607109
30168000000,-0.0921715255672
30217000000,-0.0932480527611
30244000000,-0.0944230420274
30289000000,-0.0956265369732
30320000000,-0.0980637745597
30388000000,-0.099535735713
30404000000,-0.100709011453
30441000000,-0.101764475066
30485000000,-0.102847904687
30540000000,-0.103945723708
30566000000,-0.105087485291
30601000000,-0.106379152379
30651000000,-0.107862546968
30691000000,-0.109532514663
30737000000,-0.111271948861
30773000000,-0.113092234604
30808000000,-0.114930688821
30835000000,-0.116715708666
30916000000,-0.118451904312
30933000000,-0.120336896434
30977000000,-0.12176470267
31010000000,-0.123109000133
31059000000,-0.124335539144
31109000000,-0.12440857123
31123000000,-0.125425293709
31168000000,-0.126738090122
31213000000,-0.128112517257
31261000000,-0.12947659182
31292000000,-0.130936656139
31336000000,-0.132240789829
31376000000,-0.133564744923
31420000000,-0.134721920692
31466000000,-0.135921779922
31496000000,-0.137528749884
31531000000,-0.138925890288
31565000000,-0.140265882533
31612000000,-0.141591806481
31648000000,-0.14294849961
31683000000,-0.144280661853
31741000000,-0.145570023022
31760000000,-0.1468555686
31825000000,-0.14805197271
31848000000,-0.147534022187
31892000000,-0.147518373537
31952000000,-0.147846042488
31975000000,-0.148590493429
32027000000,-0.149453241536
32069000000,-0.150702668586
32105000000,-0.151998333794
32129000000,-0.154564128579
32196000000,-0.156110597293
32227000000,-0.157779830056
32258000000,-0.159236886786
32287000000,-0.161163112749
32333000000,-0.163022530431
32364000000,-0.164775648133
32405000000,-0.16642304767
32449000000,-0.167926969555
32482000000,-0.16937098507
32523000000,-0.169587889296
32578000000,-0.170681290006
32612000000,-0.172051343868
32654000000,-0.173455735237
32715000000,-0.174901833128
32740000000,-0.176748175358
32780000000,-0.179411678806
32812000000,-0.181635026916
32858000000,-0.183422863304
32889000000,-0.184998356844
32922000000,-0.186290011862
32970000000,-0.18681140942
33027000000,-0.188075919111
33047000000,-0.189551610141
33102000000,-0.191042784751
33134000000,-0.192502638817
33171000000,-0.193265356604
33206000000,-0.193932366569
33246000000,-0.194576787826
33288000000,-0.195224542209
33322000000,-0.195975739572
33372000000,-0.196839542111
33402000000,-0.197888902081
33461000000,-0.199040215013
33501000000,-0.200410823737
33537000000,-0.201886206273
33577000000,-0.204470283673
33625000000,-0.2061210987
33650000000,-0.20750945489
33685000000,-0.208793676934
33719000000,-0.21004303901
33768000000,-0.210356697887
33816000000,-0.210963894685
33848000000,-0.21180041193
33893000000,-0.212870491493
33927000000,-0.214175804378
33961000000,-0.215694584222
34027000000,-0.217586437853
34066000000,-0.219040127306
34084000000,-0.221009548093
34133000000,-0.222897387857
34176000000,-0.224779969611
34218000000,-0.226675887638
34252000000,-0.228528761533
34292000000,-0.230277648232
34351000000,-0.23173710916
34360000000,-0.233329674838
34400000000,-0.234325373921
34446000000,-0.213086550635
34499000000,-0.182081248181
34540000000,-0.147950736735
34573000000,-0.116684604556
34610000000,-0.0904065689751
34645000000,-0.0713098182219
34686000000,-0.0598797374209
34742000000,-0.0559672593522
34780000000,-0.059479996676
34818000000,-0.0695752569172
34879000000,-0.0861622406326
34908000000,-0.109772280898
34926000000,-0.141703034337
34961000000,-0.166475664493
35034000000,-0.194626769265
35049000000,-0.224960162249
35089000000,-0.253884194473
35137000000,-0.279888772409
35162000000,-0.29
35215000000,-0.29
35259000000,-0.29
35296000000,-0.29
35322000000,-0.29
35355000000,-0.29
