%time,field0,field1,field2,field3
60000000,0.0522828168513,0.00856857276174,3.17259878256,7.9314969564
65000000,0.300371348712,0.0492275265945,18.2269784344,45.5674460861
86000000,0.390167211301,0.063944070741,23.6759244072,59.1898110181
119000000,0.390167211301,0.063944070741,23.6759244072,59.1898110181
169000000,0.390166423144,0.0639433286927,23.6758429527,59.1980580016
204000000,0.392284022651,0.0636879224383,23.6717755027,59.2474043638
243000000,0.3914089275,0.0637946292447,23.6735860847,59.2140529424
286000000,0.226492505397,0.0375874033715,13.8471162465,34.5753545015
327000000,-0.390339403823,-0.0639240358333,-23.6756486543,-59.1883596606
370000000,-0.389711429193,-0.0639988693934,-23.6768310134,-59.1761755472
402000000,-0.390035267577,-0.063959897656,-23.6762070834,-59.1839080385
444000000,-0.390208684401,-0.0639390898616,-23.6758763205,-59.1877035375
488000000,-0.390231000211,-0.0639364374152,-23.6758353293,-59.1880299693
525000000,-0.39021109822,-0.0639388491236,-23.6758742165,-59.1874988803
563000000,-0.390207092208,-0.0639393566237,-23.6758818011,-59.1874137636
611000000,-0.390215293136,-0.0639384038551,-23.6758657618,-59.1876280746
639000000,-0.390224111897,-0.0639373784785,-23.6758486382,-59.1878459177
697000000,-0.390226874888,-0.0639370773405,-23.6758432798,-59.1879100919
730000000,-0.390223882484,-0.0639374607153,-23.6758490381,-59.1878355984
768000000,-0.390217717378,-0.0639382951376,-23.6758686631,-59.1869143842
804000000,-0.390439564826,-0.0639115669804,-23.6754289659,-59.1934114839
846000000,-0.390641040859,-0.0638873849568,-23.675038249,-59.1984430396
880000000,-0.390689670174,-0.0638815703075,-23.6749455507,-59.1994914012
926000000,-0.384080715719,-0.0627684402582,-23.2469160471,-58.1779942604
968000000,-0.295806969055,-0.0482837489076,-17.8707863791,-44.7728380303
1001000000,-0.128284099322,-0.0208454909243,-7.69778911426,-19.3646602105
1054000000,0.0855146687425,0.0142062726909,5.28667523755,13.0761909015
1083000000,0.29488999829,0.0485382402766,18.0015579686,44.8480569427
1164000000,0.389852580759,0.0639817140977,23.6765118185,59.184192585
1191000000,0.38984889814,0.0639821823655,23.6765231635,59.1836954972
1208000000,0.389877937535,0.0639787216249,23.6764719384,59.1839274072
1246000000,0.389921906637,0.0639734686332,23.6763922714,59.1844714465
1288000000,0.389958019703,0.0639691647227,23.6763279672,59.1848033352
1339000000,0.389981801861,0.063966348799,23.6762875825,59.1848245451
1361000000,0.389999319847,0.0639640930502,23.6762395944,59.1866568614
1406000000,0.375244994836,0.0615312528657,22.7785960697,56.9418789437
1440000000,0.348260856236,0.0571070793052,21.1415593521,52.8474847974
1485000000,0.316053175564,0.0518357248369,19.1894035628,47.9646039416
1527000000,0.280436005601,0.0460065406241,17.0304806122,42.5649909861
1566000000,0.257918098725,0.0423196795372,15.6653811448,39.1506641925
1610000000,0.246546511489,0.0404554036972,14.9756635749,37.425276303
1648000000,0.243508047527,0.0399560428362,14.7913920802,36.9638485759
1682000000,0.253669597044,0.0416193700888,15.4079073477,38.5028817762
1728000000,0.274114809904,0.0449809147403,16.651273216,41.6097170147
1765000000,0.308920716387,0.0506892863337,18.7676056267,46.8929869547
1806000000,0.355098777486,0.0582590980655,21.5728611041,53.9000653882
1841000000,0.390037295971,0.0639598369929,23.6761797361,59.1861561154
1881000000,0.390041232701,0.0639593675958,23.6761720452,59.1862535046
1939000000,0.390037225379,0.063959846046,23.676179424,59.1861886871
1966000000,0.390034418313,0.0639601721768,23.6761840027,59.1862053074
2010000000,0.390035569436,0.0639600177645,23.6761804426,59.186367224
2054000000,0.390041598606,0.0639592733817,23.6761670635,59.1866870619
2081000000,0.390051755802,0.0639580299069,23.6761453952,59.187138309
2124000000,0.390060880812,0.0639569080691,23.6761253661,59.1875966221
2170000000,0.38880309895,0.0637494419695,23.6000854771,58.996620079
2199000000,0.386565105826,0.0633815362716,23.4645331101,58.6570450902
2246000000,0.38355715716,0.0628881468036,23.2823489672,58.2009952784
2287000000,0.382916543402,0.062783083242,23.243835713,58.1042455361
2328000000,0.384314915007,0.063012441859,23.329057735,58.3169397032
2358000000,0.38990496139,0.0639289763903,23.6686164571,59.1639654039
2404000000,0.39005039743,0.0639581093401,23.6761425951,59.1876538315
2442000000,0.390036402512,0.0639597586331,23.6761671321,59.187581551
2491000000,0.390044117041,0.0639588272404,23.676151609,59.1878358296
2521000000,0.39004942459,0.0639581801277,23.676139967,59.1881028079
2565000000,0.39005254739,0.0639578103694,23.6761342355,59.1881474447
2605000000,0.390048930444,0.0639580672384,23.6761236664,59.1898097887
2653000000,0.390083616649,0.0639539232755,23.676058842,59.1904185913
2687000000,0.390088867376,0.0639533116892,23.6760509977,59.1903188404
2731000000,0.390082157086,0.0639541103878,23.6760640831,59.1901553725
2762000000,0.390079735382,0.0639543846779,23.6760677691,59.1902059477
2801000000,0.390084544561,0.0639537943512,23.6760574788,59.1904279496
2849000000,0.390091382819,0.0639530932869,23.6760561097,59.1894148217
2885000000,0.390069921359,0.06395567141,23.6760981099,59.188851953
2926000000,0.39006168587,0.0639566559918,23.6761139179,59.1886662829
2958000000,0.390062175997,0.0639565894554,23.6761123057,59.1887423751
2998000000,0.390065518186,0.0639561928795,23.6761063176,59.1887715383
3051000000,0.390066561991,0.0639560708366,23.6761047982,59.1887441441
3080000000,0.390067836279,0.0639559423133,23.6761050976,59.1884999123
3138000000,0.390066674558,0.0639561170522,23.6761114003,59.1880709472
3171000000,0.388479926639,0.063696923859,23.5801360835,58.9474117788
3210000000,0.384178332432,0.0629919417904,23.3192358095,58.2945435916
3246000000,0.377677870659,0.0619257185154,22.9247157088,57.3076980637
3278000000,0.372893293601,0.061140342249,22.6342425375,56.5809731623
3331000000,0.369695828007,0.0606151602457,22.4401214113,56.0968171172
3359000000,0.366697512476,0.060114941315,22.2563776381,55.6381347687
3408000000,0.363749819347,0.0596276778021,22.0767358191,55.1888511438
3443000000,0.36085547944,0.0591532296159,21.9012381479,54.7496944433
3491000000,0.358782121954,0.0588137769113,21.775659269,54.4352106879
3527000000,0.357393815144,0.0585865538315,21.691644761,54.2248106241
3575000000,0.354711295577,0.05814617231,21.5288428569,53.8159704574
3607000000,0.350997606541,0.0575448333478,21.3052658229,53.256231152
3641000000,0.347351771397,0.0569487011699,21.0844953789,52.7041069151
3681000000,0.343942438659,0.056388912772,20.8775454792,52.1873733848
3719000000,0.340733952549,0.0558608934364,20.6825141209,51.699718324
3758000000,0.337396643362,0.0553150983469,20.4803990666,51.1938902413
3800000000,0.33401097088,0.0547616316264,20.2754055846,50.6809831734
3840000000,0.330488694021,0.0541863548239,20.0622451415,50.1475290002
3880000000,0.327879108736,0.0537597271221,19.9042582365,49.7521997615
3932000000,0.326072883836,0.053463916104,19.7948284077,49.4783829876
3978000000,0.325608595035,0.0533877525709,19.7667597742,49.4079888201
4018000000,0.326258326922,0.0534944272493,19.8063501573,49.5072950625
4058000000,0.32785797353,0.0537548707598,19.9031500021,49.7494262506
4087000000,0.327959868033,0.0537692249251,19.9078705892,49.7636476471
4131000000,0.326724688213,0.0535646129233,19.8316624264,49.575164444
4166000000,0.324629042298,0.0532204325374,19.7037026096,49.2569283738
4201000000,0.321827467233,0.0527608821634,19.5330988904,48.8318466478
4245000000,0.318470110942,0.0522099609896,19.3288048583,48.3223728948
4285000000,0.313637672163,0.0514172809092,19.0350771413,47.5891379088
4323000000,0.307479587885,0.050407479356,18.6610066962,46.6548633064
4362000000,0.301173006277,0.0493735166643,18.2780178747,45.6981363971
4400000000,0.294796146157,0.0483281511932,17.890815943,44.7289987714
4440000000,0.288370147627,0.0472795050978,17.5017435851,43.7561294777
4475000000,0.281625720094,0.0461739112911,17.0923306953,42.7329642008
4532000000,0.27461311199,0.0450224714648,16.6662512228,41.6682584923
4566000000,0.268418353778,0.0440054071398,16.2898965535,40.7277038557
4602000000,0.262975560749,0.0431126634752,15.9594291998,39.9016260381
4646000000,0.258185511268,0.0423278025736,15.6687890191,39.175019985
4698000000,0.254797795715,0.0417727217759,15.4632515376,38.6611022331
4721000000,0.252645657543,0.0414196410192,15.3325948825,38.334427138
4764000000,0.249932078459,0.0409742639503,15.1678187963,37.9224487628
4806000000,0.246722796626,0.0404474562336,14.9729302724,37.4351687906
4848000000,0.243110339646,0.0398545675496,14.7535835529,36.8867426891
4887000000,0.240108699683,0.0393617206292,14.5712957606,36.4309309921
4922000000,0.237690231168,0.0389646145006,14.4244390983,36.0636723999
4964000000,0.234856998522,0.0384998161964,14.2524709766,35.6326226389
5005000000,0.23163353935,0.0379738361039,14.0574550137,35.1445971744
5048000000,0.228111722833,0.0373963810798,13.8437684175,34.6101670095
5082000000,0.225584838378,0.0369809583913,13.6902314061,34.2261056555
5121000000,0.223933208299,0.0367094468727,13.5899113993,33.9749758044
5186000000,0.222214673708,0.03642770935,13.4856983499,33.7140237948
5201000000,0.220414974066,0.0361347080485,13.3770329507,33.4432415137
5243000000,0.218581338031,0.0358310422932,13.2651615491,33.1636773522
5278000000,0.216182264117,0.0354371228896,13.1192662409,32.7992474437
5335000000,0.213276338483,0.0349612027152,12.9428754481,32.3568404244
5357000000,0.209643310001,0.0343714263239,12.723595747,31.8084655426
5405000000,0.205415556002,0.0336788775202,12.4670839555,31.1675797943
5448000000,0.200683063056,0.0329011207864,12.1794152766,30.448832285
5493000000,0.196577388166,0.0322264765854,11.9298852814,29.8252505514
5532000000,0.193037439,0.0316457467955,11.7149648421,29.2880290713
5578000000,0.190061950797,0.0311586547641,11.5345601425,28.8369963291
5600000000,0.187511162934,0.0307408740265,11.37987751,28.4506933444
5644000000,0.18535832302,0.0303874573273,11.2491565824,28.1239069924
5692000000,0.183520376853,0.0300868245176,11.1378091664,27.8453785811
5732000000,0.181950411308,0.0298305895373,11.0428337868,27.60771887
5778000000,0.180072740682,0.0295238844733,10.9291798483,27.3234053248
5813000000,0.177924618008,0.0291726365161,10.7990674032,26.9979902393
5851000000,0.175551109726,0.028783578735,10.655087426,26.6380202766
5891000000,0.173955791882,0.028519155558,10.5576841883,26.3947050447
5931000000,0.172972996368,0.0283598988918,10.4985050312,26.2464177869
5970000000,0.171800558423,0.0281694666045,10.4277953321,26.0694513599
6006000000,0.170459134789,0.0279509605697,10.3467619142,25.8680721836
6044000000,0.168988058487,0.027707475226,10.2570201411,25.6438883919
6079000000,0.166705896837,0.0273341607107,10.1187429452,25.2980274655
6118000000,0.163723713163,0.0268472590138,9.93824053336,24.8466392377
6166000000,0.160695308413,0.0263520279006,9.75474694991,24.3863305134
6206000000,0.157659052057,0.0258590234205,9.57156489086,23.9277302026
6241000000,0.154644535507,0.0253664834158,9.38902049431,23.471327845
6296000000,0.15140019892,0.0248335541166,9.19192585581,22.9786759114
6319000000,0.147967893272,0.0242699640589,8.98345584814,22.4575938983
6364000000,0.144487126869,0.0236989912232,8.77218191331,21.9304384261
6403000000,0.140990348773,0.0231236103578,8.5595249939,21.3985421817
6438000000,0.137465821306,0.0225472235045,8.34596752216,20.8640616383
6482000000,0.134982991027,0.0221423379178,8.19579839782,20.4881430812
6534000000,0.13343125461,0.0218888438814,8.10186578385,20.2530083126
6577000000,0.132021970288,0.0216576246981,8.01634176718,20.0389882921
6604000000,0.13058606723,0.0214217049791,7.92912833645,19.8207317119
6649000000,0.129129155234,0.0211824476432,7.8406669399,19.5995975398
6688000000,0.127664571927,0.0209414412861,7.7516314191,19.3769470174
6724000000,0.126193909659,0.0206997565478,7.6623002057,19.1535176647
6769000000,0.124852541745,0.0204794470038,7.58085834187,18.9497429515
6801000000,0.123631492219,0.0202790144164,7.50675526266,18.7643453222
6850000000,0.122515562161,0.0200958890239,7.43904895849,18.5948865954
6881000000,0.121247988488,0.0198877746439,7.36198494382,18.4011396475
6924000000,0.119828826468,0.0196568958395,7.27621959402,18.1865116243
6964000000,0.118862477718,0.0194979378569,7.21744049025,18.0395750516
7001000000,0.118296985042,0.0194037816112,7.18279990206,17.9529299833
7040000000,0.118063501508,0.0193643990287,7.16841454952,17.918265589
7084000000,0.117391380067,0.0192508452869,7.12689790253,17.8148510351
7128000000,0.116230769836,0.0190595686763,7.05626512736,17.6381006517
7167000000,0.114350012596,0.0187517740833,6.94227764229,17.352948454
7205000000,0.111848360979,0.0183420353025,6.79057891882,16.9734906287
7250000000,0.108831622332,0.0178475754125,6.60756354228,16.5158640403
7283000000,0.105525180991,0.0173052412723,6.4068833656,16.0140841956
7319000000,0.101972537612,0.0167226565031,6.19128734817,15.4750046145
7386000000,0.0994960639861,0.0163166516511,6.04103740206,15.0989650001
7410000000,0.0981087208441,0.0160856373515,5.95610552172,14.8870736858
7455000000,0.0968470683064,0.0158803559186,5.87993692991,14.696628239
7488000000,0.0957053682653,0.0156938201173,5.81084327444,14.5238619144
7526000000,0.0946546989521,0.0155222974816,5.7472935648,14.3649215662
7578000000,0.0933715435121,0.0153124890379,5.6694381628,14.1700999444
7600000000,0.0918858868091,0.01506686511,5.57873630922,13.9436437442
7655000000,0.0902173886062,0.0147945371249,5.47768334991,13.6911131705
7680000000,0.0886430613922,0.0145365159694,5.38211048401,13.4523149665
7730000000,0.0871729741498,0.0142954901864,5.29286601005,13.2301487271
7771000000,0.0858205956506,0.0140715064624,5.21026785079,13.0239537794
7807000000,0.0845599725798,0.0138641285586,5.13359267635,12.8323669322
7847000000,0.0833776571349,0.0136705399852,5.06188912515,12.6531919643
7889000000,0.0822481848475,0.0134856263162,4.99340159662,12.4820999003
7923000000,0.0811644585955,0.0133079841527,4.92764450282,12.3178558128
7966000000,0.0796179947838,0.013053972374,4.83346627297,12.0830577653
8004000000,0.0776837390042,0.0127363213755,4.71577468989,11.7893694429
8048000000,0.0758988246506,0.0124435659564,4.60725666573,11.5173513608
8088000000,0.0742476921166,0.0121752178301,4.50744441076,11.2678152207
8129000000,0.0727426100128,0.0119289513475,4.4161113422,11.0397388211
8168000000,0.0715056221569,0.0117223315097,4.34011350164,10.8503108595
8215000000,0.0704831807662,0.0115548079876,4.27802394606,10.6952335412
8245000000,0.0696586407075,0.0114196006666,4.22793172732,10.5700749329
8283000000,0.0690861717179,0.0113258357594,4.19317886631,10.4832308578
8326000000,0.0687541557736,0.0112713808446,4.17300790175,10.4327963642
8370000000,0.0683000065101,0.0111967385102,4.14539825918,10.3637696016
8411000000,0.0677259406742,0.0111021516708,4.11045069295,10.2759739837
8442000000,0.0670479109441,0.0109913862711,4.06939561404,10.1731032747
8485000000,0.0662193453288,0.0108554350529,4.01909884903,10.0471955426
8520000000,0.0652636006657,0.010698320217,3.96101867245,9.90182062383
8577000000,0.0645864182829,0.0105869316775,3.91986319935,9.79871246505
8623000000,0.0641622628465,0.0105172041795,3.89410895231,9.73406757068
8645000000,0.0635615498804,0.0104194279304,3.85784247277,9.64305639735
8685000000,0.0625367782648,0.0102513162771,3.79567823675,9.48866678504
8719000000,0.0612004347942,0.0100293545405,3.71397822006,9.28463767654
8767000000,0.0596970569841,0.00978224608851,3.62263686708,9.0561762994
8800000000,0.0580612922211,0.00951462775084,3.52351124223,8.80669910513
8848000000,0.0563079403666,0.0092300888215,3.41779820939,8.54219171356
8890000000,0.0544755240761,0.00892930389823,3.30655782717,8.26427199965
8919000000,0.0525715376657,0.0086154545751,3.19067529162,7.97472773788
8962000000,0.0509509719474,0.00834863360702,3.0921171903,7.72834685187
9018000000,0.0495910252692,0.00812560606143,3.00961298681,7.52198666353
9046000000,0.0484429793123,0.00793775245052,2.94007531037,7.34869383917
9083000000,0.0476059554892,0.00779960644824,2.88912214134,7.22132878032
9126000000,0.0470134286121,0.00770277020242,2.85327898342,7.13155397681
9163000000,0.0461925614115,0.0075690713433,2.80370340884,7.0074255514
9202000000,0.0451380533132,0.00739693287564,2.73991510181,6.84779664139
9240000000,0.0438999627145,0.00719433215545,2.66490282924,6.66019217372
9284000000,0.0426365908865,0.00698732064756,2.58829464141,6.46861356961
9321000000,0.0413617459667,0.00677844757086,2.51099241682,6.2753175168
9366000000,0.0407451590085,0.00667749713714,2.47364093117,6.18189503534
9400000000,0.0407011259577,0.00667055773574,2.4710692279,6.17538691096
9440000000,0.0411512631032,0.00674483759056,2.49854737726,6.24514051512
9477000000,0.0411863418257,0.00674864822522,2.49988852448,6.24950793713
9523000000,0.0408022203447,0.00668519439505,2.47617033682,6.19089897129
9573000000,0.0397580763158,0.00651476463041,2.41271686508,6.03287500754
9601000000,0.03814880501,0.00625159103638,2.31498621604,5.78918129799
9641000000,0.036068541817,0.00591061574723,2.1885585792,5.47235330172
9682000000,0.0340196112329,0.00557672914497,2.06450681937,5.16234333187
9723000000,0.0320323827359,0.00525078934966,1.94374716562,4.86086682026
9760000000,0.0306270498989,0.00501919193425,1.85809184413,4.64716823819
9803000000,0.0297096524107,0.00486765598082,1.80209845208,4.50880938212
9847000000,0.0292220147446,0.00478495308709,1.77182562318,4.43326622579
9890000000,0.0287802040673,0.00471290479467,1.74504225473,4.36608237652
9921000000,0.0283683256474,0.00464687227132,1.72033593532,4.30412838054
9969000000,0.0280924229369,0.0046024362716,1.7037408646,4.26258534777
10022000000,0.0279372785458,0.00457700697561,1.69430291311,4.23851574377
10052000000,0.0278753702887,0.00456780963563,1.69074535771,4.22952077518
10092000000,0.027639082533,0.00452935883466,1.67646534934,4.19380959531
10123000000,0.027245248302,0.00446467936955,1.65254061732,4.13400392521
10161000000,0.0264207553414,0.00432941255755,1.60248649638,4.00883104428
10210000000,0.0252455006515,0.00413688237287,1.53120093329,3.8305304666
10248000000,0.0237688537685,0.00389495876814,1.44162307046,3.60584900227
10290000000,0.0225888165049,0.00370286169231,1.37032412546,3.42718544068
10330000000,0.0216664359671,0.00355224526,1.31449861205,3.28731330201
10367000000,0.0207467243047,0.00340144447282,1.25870053892,3.14752163957
10412000000,0.0198133496204,0.00324822730799,1.20203679423,3.00553915875
10443000000,0.018867907816,0.00309305705918,1.14466700658,2.86327061163
10491000000,0.018284727188,0.00299494428403,1.10875009029,2.77367165795
10521000000,0.0180028810717,0.00294779314653,1.09147457637,2.73035423432
10562000000,0.0174205929271,0.002852158712,1.05614210857,2.64184944866
10615000000,0.0165607454318,0.00271121016938,1.00400766988,2.51132704748
10645000000,0.015640778349,0.00256127680816,0.948419992232,2.37221042257
10679000000,0.014691898569,0.00240520997636,0.890766567117,2.22798969206
10721000000,0.0137147235716,0.00224482309582,0.831456207527,2.07878193111
10773000000,0.0125855087588,0.00206089516528,0.763239903874,1.90827725544
10801000000,0.0113364647479,0.00185580539727,0.687410734252,1.71886733937
10839000000,0.00998432111519,0.00163354874947,0.605262111345,1.51355768932
10880000000,0.00896934935464,0.00146701774025,0.543678260098,1.359802114
10924000000,0.00825283264865,0.00134955974735,0.500235757787,1.251109584
10962000000,0.00763314963078,0.00124859222205,0.462805929186,1.15736185404
11011000000,0.0070974266155,0.00116151938681,0.430500593013,1.07644397515
11035000000,0.00662468767068,0.00108456577094,0.401971956128,1.00502968123
11087000000,0.006453105844,0.00105671651262,0.391660322772,0.979160266325
11118000000,0.00671206892082,0.00109936418452,0.407464923517,1.0190961248
11167000000,0.00676761016866,0.00110780651011,0.410726927292,1.02738903811
11216000000,0.00662039238528,0.00108357621272,0.401806795084,1.00514804533
11251000000,0.00630274296288,0.00103179705065,0.382628790739,0.957262891811
11299000000,0.00572866342071,0.000938041254853,0.347899919623,0.870528137028
11345000000,0.00493144585596,0.000807655687656,0.299615917449,0.749925591771
11363000000,0.00393935431004,0.000644688354297,0.23936120359,0.599452180122
11398000000,0.00277065275238,0.000453415246829,0.16852979686,0.422478942647
11444000000,0.00146431602839,0.000239574766731,0.0893253009438,0.223152173192
11493000000,0.000653820467849,0.000109021991263,0.0406715247361,0.101236524436
11523000000,0.000287642094468,5.00394559659e-05,0.0187007155251,0.0462041982003
11565000000,-0.000129346688595,-1.80970143524e-05,-0.00653610011307,-0.016830640437
11609000000,-0.000596820394257,-9.49161938927e-05,-0.0349298978118,-0.0878531880919
11648000000,-0.0011098994297,-0.000178937276046,-0.0660311102509,-0.165646178015
11684000000,-0.00153789066225,-0.000248942977416,-0.0919465771495,-0.229986977075
11728000000,-0.00189281598107,-0.000307746580508,-0.113609532271,-0.284441632619
11771000000,-0.00206035438366,-0.000334792519823,-0.123666507876,-0.309952602997
11801000000,-0.00205194752192,-0.00033288448004,-0.123017307647,-0.308608488655
11845000000,-0.00190048867298,-0.000308005153437,-0.113788247041,-0.285481180294
11883000000,-0.00212305041307,-0.000345603945058,-0.127744811699,-0.319786327406
11928000000,-0.0026628697636,-0.000435556491785,-0.161000321074,-0.402459254793
11967000000,-0.00354942194143,-0.000581819158008,-0.215150755215,-0.53746477583
12011000000,-0.00473031052146,-0.000775921167062,-0.287047824454,-0.716970271823
12041000000,-0.00615771332918,-0.00101024773593,-0.373841230061,-0.933733736269
12080000000,-0.00736883182086,-0.00120910490908,-0.447497057006,-1.11862723187
12127000000,-0.00840063430206,-0.00137729669192,-0.509958036854,-1.27476181873
12171000000,-0.00887541329221,-0.00145537661113,-0.53886711836,-1.34691002967
12205000000,-0.00887758522697,-0.00145643727291,-0.539185464603,-1.34766152453
12246000000,-0.00847231919338,-0.00139046078448,-0.514712766104,-1.28653990755
12301000000,-0.00833175227945,-0.00136749781676,-0.506211860881,-1.2654100902
12321000000,-0.00844642067578,-0.00138538242651,-0.512971915306,-1.28251373085
12359000000,-0.00867490649236,-0.001421761358,-0.526581381245,-1.31558226227
12404000000,-0.0089826211325,-0.00147409320114,-0.545667705319,-1.36302857821
12451000000,-0.00937160851454,-0.00153816957442,-0.56933311893,-1.42231385842
12483000000,-0.0098846467311,-0.00162167281084,-0.600318820601,-1.49991663022
12522000000,-0.0105074747545,-0.00172318175088,-0.637965151174,-1.59414436331
12565000000,-0.0112926257483,-0.00185165145734,-0.685571710246,-1.7131432071
12593000000,-0.0122122809492,-0.00200239282087,-0.741386439309,-1.85279159338
12646000000,-0.0132493678074,-0.00217220017471,-0.804276728078,-2.00974062684
12695000000,-0.0143739886329,-0.00235683644027,-0.872583230675,-2.18022697571
12725000000,-0.0155686751761,-0.00255287189154,-0.94512085878,-2.36136268918
12765000000,-0.0166596847281,-0.00273158809894,-1.01130030324,-2.52726889938
12800000000,-0.017658313687,-0.00289382350595,-1.07157045243,-2.67811269008
12840000000,-0.0185717617943,-0.00304271396595,-1.12680539732,-2.81626311997
12880000000,-0.0191588123421,-0.00313850850632,-1.16232173732,-2.90504301905
12929000000,-0.0194509233675,-0.003186289088,-1.18001218356,-2.94926083578
12973000000,-0.0196136981951,-0.00321286217695,-1.189852055,-2.9738692428
13008000000,-0.019681745943,-0.00322380698262,-1.19390886535,-2.98305716435
13047000000,-0.019661021086,-0.00322178040059,-1.19293977179,-2.98056832766
13086000000,-0.0193905788017,-0.00317748399938,-1.17652025929,-2.93959854497
13127000000,-0.0188939127661,-0.00309553735777,-1.14624394652,-2.86392868417
13166000000,-0.0188532525833,-0.00308853948593,-1.14368543223,-2.85747096464
13217000000,-0.0192453094544,-0.00315281895769,-1.16746478098,-2.91681911956
13240000000,-0.0200025328828,-0.00327708173152,-1.21344620057,-3.03269349451
13290000000,-0.0211479296863,-0.00346281796239,-1.28250026966,-3.2056559851
13322000000,-0.0226208467305,-0.00370281036236,-1.37155643879,-3.42839144496
13371000000,-0.023988115769,-0.00392643829548,-1.45441196279,-3.63554425703
13410000000,-0.025253151311,-0.00413364078543,-1.5311366695,-3.82739911944
13451000000,-0.0264296204063,-0.00432630968869,-1.60248141099,-4.00580368195
13483000000,-0.0272945534369,-0.00446801304354,-1.65494044532,-4.13702942445
13533000000,-0.0277541234573,-0.00454328815698,-1.6828012864,-4.20675467105
13567000000,-0.028084758847,-0.00459761199945,-1.70287528181,-4.25699587427
13620000000,-0.0283134813685,-0.00463537384823,-1.71680059514,-4.2923332736
13648000000,-0.0284571137445,-0.00465838956733,-1.7253797304,-4.3140547476
13680000000,-0.0283560217335,-0.00464168552599,-1.71919303592,-4.29879453559
13729000000,-0.0280444760699,-0.00459078763218,-1.70029983138,-4.25177423403
13760000000,-0.0275860116902,-0.00451585767432,-1.67250239646,-4.18252000032
13810000000,-0.0270070823649,-0.0044210573563,-1.63735312603,-4.09386316335
13848000000,-0.026319421894,-0.00431027682243,-1.59602406804,-3.99032974148
13896000000,-0.0257150811271,-0.00421242311539,-1.55958991569,-3.89933321294
13920000000,-0.0251902422182,-0.00412686056264,-1.52781192124,-3.81994395704
13966000000,-0.0254258099993,-0.00416569262858,-1.54212580613,-3.85585630292
14002000000,-0.0263343802979,-0.00431470940557,-1.59726403812,-3.9948248665
14040000000,-0.0274783322101,-0.00450037744671,-1.66624168183,-4.16732423601
14084000000,-0.0288150308887,-0.00471924235811,-1.74727362421,-4.36979907006
14127000000,-0.0302992814267,-0.00496292359441,-1.83740291724,-4.59510238296
14165000000,-0.0312534912872,-0.00511943849613,-1.89530342689,-4.73993439226
14200000000,-0.0317275773643,-0.00519685551927,-1.92397826212,-4.81174170273
14241000000,-0.0317950529586,-0.00520751248782,-1.92794575902,-4.82127258574
14282000000,-0.0317947780101,-0.00520760997773,-1.92792975909,-4.82124001593
14326000000,-0.0317464718676,-0.00519926986984,-1.92487403639,-4.81375060655
14364000000,-0.0317091328594,-0.00519248603541,-1.92242946552,-4.80777276211
14405000000,-0.0316819978419,-0.00518754170599,-1.92064098629,-4.8033917039
14441000000,-0.0316634324458,-0.00518423117644,-1.91942393311,-4.80040946355
14491000000,-0.0318835484735,-0.00522015077135,-1.93271669188,-4.83367424751
14529000000,-0.0323227353164,-0.00529196638988,-1.95930301116,-4.90018716851
14577000000,-0.032875746254,-0.00538232220808,-1.99276498796,-4.98326957774
14605000000,-0.0335145266658,-0.00548784229685,-2.0316836457,-5.08041781759
14646000000,-0.0344198386837,-0.00563645399279,-2.08664731948,-5.21776316902
14688000000,-0.0355585295231,-0.00582289423353,-2.15568027548,-5.39026523372
14725000000,-0.0368923034951,-0.00604128619008,-2.236547492,-5.5923147213
14787000000,-0.0379404322087,-0.00621298895407,-2.30011056161,-5.75107981756
14823000000,-0.0387200895976,-0.00634070481183,-2.34740180951,-5.87039304496
14842000000,-0.0391582780677,-0.00641832916774,-2.37527868548,-5.93975993754
14874000000,-0.039338710483,-0.00644472345612,-2.3855123425,-5.96563204192
14929000000,-0.0392735970515,-0.00643262836787,-2.38123201929,-5.9550134394
14956000000,-0.0391070160797,-0.00640449974413,-2.37092647401,-5.92932807415
15002000000,-0.0388645679536,-0.00636406245803,-2.35603371498,-5.8913130763
15040000000,-0.0385517521762,-0.00631383410064,-2.33726960954,-5.84463438632
15083000000,-0.0383859230305,-0.00628646898911,-2.32715258349,-5.8196713239
15121000000,-0.0383495663734,-0.0062799777036,-2.32481285457,-5.81403914389
15167000000,-0.0386270782161,-0.00632537677715,-2.3416174073,-5.85616095658
15201000000,-0.0391886579607,-0.0064177461845,-2.3757522703,-5.94163283788
15242000000,-0.039979046979,-0.00654768143617,-2.42378480717,-6.06172995469
15288000000,-0.040748156188,-0.00667419180034,-2.47053964572,-6.17862487114
15339000000,-0.0414940433657,-0.00679679342073,-2.51586209109,-6.29196870678
15365000000,-0.0419098239491,-0.00686514584494,-2.54111919969,-6.35516939386
15412000000,-0.0420141272781,-0.00688243773723,-2.54747149028,-6.37112892113
15448000000,-0.0418552051699,-0.00685653344815,-2.53783750706,-6.34709942239
15480000000,-0.0419279286037,-0.00686865698097,-2.54228194655,-6.35901590219
15521000000,-0.0422349412359,-0.00691807350006,-2.56068681036,-6.40525593202
15562000000,-0.042682119961,-0.00699130723165,-2.58778487434,-6.47312288567
15612000000,-0.043241252365,-0.00708330302038,-2.62176966257,-6.55823872205
15641000000,-0.0438988670347,-0.00719136054754,-2.66171343014,-6.65830460093
15690000000,-0.0443660131191,-0.00726798488653,-2.69005013083,-6.72938351921
15730000000,-0.0446734868979,-0.00731838785745,-2.70867016686,-6.77497741734
15760000000,-0.0451495048861,-0.00739842222695,-2.73797714015,-6.84805401046
15804000000,-0.0457642768906,-0.0074997713327,-2.77538833843,-6.94166429568
15842000000,-0.0465356069852,-0.00762594726826,-2.82211223076,-7.05869259443
15874000000,-0.04726741955,-0.00774545579162,-2.86639250442,-7.169496027
15920000000,-0.0479521004346,-0.00785752936828,-2.9078856237,-7.2740731612
15972000000,-0.0483814108209,-0.00792711938614,-2.93372738214,-7.33854612714
16005000000,-0.048582515512,-0.00796057605171,-2.94600626264,-7.36899944778
16038000000,-0.0485934715239,-0.00796309352023,-2.94679992428,-7.3708361856
16090000000,-0.0484807964485,-0.00794431425248,-2.93986172284,-7.35343272703
16135000000,-0.0482635439602,-0.0079087482655,-2.92665866231,-7.32048398519
16170000000,-0.0481653314462,-0.00789223538254,-2.92057822758,-7.3053847745
16201000000,-0.0481766981949,-0.00789359964292,-2.92112931061,-7.30684168509
16244000000,-0.0482797967078,-0.00791018923201,-2.92728984285,-7.32230357992
16281000000,-0.0483318104587,-0.00791855314459,-2.93038385338,-7.33004359336
16328000000,-0.0483343379215,-0.00791892606397,-2.93050334395,-7.33038528738
16371000000,-0.0485961725255,-0.0079617063499,-2.94633041415,-7.36924992739
16401000000,-0.0490872397411,-0.00804310185491,-2.97630849734,-7.4440651316
16441000000,-0.0497780244114,-0.00815641345612,-3.01822656892,-7.54883286934
16480000000,-0.0504680314966,-0.00826916354247,-3.06001177402,-7.65411351136
16522000000,-0.0511524288614,-0.00837981812599,-3.10118869151,-7.75727293086
16562000000,-0.0517339639403,-0.00847472970667,-3.13636925725,-7.84519083986
16620000000,-0.0522320654776,-0.00855680071562,-3.16667349045,-7.92088481828
16643000000,-0.0526494936387,-0.00862561958195,-3.19207708102,-7.98430914325
16682000000,-0.0528810214074,-0.00866374916908,-3.2061522759,-8.0195453368
16724000000,-0.0529447812463,-0.00867409062012,-3.20998138345,-8.02913921327
16763000000,-0.0531750330189,-0.00871170925033,-3.22391152832,-8.06403338501
16809000000,-0.0535802702122,-0.00877800980718,-3.24846011645,-8.12543707236
16842000000,-0.0541085648251,-0.00886462219061,-3.28050817933,-8.20560974096
16880000000,-0.0544974926779,-0.00892847787499,-3.30411724315,-8.26466244975
16933000000,-0.0547595242031,-0.00897156751193,-3.32003289432,-8.30448791453
16969000000,-0.0552448478317,-0.00905124836951,-3.34949707243,-8.3781965889
17009000000,-0.055946583593,-0.00916625552965,-3.39206162463,-8.48465736752
17050000000,-0.0564701479123,-0.00925216939213,-3.42383791488,-8.56416658399
17085000000,-0.056807031273,-0.00930743066785,-3.44427257042,-8.61531975584
17116000000,-0.0569826189604,-0.00933624385533,-3.45491620118,-8.64200260605
17186000000,-0.0569331784466,-0.00932786781058,-3.45183494706,-8.63440000624
17206000000,-0.0567663830858,-0.00930032709395,-3.44164700222,-8.60902780629
17248000000,-0.0564587344836,-0.00925003735954,-3.42298607108,-8.56244615899
17284000000,-0.0565218571723,-0.00926045079891,-3.42680985652,-8.5720827864
17324000000,-0.056954017688,-0.00933131316946,-3.45302016231,-8.63770117369
17365000000,-0.057421056572,-0.00940785351863,-3.4813378839,-8.70857921143
17400000000,-0.0578972121671,-0.0094858799724,-3.51020714707,-8.78085995959
17438000000,-0.0583806510372,-0.00956505618297,-3.53950814499,-8.85421392748
17481000000,-0.058862384309,-0.00964395215511,-3.56870530087,-8.92731862862
17528000000,-0.0593418822171,-0.00972246450917,-3.59776267765,-9.00007689112
17567000000,-0.0598980879651,-0.00981353937406,-3.63147246342,-9.08446727092
17610000000,-0.0605251944556,-0.00991622971577,-3.66948344417,-9.1796171699
17641000000,-0.0612136032497,-0.0100289545703,-3.71121138614,-9.28406180849
17705000000,-0.0622052134256,-0.0101913810721,-3.77133996956,-9.43451176927
17736000000,-0.0634568965736,-0.0103965758323,-3.84728239801,-9.62448565193
17769000000,-0.0644778288728,-0.0105637707467,-3.90918164453,-9.77937453229
17808000000,-0.0652422018213,-0.0106889276588,-3.95551423051,-9.89534941159
17843000000,-0.0657946060185,-0.0107795447001,-3.98902868916,-9.97926843241
17887000000,-0.0663532158694,-0.0108709455787,-4.02286724157,-10.0640175074
17936000000,-0.0669245534368,-0.0109644737339,-4.05748710598,-10.1507249372
17956000000,-0.0672718189638,-0.0110212660278,-4.07850669174,-10.2034333297
18011000000,-0.06742210903,-0.011045771732,-4.08757229086,-10.2262693412
18051000000,-0.0680026262389,-0.011140209662,-4.12232825749,-10.3140146554
18090000000,-0.0690036139464,-0.0113031953978,-4.18256198263,-10.4654146256
18128000000,-0.0703400925615,-0.0115214783996,-4.26325998296,-10.6678452539
18171000000,-0.071778426691,-0.0117567380338,-4.35023338373,-10.8858803257
18199000000,-0.0732933808944,-0.0120046486589,-4.44190377997,-11.1156144044
18240000000,-0.0748741388433,-0.0122633382333,-4.53758870391,-11.3553304704
18292000000,-0.0763736312428,-0.0125087495514,-4.628369266,-11.5827655118
18320000000,-0.0777967527185,-0.0127416848349,-4.7145400157,-11.798624842
18363000000,-0.0790753264407,-0.0129509444296,-4.79191920011,-11.99256953
18427000000,-0.0802291562667,-0.0131397803342,-4.86174916741,-12.1675979712
18445000000,-0.0812785848603,-0.0133116268461,-4.92528457073,-12.3268618604
18481000000,-0.081836662103,-0.0134029804932,-4.95902312782,-12.4115991184
18537000000,-0.081980401178,-0.0134264614806,-4.96763613424,-12.433508812
18560000000,-0.0819023369345,-0.0134135317323,-4.96278414621,-12.421751559
18602000000,-0.0816499025626,-0.0133720834868,-4.94737058141,-12.3835724839
18642000000,-0.0812460986898,-0.0133058210595,-4.92277586565,-12.3224357809
18679000000,-0.0809164147389,-0.0132517032945,-4.90268245518,-12.2725440653
18722000000,-0.0806511491033,-0.0132081484135,-4.88650273583,-12.232432446
18766000000,-0.0808058882628,-0.0132334280336,-4.89581204351,-12.2560382163
18802000000,-0.0813637727926,-0.013324782419,-4.9295878396,-12.3408092753
18839000000,-0.0822612529952,-0.0134717919795,-4.98397246259,-12.4770977396
18885000000,-0.0831880184066,-0.013623605989,-5.04013629386,-12.6178353485
18929000000,-0.0841273719338,-0.0137774813719,-5.0970645061,-12.760484395
18974000000,-0.0850978287603,-0.0139364540707,-5.15588028919,-12.9078530742
19003000000,-0.0860957345029,-0.0140999242695,-5.21636173462,-13.0593924003
19045000000,-0.0871155480995,-0.0142669829602,-5.27817226835,-13.2142550738
19080000000,-0.0879346883777,-0.0144011533838,-5.32780524785,-13.3386781282
19127000000,-0.0885822446002,-0.0145071975524,-5.36702474487,-13.4370711944
19168000000,-0.0888261994155,-0.0145470905417,-5.38175113067,-13.4742375659
19200000000,-0.0887159764986,-0.0145289309752,-5.37498332989,-13.4576741174
19238000000,-0.088305915058,-0.0144616293026,-5.3500199045,-13.3956247766
19287000000,-0.0880489449706,-0.0144194178138,-5.33434537002,-13.35680653
19340000000,-0.0879476790275,-0.0144027068574,-5.32811439315,-13.3415976183
19369000000,-0.0880745254496,-0.0144235272105,-5.33575727277,-13.3610757205
19401000000,-0.0884060694746,-0.0144777026125,-5.35577720505,-13.4115100545
19448000000,-0.0888585224833,-0.0145517338648,-5.38314156169,-13.480311656
19490000000,-0.0894060038848,-0.0146413403146,-5.41627136411,-13.5635276069
19541000000,-0.0900362830865,-0.0147445209586,-5.45442554977,-13.659314178
19563000000,-0.0907274158035,-0.0148578333922,-5.49630642597,-13.7644086135
19599000000,-0.0914637949384,-0.0149783621713,-5.54088708733,-13.8762761801
19647000000,-0.0922353711673,-0.0151046862662,-5.58760854789,-13.9934956467
19680000000,-0.0929702625962,-0.0152250091355,-5.63210482318,-14.1051539137
19720000000,-0.0936678967468,-0.0153392273144,-5.67433934969,-14.2111663041
19775000000,-0.0943557962684,-0.0154519766997,-5.71600997698,-14.3157695285
19815000000,-0.0950411674335,-0.0155641350342,-5.75748657893,-14.4199153018
19841000000,-0.0957226254033,-0.0156758464479,-5.7987676814,-14.5235547547
19883000000,-0.0962514830516,-0.0157623346298,-5.83073932491,-14.6039480684
19931000000,-0.0966128353899,-0.0158215686727,-5.85258934051,-14.6590240632
19962000000,-0.0968999843602,-0.0158684374324,-5.86988895993,-14.7027529231
20001000000,-0.0971262731436,-0.0159053604293,-5.88350010606,-14.7372605198
20050000000,-0.0973008699653,-0.0159338385438,-5.89397908667,-14.7639416878
20085000000,-0.0976352032157,-0.0159884945265,-5.91414907939,-14.8148611715
20128000000,-0.0981155656733,-0.0160670719594,-5.94317624715,-14.8879252935
20160000000,-0.0984247552967,-0.0161175989,-5.96181517196,-14.9350346405
20201000000,-0.0985739631017,-0.0161419137816,-5.97074575021,-14.9578720425
20240000000,-0.0985910721941,-0.0161446021632,-5.97166422356,-14.9606903861
20280000000,-0.0989121481339,-0.0161976467393,-5.99133297187,-15.0099269622
20327000000,-0.0994941158073,-0.0162933942383,-6.02679344004,-15.0987148089
20360000000,-0.100009513774,-0.0163780049008,-6.0581367752,-15.1772962125
20400000000,-0.10044621355,-0.0164495427843,-6.08464255257,-15.2438520199
20445000000,-0.100815634944,-0.0165100081525,-6.10703587049,-15.3001632189
20481000000,-0.101261930199,-0.0165831004696,-6.13408293522,-15.3681460899
20529000000,-0.101779178747,-0.0166678507893,-6.16542856614,-15.4469410856
20560000000,-0.102142610163,-0.0167273408157,-6.18741496407,-15.5023096865
20601000000,-0.102359004239,-0.0167627993452,-6.20048369307,-15.5354362294
20649000000,-0.102451040719,-0.0167778472797,-6.20599027416,-15.5496836407
20679000000,-0.102757467483,-0.016827969398,-6.22448423123,-15.5964337039
20741000000,-0.103260942652,-0.0169102999184,-6.2549091603,-15.6730358281
20769000000,-0.10385717384,-0.0170077822122,-6.29094455844,-15.7636827085
20831000000,-0.104526039929,-0.017117153874,-6.33137849893,-15.8653479251
20843000000,-0.105257532389,-0.0172367713216,-6.37560373193,-15.9765054513
20883000000,-0.106039307058,-0.0173646250095,-6.42287429964,-16.0952838694
20926000000,-0.106864382484,-0.0174996118791,-6.47277626603,-16.2206533839
20965000000,-0.1073383313,-0.0175770704903,-6.50137054027,-16.2927602346
21007000000,-0.107511654312,-0.0176052707483,-6.51172124941,-16.3192761874
21053000000,-0.107423041658,-0.0175905407335,-6.50617352871,-16.3060479526
21081000000,-0.107394875072,-0.0175857253509,-6.50429227483,-16.3020113278
21133000000,-0.107424581563,-0.0175903687566,-6.50591334814,-16.3067034461
21152000000,-0.107528820278,-0.0176072733123,-6.51206512925,-16.3227879707
21209000000,-0.107699229561,-0.0176351808862,-6.52226394334,-16.3489718813
21243000000,-0.107655488789,-0.0176279717384,-6.5194599445,-16.3426360603
21279000000,-0.107424026523,-0.0175897391493,-6.5052045758,-16.3077297767
21322000000,-0.107028260023,-0.0175246055846,-6.48098203262,-16.247867945
21371000000,-0.106791209805,-0.0174857994949,-6.4665934589,-16.2123001807
21408000000,-0.106694743906,-0.0174701889797,-6.46074973236,-16.198106341
21455000000,-0.106721845508,-0.0174746929938,-6.46235405323,-16.2026192693
21497000000,-0.107110918939,-0.01753817342,-6.48582685016,-16.2618305512
21519000000,-0.107823743389,-0.0176549541828,-6.52898493408,-16.3703055408
21568000000,-0.108479738118,-0.0177623411344,-6.56866157567,-16.4700543549
21608000000,-0.109078916595,-0.0178604677035,-6.60489193758,-16.5612721913
21651000000,-0.109630137097,-0.0179506433708,-6.63818136066,-16.6451526323
21681000000,-0.110074256604,-0.018023223284,-6.6649528727,-16.7127352676
21719000000,-0.110424009138,-0.0180803451671,-6.6859926667,-16.7660182736
21772000000,-0.110657279359,-0.0181183445175,-6.69994938987,-16.8016050045
21799000000,-0.110791264013,-0.0181400526244,-6.70787116999,-16.8221252534
21844000000,-0.110838739281,-0.0181475607682,-6.71053336154,-16.8295169189
21883000000,-0.110959564963,-0.0181670764111,-6.71763787313,-16.8480244545
21922000000,-0.111146050399,-0.0181973543554,-6.72872267287,-16.876491729
21962000000,-0.11125099966,-0.0182142768554,-6.73485614414,-16.8925442385
22018000000,-0.11127986832,-0.018218786938,-6.73638253069,-16.8970957188
22048000000,-0.111244434885,-0.0182127555615,-6.73400344076,-16.8919156706
22086000000,-0.111041399066,-0.0181792118935,-6.72144015455,-16.8612861732
22111000000,-0.110727540265,-0.0181274850452,-6.70214490212,-16.8138290278
22174000000,-0.110270128489,-0.0180522389583,-6.67413730588,-16.7446001309
22199000000,-0.109928235476,-0.01799591209,-6.65313344276,-16.6928727641
22255000000,-0.109694151139,-0.0179572637353,-6.63867154321,-16.6575206475
22296000000,-0.10948917412,-0.0179233527858,-6.62596499319,-16.6265146472
22324000000,-0.10930653696,-0.0178929990711,-6.61458985985,-16.5989284085
22370000000,-0.109384173646,-0.0179053917505,-6.61902299142,-16.6106889158
22402000000,-0.109699411245,-0.0179569083574,-6.63791571999,-16.6588208665
22447000000,-0.110222157681,-0.0180421653245,-6.66933467083,-16.7382444241
22481000000,-0.110738455353,-0.0181263388367,-6.70035299528,-16.8165573858
22523000000,-0.111243949835,-0.018208894642,-6.73075085275,-16.8933941488
22566000000,-0.111897769298,-0.0183156997228,-6.77013246326,-16.9926036519
22607000000,-0.112684094313,-0.0184443107564,-6.81757539494,-17.1120547347
22646000000,-0.113582932358,-0.0185912575924,-6.87181872716,-17.2483754892
22692000000,-0.114432518204,-0.0187302865327,-6.92310977136,-17.3775100481
22725000000,-0.115225487998,-0.0188598020667,-6.97090445403,-17.4975710318
22765000000,-0.115859175689,-0.0189635620813,-7.00911936549,-17.5941276878
22807000000,-0.116348055742,-0.0190430477912,-7.0384173672,-17.6683206164
22842000000,-0.116723888053,-0.0191040355477,-7.06085809096,-17.7251795529
22882000000,-0.116874965133,-0.0191284919949,-7.06972930529,-17.7481916268
22921000000,-0.116833026749,-0.0191212842268,-7.06687819834,-17.7418253914
22959000000,-0.116760083863,-0.0191090277037,-7.06215305932,-17.7308603949
22999000000,-0.116663398164,-0.019092762531,-7.05595723524,-17.7161367235
23042000000,-0.116546482767,-0.019073259502,-7.04855212955,-17.6984999822
23087000000,-0.116564866427,-0.0190758307066,-7.04932980877,-17.7011684186
23122000000,-0.116709866504,-0.0190993074605,-7.05782759477,-17.7233129011
23164000000,-0.117028322088,-0.0191510280416,-7.07680489238,-17.7715764471
23201000000,-0.117500141906,-0.0192279524091,-7.10510365346,-17.8431989482
23250000000,-0.118105163917,-0.019326672071,-7.14147403399,-17.9348815258
23301000000,-0.118849935013,-0.0194484457857,-7.18635889134,-18.0478923375
23325000000,-0.119757315678,-0.0195966153591,-7.24105213026,-18.1854325138
23371000000,-0.120836630891,-0.0197731264231,-7.30621464813,-18.3491920787
23403000000,-0.122045729375,-0.0199708336643,-7.37923262062,-18.5325004351
23449000000,-0.123086802278,-0.0201410797423,-7.44207292944,-18.6905408448
23500000000,-0.123964692594,-0.020284368831,-7.49495684761,-18.8234344043
23518000000,-0.124698699475,-0.0204043978292,-7.53918325148,-18.9347180464
23570000000,-0.125031908137,-0.0204587157367,-7.55908361099,-18.9853305292
23611000000,-0.125020454481,-0.0204563281091,-7.55801596032,-18.9833941508
23651000000,-0.124707407554,-0.0204046463485,-7.53867889041,-18.9359402021
23692000000,-0.124774128046,-0.0204150443711,-7.54234653087,-18.9458839422
23720000000,-0.125176721378,-0.0204806053977,-7.56642241359,-19.0069340353
23770000000,-0.125627298804,-0.0205539499199,-7.59338832993,-19.0750796049
23802000000,-0.126099698322,-0.0206310151739,-7.62171341879,-19.1468315683
23839000000,-0.126591778312,-0.0207110947557,-7.65117919724,-19.2211464588
23879000000,-0.127283634814,-0.0208242526481,-7.69284600727,-19.3261021693
23919000000,-0.128159321183,-0.0209673922885,-7.74563312112,-19.4588322496
23968000000,-0.129046753273,-0.0211124182432,-7.79912296659,-19.5932872732
24002000000,-0.129939441208,-0.0212583486898,-7.85294199746,-19.7286649389
24054000000,-0.130837180803,-0.0214049859601,-7.90703838136,-19.8646794486
24081000000,-0.131565985007,-0.0215239842172,-7.95089376282,-19.9751168072
24120000000,-0.132143077481,-0.0216181043015,-7.98553848526,-20.062486562
24178000000,-0.132518627035,-0.0216792206065,-8.00795890425,-20.1193116353
24203000000,-0.132708752755,-0.0217098842244,-8.01911236306,-20.147975287
24240000000,-0.133162135343,-0.0217837057048,-8.04624241409,-20.2165681837
24282000000,-0.133854968097,-0.0218967607323,-8.08789993397,-20.321494843
24325000000,-0.134750539524,-0.0220430176559,-8.14185409293,-20.4571955685
24357000000,-0.135406224862,-0.0221499189322,-8.18124017588,-20.5563875282
24401000000,-0.135837709085,-0.0222201764144,-8.20704453204,-20.6216809693
24448000000,-0.13607941293,-0.0222592825301,-8.22132041356,-20.6580869903
24484000000,-0.136250510454,-0.0222865949305,-8.23126240874,-20.6837607431
24522000000,-0.136373727684,-0.0223063093744,-8.23835213231,-20.7021269631
24564000000,-0.136412235452,-0.0223122554259,-8.24032991526,-20.7079333575
24601000000,-0.136378047523,-0.0223060543555,-8.23784009217,-20.7023972835
24643000000,-0.136282292808,-0.0222899148028,-8.23165057979,-20.6877457818
24687000000,-0.136360190337,-0.0223021071268,-8.23596861477,-20.6993785991
24721000000,-0.136599671494,-0.0223407512768,-8.2500823653,-20.7353411437
24766000000,-0.136796963797,-0.0223726604411,-8.26167768018,-20.7651050132
24803000000,-0.136956104443,-0.0223982275085,-8.27093603216,-20.7889404386
24851000000,-0.137081419546,-0.0224182969952,-8.27815337218,-20.8077546693
24889000000,-0.137312220285,-0.0224555649003,-8.29174946888,-20.8424281682
24917000000,-0.137636594619,-0.0225082617654,-8.31104592627,-20.891463243
24975000000,-0.138127633004,-0.0225881630816,-8.34042864177,-20.965608431
25004000000,-0.138773155723,-0.0226935136966,-8.37921589164,-21.0633512312
25045000000,-0.139373363077,-0.0227912016137,-8.41511753101,-21.1540368367
25081000000,-0.139921927685,-0.0228803492643,-8.44787941429,-21.236787417
25120000000,-0.140427729425,-0.0229626624742,-8.47809647266,-21.3131754726
25159000000,-0.140827204266,-0.0230275728333,-8.50187616232,-21.3735306355
25217000000,-0.141140136377,-0.0230781922952,-8.52038604616,-21.4206374196
25241000000,-0.141373053816,-0.0231157521529,-8.53405936794,-21.4556516823
25279000000,-0.141569436911,-0.0231473336699,-8.54552225966,-21.4850828481
25324000000,-0.141735257629,-0.0231739553996,-8.55514688222,-21.5099571834
25365000000,-0.141932534864,-0.0232056836424,-8.56667179391,-21.5395048981
25407000000,-0.142157284165,-0.0232419921355,-8.57988467806,-21.5732765754
25443000000,-0.142405983046,-0.0232822352395,-8.59455606117,-21.6107169493
25485000000,-0.142762661709,-0.0233401423087,-8.61577356398,-21.6644532398
25523000000,-0.143215142101,-0.0234138098195,-8.64282123839,-21.7328502621
25568000000,-0.143594495785,-0.0234753967768,-8.66541016532,-21.7900237558
25601000000,-0.143903585351,-0.0235255308812,-8.68375165543,-21.836643059
25639000000,-0.144153405765,-0.0235658918532,-8.69848302085,-21.8741396392
25692000000,-0.144512165047,-0.023624210994,-8.71985043331,-21.9283090155
25728000000,-0.14497580151,-0.0236996280827,-8.74756109466,-21.9982342993
25761000000,-0.145348920282,-0.0237602919993,-8.76979866479,-22.0545143695
25800000000,-0.145641345516,-0.0238076743158,-8.78712757672,-22.0985290403
25841000000,-0.145868261706,-0.0238442978505,-8.80047633187,-22.1325572497
25878000000,-0.146224361221,-0.0239021154591,-8.82167031997,-22.1862535345
25920000000,-0.146710728259,-0.0239812253636,-8.85075604178,-22.2596316704
25971000000,-0.147201852296,-0.0240611653622,-8.88014236174,-22.3337865901
26014000000,-0.147688920047,-0.0241404257733,-8.90927957829,-22.4073208344
26062000000,-0.148172332482,-0.0242190761462,-8.93819249561,-22.4802534308
26087000000,-0.148512791077,-0.0242742577649,-8.95842199951,-22.5314783934
26126000000,-0.148720898316,-0.0243078570557,-8.97064502233,-22.5626809079
26163000000,-0.149071326695,-0.0243647536861,-8.99149839354,-22.6154584616
26202000000,-0.149561259578,-0.0244444998192,-9.0208143378,-22.689388469
26240000000,-0.150169285387,-0.024543592393,-9.05729490964,-22.7812150802
26299000000,-0.150727976473,-0.0246346018823,-9.09078292004,-22.8655797279
26324000000,-0.151241129162,-0.0247181328705,-9.12150401104,-22.9429897467
26368000000,-0.151535590834,-0.0247658498787,-9.13896148815,-22.9872778965
26409000000,-0.151654512789,-0.0247847607577,-9.14575826406,-23.0048569328
26440000000,-0.151620005461,-0.0247785819231,-9.14325840486,-22.9992545939
26491000000,-0.15146201746,-0.0247521050508,-9.13325168503,-22.9748398595
26525000000,-0.151204024437,-0.0247092798857,-9.11718643643,-22.935295636
26560000000,-0.151169694206,-0.0247030968848,-9.11469068662,-22.9296729905
26611000000,-0.151350686713,-0.0247321991798,-9.12526027229,-22.9566809704
26641000000,-0.151714088007,-0.0247912317164,-9.14690750535,-23.0114138422
26687000000,-0.152208457051,-0.0248716968222,-9.17649477499,-23.0859411753
26720000000,-0.152812229468,-0.0249701444631,-9.21273353544,-23.1771395991
26760000000,-0.153334773835,-0.0250552319725,-9.24403248343,-23.2559401966
26807000000,-0.153783837388,-0.0251282921896,-9.27087714559,-23.3236554396
26845000000,-0.154170635473,-0.0251910948232,-9.29393165233,-23.381856337
26888000000,-0.154549959691,-0.0252527040487,-9.3165398198,-23.4389149141
26924000000,-0.154924980214,-0.0253136580897,-9.33889880934,-23.4953751794
26966000000,-0.155315459954,-0.0253771285475,-9.36219253743,-23.5541699111
27003000000,-0.1557188828,-0.0254427057854,-9.38626891309,-23.6149143334
27075000000,-0.156132796932,-0.0255099995513,-9.41098184519,-23.6772439895
27080000000,-0.156424689969,-0.02555730404,-9.42829279917,-23.7210637005
27120000000,-0.156612084585,-0.0255874822129,-9.43926326072,-23.7490289734
27166000000,-0.156728751045,-0.025606060075,-9.44594052452,-23.7662588983
27216000000,-0.156787442493,-0.025615130696,-9.44909912593,-23.7746895499
27240000000,-0.156798036562,-0.0256163204783,-9.44934012508,-23.7758229271
27290000000,-0.156917795085,-0.0256353994881,-9.4562057005,-23.7935148936
27326000000,-0.157133679258,-0.0256702311346,-9.46890470526,-23.8257874316
27349000000,-0.157239718364,-0.0256870620401,-9.47493919826,-23.8413957275
27409000000,-0.157230369152,-0.0256849810473,-9.47397223709,-23.8394976221
27449000000,-0.157242825628,-0.0256864769317,-9.47433011973,-23.8409277914
27482000000,-0.15728677553,-0.0256931158734,-9.47659586906,-23.8471362015
27527000000,-0.157348827185,-0.0257028153808,-9.47998109528,-23.8560524209
27567000000,-0.157627219476,-0.0257479223424,-9.49648475997,-23.8978460603
27601000000,-0.158124797734,-0.0258289012665,-9.52627779643,-23.9727982052
27640000000,-0.158812942165,-0.0259409189659,-9.56759181106,-24.0765927953
27686000000,-0.159291847766,-0.0260192438974,-9.59650827286,-24.1489705462
27724000000,-0.159579593316,-0.0260664741196,-9.61385014342,-24.1924231099
27764000000,-0.15997696086,-0.0261315033956,-9.63779190681,-24.2526979065
27807000000,-0.160518187019,-0.0262196617621,-9.67034357967,-24.3343319397
27830000000,-0.161191739669,-0.0263295705508,-9.71092187965,-24.4360253301
27887000000,-0.161750846174,-0.0264208896203,-9.74458337388,-24.5204431504
27925000000,-0.16218178439,-0.0264911809876,-9.77045257607,-24.5854133376
27969000000,-0.162419614435,-0.0265297553362,-9.78458063944,-24.6210549822
28004000000,-0.162475078134,-0.0265384036724,-9.78762648746,-24.6290047488
28051000000,-0.162376390266,-0.0265217607058,-9.78130591989,-24.6135454967
28080000000,-0.162216966304,-0.0264951640027,-9.77129490256,-24.5888608572
28127000000,-0.162010470926,-0.0264608419321,-9.75842125706,-24.5570198026
28163000000,-0.161958334876,-0.0264518195429,-9.7549115905,-24.5485863015
28204000000,-0.162051791259,-0.0264666564322,-9.76023375069,-24.5622295724
28248000000,-0.162268771114,-0.0265017318001,-9.77304763088,-24.5945549729
28306000000,-0.162492367377,-0.0265379527749,-9.78627515985,-24.6279495521
28324000000,-0.162718052253,-0.0265742072807,-9.79955967738,-24.6615781655
28363000000,-0.162937121587,-0.0266096241104,-9.81249758352,-24.6942567173
28412000000,-0.163150383336,-0.0266440594037,-9.82507671815,-24.7260794803
28445000000,-0.163360079912,-0.0266779021253,-9.83743803855,-24.7573375281
28476000000,-0.163576676598,-0.0267128797571,-9.85021931476,-24.7896375769
28531000000,-0.16379996831,-0.0267489448397,-9.86340230335,-24.8227029293
28569000000,-0.163991582722,-0.0267800318351,-9.87471211261,-24.8512828067
28600000000,-0.164155768445,-0.0268064476514,-9.88431998198,-24.8756298167
28640000000,-0.164295885712,-0.0268288277981,-9.89244769437,-24.896259435
28686000000,-0.164243927008,-0.0268197460872,-9.88892468782,-24.8877418329
28729000000,-0.164015551199,-0.0267818031908,-9.8747089653,-24.8524809195
28766000000,-0.164008554349,-0.0267802675993,-9.87395667518,-24.8508685024
28801000000,-0.164207020925,-0.02681227627,-9.88564473886,-24.8803680436
28843000000,-0.164449349995,-0.0268514832936,-9.89999805056,-24.9165340317
28881000000,-0.1647222926,-0.0268957073452,-9.91621044901,-24.9573512654
28920000000,-0.165021078517,-0.0269441728201,-9.93399371601,-25.0020991788
28976000000,-0.165321873813,-0.0269929832974,-9.95190391122,-25.0471676237
29009000000,-0.165623985857,-0.0270419774324,-9.969888624,-25.0924309202
29044000000,-0.165927021215,-0.0270910913811,-9.98792389646,-25.1378302596
29091000000,-0.166225335892,-0.0271394310911,-10.0056740209,-25.182525234
29140000000,-0.166519403471,-0.0271870815933,-10.0231692092,-25.2265917292
29161000000,-0.166828550415,-0.0272371849597,-10.0415800841,-25.2732206831
29202000000,-0.167152752734,-0.0272895079507,-10.0608487662,-25.3217243011
29241000000,-0.167448984755,-0.0273375688327,-10.0784905082,-25.3660584812
29282000000,-0.16771999784,-0.0273816986264,-10.0946480479,-25.406736923
29322000000,-0.167970376471,-0.0274223812219,-10.1095389992,-25.4441899478
29361000000,-0.168170875199,-0.0274548498834,-10.1213989398,-25.4744235761
29402000000,-0.168328446943,-0.0274799452743,-10.1305787745,-25.4977935447
29441000000,-0.168449705376,-0.0274992600614,-10.1375924748,-25.5157029557
29480000000,-0.168466129914,-0.0275015526983,-10.1382808612,-25.5177916733
29521000000,-0.168392172168,-0.0274890777486,-10.1334957425,-25.5062017795
29571000000,-0.168411200985,-0.027491807625,-10.134336952,-25.5079021797
29604000000,-0.168507530252,-0.0275080263552,-10.1400538908,-25.5223036182
29648000000,-0.168672412942,-0.0275348939845,-10.1498051896,-25.5469660002
29682000000,-0.168920703511,-0.0275750375368,-10.1645307587,-25.5840551597
29720000000,-0.169239341985,-0.0276266292246,-10.183507838,-25.6317686358
29770000000,-0.169400127702,-0.0276523993907,-10.1929187172,-25.6555196587
29807000000,-0.16942499963,-0.0276560175063,-10.1941182705,-25.6593065165
29842000000,-0.169339916728,-0.0276410421475,-10.1885160836,-25.6454048547
29881000000,-0.169332161302,-0.0276393596481,-10.1877422772,-25.6435192357
29933000000,-0.169395387374,-0.0276494900425,-10.1913175529,-25.652568888
29967000000,-0.169511062464,-0.0276676508054,-10.1979472312,-25.6690905988
30002000000,-0.169666432752,-0.0276929226173,-10.2071230136,-25.692159298
30049000000,-0.169857363477,-0.0277237600354,-10.2184017281,-25.7205500296
30089000000,-0.170077308304,-0.027759235644,-10.2314173582,-25.7532296109
30135000000,-0.170320378378,-0.0277985783274,-10.2458562349,-25.789501158
30174000000,-0.170626554309,-0.0278482750722,-10.2641300275,-25.8352762647
30212000000,-0.170990455659,-0.0279075130971,-10.2859275838,-25.8899054462
30242000000,-0.171402398361,-0.0279745522218,-10.3106268894,-25.9517457175
30284000000,-0.171835517305,-0.0280450738353,-10.3366161762,-26.0168304112
30326000000,-0.172286793416,-0.0281185488555,-10.3636989565,-26.0841736034
30358000000,-0.17264537576,-0.028177216934,-10.3852433165,-26.1380491059
30401000000,-0.172917843014,-0.0282214791899,-10.4015026383,-26.1787459793
30441000000,-0.173118758368,-0.0282538609771,-10.4133884422,-26.2084724979
30482000000,-0.173272483725,-0.0282785534299,-10.4224232416,-26.2310307392
30528000000,-0.173388513629,-0.0282971662392,-10.4291950101,-26.2479090335
30560000000,-0.17341661292,-0.0283014030671,-10.4306422293,-26.251471474
30610000000,-0.173367186754,-0.0282929388291,-10.4273992878,-26.2441575215
30648000000,-0.173255978059,-0.0282732960757,-10.4201830235,-26.2262966456
30684000000,-0.173105522685,-0.0282476858529,-10.4106822274,-26.2025852991
30734000000,-0.172918481134,-0.0282165461035,-10.3990629549,-26.1735083769
30770000000,-0.172704450134,-0.028181125211,-10.3858370075,-26.140438715
30806000000,-0.172466723835,-0.0281417882042,-10.3711661924,-26.1038181001
30835000000,-0.172209200003,-0.0280991242928,-10.3552754606,-26.0640794993
30908000000,-0.172194853972,-0.0280963966503,-10.3541603213,-26.0613870171
30928000000,-0.172465537887,-0.0281399326403,-10.370240472,-26.101589335
30960000000,-0.17276015608,-0.0281881320784,-10.3879398344,-26.1458650129
31008000000,-0.173073702997,-0.0282393985965,-10.4067822774,-26.1929066063
31056000000,-0.173485364461,-0.0283068114689,-10.431595195,-26.2549570167
31101000000,-0.173984467566,-0.0283885133542,-10.4617118945,-26.3306496768
31123000000,-0.1745572358,-0.0284829703343,-10.4964574907,-26.4174943458
31164000000,-0.174989155864,-0.0285533218096,-10.5224240961,-26.4824312829
31210000000,-0.175298626229,-0.0286038625999,-10.5410169325,-26.5289632171
31225000000,-0.175499718598,-0.0286365849867,-10.5530222575,-26.5590535985
31283000000,-0.175621588051,-0.0286562529232,-10.5601965466,-26.5763413565
31333000000,-0.175670289044,-0.0286645306072,-10.5630628718,-26.5833888803
31359000000,-0.17584032792,-0.0286922736519,-10.5732050812,-26.6087152381
31413000000,-0.176117138552,-0.0287372780639,-10.5897765873,-26.6501466362
31455000000,-0.176235003157,-0.0287562288684,-10.5967053407,-26.6674168958
31484000000,-0.17620515277,-0.0287511018216,-10.5947096884,-26.6629267549
31528000000,-0.176052504296,-0.0287253098905,-10.5851461621,-26.6388220258
31561000000,-0.175781370362,-0.0286806671365,-10.5685141546,-26.5969927425
31607000000,-0.1754076848,-0.0286193864361,-10.5456979976,-26.5397675889
31645000000,-0.175289992522,-0.0285998978005,-10.5383822057,-26.5213426597
31682000000,-0.175394760842,-0.0286166721748,-10.5445237419,-26.5365712305
31715000000,-0.175693280447,-0.0286651156253,-10.562404788,-26.581129832
31763000000,-0.176167579831,-0.0287424326494,-10.5909684947,-26.6523605456
31815000000,-0.176795230134,-0.0288449518248,-10.6288553059,-26.7468691388
31843000000,-0.177365506455,-0.0289381577062,-10.663283417,-26.8327369034
31893000000,-0.177878184217,-0.0290219295035,-10.6942215103,-26.9099094986
31940000000,-0.178341982474,-0.0290976350764,-10.7221851176,-26.9796547204
31970000000,-0.178691751405,-0.0291549085901,-10.7432909608,-27.032195228
32016000000,-0.178942098545,-0.0291955613961,-10.7582935946,-27.0695348731
32044000000,-0.179105146357,-0.0292218724283,-10.7679935609,-27.0935670475
32099000000,-0.179090634828,-0.0292190987433,-10.7669249328,-27.0907043106
32124000000,-0.178918906934,-0.0291905239157,-10.7563049623,-27.0634297571
32154000000,-0.178674325717,-0.0291504125509,-10.7413509121,-27.0257778142
32221000000,-0.178375386608,-0.0291005596063,-10.7229206093,-26.9795047952
32252000000,-0.178216885554,-0.0290740594036,-10.7130920841,-26.9546576382
32281000000,-0.178179287873,-0.0290675895854,-10.7106600361,-26.9488228905
32330000000,-0.178249705323,-0.0290783327298,-10.7146862469,-26.9587277901
32361000000,-0.178359670136,-0.0290959118227,-10.7211868529,-26.9746410098
32403000000,-0.178502646686,-0.0291192696514,-10.7297711727,-26.99581829
32447000000,-0.178675405958,-0.0291475020824,-10.7401616114,-27.0214395744
32481000000,-0.178930142031,-0.0291891360299,-10.7555191225,-27.0595924629
32522000000,-0.179259824485,-0.0292429066058,-10.7753892965,-27.108620184
32570000000,-0.179478278839,-0.0292786874477,-10.7885615808,-27.1413698988
32605000000,-0.179595548782,-0.0292975711863,-10.7955335174,-27.1586296903
32649000000,-0.179624208751,-0.0293018814319,-10.7971200543,-27.1623680886
32711000000,-0.179563440847,-0.0292916720805,-10.7933127676,-27.15257766
32719000000,-0.179425711836,-0.0292690497038,-10.7848822842,-27.1312098166
32768000000,-0.179357832065,-0.029257961464,-10.7807764158,-27.1204505851
32809000000,-0.179360604357,-0.0292585817341,-10.7809744562,-27.1204081076
32851000000,-0.179425239134,-0.0292692847553,-10.784907965,-27.1298401229
32880000000,-0.179505258092,-0.0292823316251,-10.7897314969,-27.1414178304
32926000000,-0.179596377925,-0.0292971840653,-10.7952208444,-27.1547626504
32965000000,-0.179597803235,-0.0292972630968,-10.7952541348,-27.1548071183
33018000000,-0.179514549194,-0.0292832118881,-10.7900937387,-27.1415175596
33045000000,-0.17936129616,-0.0292579732347,-10.7807422699,-27.1177204277
33095000000,-0.179450846728,-0.029272657274,-10.7861515984,-27.1308551251
33126000000,-0.179766794117,-0.0293244199292,-10.8052922894,-27.1783455706
33165000000,-0.180091561307,-0.0293775652222,-10.8249472709,-27.2265810771
33199000000,-0.180417761254,-0.0294313176511,-10.8447653115,-27.2756417623
33239000000,-0.180747395958,-0.029485273921,-10.8647182377,-27.3251328094
33283000000,-0.180982903511,-0.0295235777971,-10.8789125808,-27.3602193171
33320000000,-0.181139511517,-0.0295489535479,-10.8883224226,-27.3833376082
33367000000,-0.181175400915,-0.0295546187755,-10.8904268463,-27.3881332226
33402000000,-0.181109037194,-0.0295436272175,-10.8863514867,-27.3774779148
33441000000,-0.180958115476,-0.0295187971494,-10.877151821,-27.3539913663
33501000000,-0.180784963338,-0.029490301106,-10.8666010082,-27.327118649
33528000000,-0.180595177274,-0.029459039327,-10.8550343347,-27.2977112339
33571000000,-0.18048900718,-0.0294414412421,-10.8485349976,-27.2808922383
33608000000,-0.18046089586,-0.0294366881582,-10.8467846792,-27.2759490119
33647000000,-0.180598573944,-0.0294591248564,-10.8551016632,-27.296172537
33683000000,-0.180892426825,-0.0295071514577,-10.8728973189,-27.3400841871
33723000000,-0.181318232233,-0.0295768033147,-10.8987026114,-27.4040073274
33764000000,-0.181682859328,-0.0296364457231,-10.9208063458,-27.4589661355
33809000000,-0.18198492374,-0.0296856523127,-10.9390817871,-27.5041355786
33842000000,-0.182231398587,-0.0297258745067,-10.9540114799,-27.5408775638
33884000000,-0.182338037515,-0.0297432338769,-10.9604288353,-27.5564191661
33922000000,-0.18233192843,-0.0297421017423,-10.9600104919,-27.5548662064
33960000000,-0.182298147248,-0.0297364553537,-10.9579242341,-27.5491164372
34019000000,-0.182242735059,-0.0297272799577,-10.9545308092,-27.5397667249
34042000000,-0.18216756563,-0.0297152590669,-10.9500249519,-27.5279747493
34081000000,-0.182129206204,-0.0297090800861,-10.9477266683,-27.5219039718
34131000000,-0.182124998954,-0.0297082676151,-10.9474600827,-27.5206490222
34163000000,-0.182113495407,-0.0297064478883,-10.9467944197,-27.5183809723
34201000000,-0.182085323069,-0.0297019656531,-10.9451373872,-27.5135846584
34240000000,-0.182042866918,-0.0296951547801,-10.9426189963,-27.5066303533
34291000000,-0.182261185309,-0.0297310263079,-10.9559166614,-27.5392634991
34322000000,-0.182685889177,-0.0298006242706,-10.9817194402,-27.6030819641
34362000000,-0.183186102719,-0.0298821965044,-11.0120155553,-27.6782515283
34400000000,-0.183357401573,-0.0299103190559,-11.0224589725,-27.7036514382
34446000000,-0.183461593675,-0.0299274789341,-11.0288421434,-27.7189654601
34487000000,-0.183659309338,-0.0299599253408,-11.0408959377,-27.7483775306
34526000000,-0.183936066761,-0.0300053861966,-11.0577608368,-27.789799252
34567000000,-0.184076070875,-0.0300284606481,-11.0663368221,-27.8105317689
34593000000,-0.184101316972,-0.0300326736535,-11.0679410473,-27.8138091918
34644000000,-0.184026310837,-0.0300204291931,-11.0634594067,-27.8019655051
34683000000,-0.183880398263,-0.0299964837031,-11.054658642,-27.7789114778
34733000000,-0.183672105772,-0.0299626076324,-11.0421406002,-27.7474568104
34774000000,-0.183570366761,-0.0299454369102,-11.035929026,-27.7301689419
34799000000,-0.183558506294,-0.029944205254,-11.0354286718,-27.7295161488
34839000000,-0.183632907492,-0.0299554035735,-11.0398119491,-27.7379977063
34886000000,-0.183564538795,-0.029939599548,-11.0346719173,-27.7267849446
34920000000,-0.183314947592,-0.0299036443783,-11.0207492915,-27.6890567263
34963000000,-0.18322847587,-0.0298904519016,-11.0157925059,-27.6769908055
35025000000,-0.183363107975,-0.0299124643306,-11.0240659111,-27.6968517462
35046000000,-0.183677278093,-0.0299643383825,-11.0432884437,-27.7422096957
35088000000,-0.183754597703,-0.0299785918795,-11.04840637,-27.7568335412
35134000000,-0.18363346548,-0.0299572636972,-11.040848844,-27.7334964758
35162000000,-0.183419814103,-0.0299250187672,-11.0285415299,-27.7056307148
35217000000,-0.183181363028,-0.0298848961577,-11.0139889183,-27.6642779748
35225000000,-0.182892174439,-0.0298413802577,-10.9973364874,-27.6253211625
35289000000,-0.182813065394,-0.0298268422293,-10.9923654075,-27.6089765959
35321000000,-0.182903638283,-0.0298436217644,-10.9983549956,-27.6254824838
35384000000,-0.182967656864,-0.029853466838,-11.0022721423,-27.6333567012
35400000000,-0.182996244856,-0.0298572885219,-11.0038988929,-27.6359672642
