%time,field
2000000,0.0
16000000,-1.03848347526e-27
26000000,1.81042315512e-26
35000000,-7.58431097896e-25
42000000,-2.85711056922e-24
59000000,1.29987508046e-25
82000000,3.83868213546e-25
82000000,1.16686411515e-24
118000000,-2.92751192734e-25
118000000,2.46101303153e-24
123000000,3.90387633991e-24
139000000,-4.3401126029e-19
151000000,6.62875805204e-15
169000000,1.54740512199e-15
169000000,7.54660325666e-07
172000000,1.80528359328e-06
182000000,2.01311246168e-06
192000000,3.33959693875e-06
202000000,2.98354550441e-06
211000000,3.98267768674e-06
220000000,3.37065816449e-06
231000000,-0.000655227029762
241000000,-0.00128386245346
251000000,-0.00187837531614
251000000,-0.00248264415332
273000000,-0.00303698759376
281000000,-0.00354039555862
291000000,-0.00399223255882
301000000,-0.00439340737433
309000000,-0.00474505378319
319000000,-0.0050510802418
330000000,-0.00521453452146
341000000,-0.00496910651381
351000000,-0.00470539976902
358000000,-0.00439560468463
364000000,-0.00406584548569
378000000,-0.00375121026476
392000000,-0.00340186208157
402000000,-0.00303286991584
412000000,-0.00268822897285
421000000,-0.00236065259897
430000000,-0.00205528842027
438000000,-0.0017807516839
441000000,-0.00153592416592
457000000,-0.0013179987684
471000000,-0.00112597593051
477000000,-0.000961757385887
482000000,-0.000823171769856
482000000,-0.000707888711168
511000000,-0.000603584650234
521000000,-0.000517415109866
524000000,-0.000448359082652
524000000,-0.000394333511977
549000000,-0.000345655012898
562000000,-0.000301126913027
562000000,-0.000267082854193
569000000,-0.000242061114942
592000000,-0.000212903705714
597000000,-0.000188009800084
613000000,-0.0001694152315
625000000,-0.000156199917714
631000000,-0.000147521427304
647000000,-0.000131030304128
651000000,-0.000118320680515
660000000,-0.000106771126263
673000000,-8.99237560584e-05
685000000,-7.60615822534e-05
691000000,-6.48638001839e-05
701000000,-5.19673430436e-05
708000000,-4.0926630493e-05
720000000,-3.19595645274e-05
731000000,-2.482369659e-05
738000000,-1.51897546516e-05
749000000,-7.1941394992e-06
762000000,-6.68709233848e-07
771000000,4.55084101034e-06
781000000,9.82675787822e-06
792000000,1.67758088978e-05
801000000,2.26217072625e-05
810000000,2.74666883803e-05
811000000,3.14141526372e-05
828000000,3.83408612567e-05
839000000,4.43386243389e-05
846000000,4.94721346073e-05
859000000,5.38075900426e-05
869000000,5.74152233328e-05
877000000,6.03683285364e-05
889000000,6.60333286792e-05
902000000,7.13428816233e-05
904000000,7.59830837431e-05
918000000,8.398156715e-05
931000000,9.1557545789e-05
938000000,9.82790651872e-05
945000000,0.000105592552707
961000000,0.000113420103343
970000000,0.000120334013128
981000000,0.000126372695867
981000000,0.000131588277784
994000000,0.000136037146837
1009000000,0.000141358146554
1020000000,0.000147483547788
1029000000,0.000154410860766
1038000000,0.000162820204559
1050000000,0.000170298787966
1062000000,0.000177397123901
1072000000,0.0001856392589
1081000000,0.000192917802522
1090000000,0.000199272823578
1100000000,0.000204757767058
1107000000,0.000209434030203
1121000000,0.000214857726186
1130000000,0.000220971678411
1139000000,0.000226290280467
1150000000,0.000231146286411
1161000000,0.000237763722483
1169000000,0.000243579634107
1178000000,0.000248633839474
1192000000,0.000254890834815
1200000000,0.000260840251291
1208000000,0.00026602675807
1224000000,0.000270496337895
1228000000,0.00027470198996
1235000000,0.000279800031721
1241000000,0.000284223927906
1257000000,0.000289021815314
1268000000,0.000293597470183
1282000000,0.000297547680642
1287000000,0.00030091672422
1300000000,0.000303754250217
1311000000,0.000306109831617
1320000000,0.00030887716367
1332000000,0.000311205518682
1341000000,0.00031313560795
1351000000,0.000314814054375
1361000000,0.000316195417237
1372000000,0.000317291900738
1381000000,0.000318141582371
1390000000,0.000318012207081
1400000000,0.000317741180714
1408000000,0.000317364252443
1420000000,0.000316912498178
1430000000,0.000315524795332
1440000000,0.000313587470959
1446000000,0.000311741173348
1458000000,0.000310002386802
1470000000,0.000307362693738
1482000000,0.000303420127143
1488000000,0.000299776512296
1502000000,0.000296450507426
1511000000,0.000290154869644
1520000000,0.000284386604538
1529000000,0.000277847087367
1541000000,0.000268941112469
1550000000,0.000260836982813
1561000000,0.000253546286568
1565000000,0.000247060506258
1566000000,0.000241355149597
1591000000,0.000234784237913
1596000000,0.000225392301196
1608000000,0.00021697127501
1608000000,0.000209503145068
1608000000,0.000202952844816
1634000000,0.000197273254269
1634000000,0.000192407739909
1661000000,0.000181408288479
1671000000,0.000163635892262
1685000000,0.000147429349451
1696000000,0.000132817144395
1702000000,0.000119788104073
1712000000,0.000102225772441
1722000000,8.58436431746e-05
1755000000,7.13051862914e-05
1755000000,5.85479164398e-05
1772000000,4.74813375191e-05
1772000000,2.99482375652e-05
1788000000,2.32317967368e-05
1792000000,1.52070825753e-05
1802000000,-2.03498711891e-06
1813000000,-2.21547228485e-05
1823000000,-4.6778182239e-05
1832000000,-7.17383384053e-05
1842000000,-9.41519677932e-05
1862000000,-0.000114056302613
1864000000,-0.000131536552343
1872000000,-0.00013244654271
1882000000,-0.000126092947944
1890000000,-0.000119095645642
1900000000,-0.000111752975353
1910000000,-0.000106581570368
1912000000,-0.000101892335588
1925000000,-9.72398316392e-05
1939000000,-9.77764203156e-05
1950000000,-0.000103146502012
1959000000,-0.000108123528978
1969000000,-0.000112678121202
1979000000,-0.000116794794319
1984000000,-0.00012777360145
1994000000,-0.000140898269485
2008000000,-0.000152927414594
2017000000,-0.000168392966587
2025000000,-0.000186904167238
2025000000,-0.000203712596366
2048000000,-0.000218801322946
2054000000,-0.000239058493765
2060000000,-0.000258011362594
2081000000,-0.000274894159467
2088000000,-0.000292264338075
2099000000,-0.000311220815454
2111000000,-0.000327980852295
2122000000,-0.0003426345804
2129000000,-0.000355297872588
2142000000,-0.000367091164012
2153000000,-0.000380952534436
2161000000,-0.000392966531375
2168000000,-0.000403255008763
2178000000,-0.000413998277376
2188000000,-0.000424485326155
2205000000,-0.000433447995049
2212000000,-0.000441005614179
2237000000,-0.00044728687295
2237000000,-0.000452419908682
2237000000,-0.000456531921172
2250000000,-0.000461091192284
2256000000,-0.000465141691889
2269000000,-0.000468497926489
2282000000,-0.000471158567091
2291000000,-0.000473209740356
2302000000,-0.000474733275828
2308000000,-0.000475105365617
2320000000,-0.000473547429139
2332000000,-0.000471374904567
2342000000,-0.000465345053307
2350000000,-0.000459544382957
2361000000,-0.000454050087752
2371000000,-0.00044891890515
2381000000,-0.000444186716131
2392000000,-0.000435809698036
2400000000,-0.000426406243933
2409000000,-0.000417813091216
2421000000,-0.000410053148629
2432000000,-0.000402285578536
2440000000,-0.000388045169838
2450000000,-0.000375076745156
2461000000,-0.000358331644901
2470000000,-0.000338227186954
2481000000,-0.00032001769268
2489000000,-0.000303711387358
2500000000,-0.000289271932217
2509000000,-0.000276622233362
2520000000,-0.000254501823268
2533000000,-0.000234634810362
2537000000,-0.000216987766337
2552000000,-0.000201487372206
2558000000,-0.000183577932306
2569000000,-0.000157861989298
2580000000,-0.000134825302562
2589000000,-0.000111197045695
2601000000,-7.7751581132e-05
2610000000,-4.76769221784e-05
2616000000,-1.7537703679e-05
2632000000,2.24084426366e-05
2641000000,5.82437304167e-05
2650000000,9.00341022046e-05
2663000000,0.000130343352911
2673000000,0.000171404221262
2682000000,0.000207841215238
2688000000,0.000239818785113
2697000000,0.000267563530792
2705000000,0.00030092424057
2717000000,0.000339394049433
2743000000,0.000373301324496
2743000000,0.000402856796484
2752000000,0.000428321556942
2762000000,0.00045394936918
2772000000,0.000491288773036
2785000000,0.000534492966838
2815000000,0.000582879645227
2815000000,0.000664041498412
2833000000,0.000697197001611
2833000000,0.000725769415785
2849000000,0.000761496189703
2862000000,0.000797408069261
2866000000,0.000828709894372
2873000000,0.00086776818396
2882000000,0.000913876298644
2909000000,0.000954747257587
2909000000,0.000990574743048
2912000000,0.00102508810327
2920000000,0.00106843463465
2932000000,0.00110660974654
2938000000,0.00113987480745
2951000000,0.0011685310325
2960000000,0.00120921636769
2971000000,0.0012450006846
2982000000,0.00129978588536
2989000000,0.00144103684662
3002000000,0.00157099902494
3003000000,0.00168915250163
3013000000,0.00179535253524
3032000000,0.001889757402
3040000000,0.00201048924298
3043000000,0.00211808365921
3060000000,0.00221291504133
3071000000,0.00231042135551
3079000000,0.00239561398854
3080000000,0.00246915667575
3080000000,0.0025318723815
3108000000,0.00259314669009
3121000000,0.00264578296114
3125000000,0.00268969228503
3140000000,0.00272573841085
3152000000,0.0027622712663
3161000000,0.00279298984814
3163000000,0.00281776581759
3173000000,0.00283730150238
3191000000,0.00285839686134
3201000000,0.0028758432941
3205000000,0.00288946918005
3221000000,0.00290018525887
3231000000,0.0029116080105
3241000000,0.00292037587562
3245000000,0.00292685525578
3262000000,0.00293137385006
3272000000,0.00293400181609
3280000000,0.00293524799186
3292000000,0.00293539731012
3298000000,0.00293467850678
3306000000,0.00292904846663
3313000000,0.00292214932943
3330000000,0.00291524822815
3337000000,0.00290345677816
3349000000,0.00288731666784
3349000000,0.0028721708095
3370000000,0.00285814898934
3376000000,0.00284528278732
3389000000,0.00281809574971
3396000000,0.00279308367366
3410000000,0.00277032789483
3423000000,0.00274985314848
3429000000,0.0027134013419
3440000000,0.00267578704833
3446000000,0.00264178560692
3461000000,0.00261140082793
3462000000,0.00243467523063
3470000000,0.0021751047401
3486000000,0.00193482122543
3486000000,0.00171510802569
3486000000,0.00137625747443
3486000000,0.00105225463137
3509000000,0.000759413123905
3509000000,0.000497695445006
3509000000,0.000266342568842
3561000000,1.64736200046e-06
3569000000,-0.000271972531459
3579000000,-0.000519543310397
3592000000,-0.000790669556905
3602000000,-0.00102899616969
3612000000,-0.00123612365946
3621000000,-0.00142979026444
3630000000,-0.00161088730215
3643000000,-0.00176529890142
3651000000,-0.00189522046716
3660000000,-0.00198142372731
3667000000,-0.00202801676104
3677000000,-0.00205969263001
3683000000,-0.00207889565645
3699000000,-0.00208784870552
3707000000,-0.00205446131682
3716000000,-0.002012896268
3727000000,-0.00196887134674
3735000000,-0.00192388697989
3750000000,-0.00177853893785
3760000000,-0.00162955156924
3768000000,-0.00149007321671
3787000000,-0.00135720219718
3799000000,-0.0012267000607
3801000000,-0.00110852310443
3811000000,-0.00100270173974
3821000000,-0.000908983584616
3831000000,-0.000826897626647
3835000000,-0.000755813574222
3846000000,-0.00070956525074
3861000000,-0.000676038670107
3871000000,-0.000666067638773
3879000000,-0.000661475782934
3883000000,-0.000661224136085
3883000000,-0.00066439665226
3883000000,-0.000670192578939
3929000000,-0.000677926160382
3932000000,-0.000693920484006
3942000000,-0.000727454859668
3952000000,-0.000761296113049
3955000000,-0.000793488510377
3962000000,-0.000823660553929
3962000000,-0.000851562179689
3987000000,-0.000880328532876
3999000000,-0.000911220620776
4011000000,-0.000939123321876
4022000000,-0.000972578687996
4031000000,-0.00100260927517
4032000000,-0.00102926909195
4032000000,-0.00105267608946
4037000000,-0.00107299004118
4037000000,-0.0010904083862
4080000000,-0.00110799048038
4091000000,-0.00112711491188
4102000000,-0.00114760043771
4115000000,-0.00116582463131
4119000000,-0.00118150136974
4129000000,-0.00119481504401
4141000000,-0.00120619154599
4151000000,-0.00121648773542
4161000000,-0.00122495907787
4171000000,-0.00123180369692
4182000000,-0.00123499605919
4192000000,-0.00123653399501
4201000000,-0.00123718241922
4206000000,-0.00123710519648
4220000000,-0.0012307549868
4230000000,-0.00122291524354
4240000000,-0.00121522857048
4250000000,-0.00120783801541
4260000000,-0.00119611968811
4268000000,-0.00117824436619
4281000000,-0.00116163005622
4285000000,-0.00114637342449
4285000000,-0.00113252351534
4286000000,-0.00112009075451
4321000000,-0.00110740078413
4325000000,-0.00108163935984
4325000000,-0.00105816546471
4352000000,-0.000910567834939
4358000000,-0.000690620987309
4368000000,-0.000486645496939
4368000000,-0.000238726027424
4383000000,4.74139234643e-05
4397000000,0.000307953590205
4402000000,0.000542475618627
4402000000,0.00075124149236
4426000000,0.000948054040497
4438000000,0.00117100736599
4445000000,0.00136765861995
4445000000,0.00153917358409
4445000000,0.00169308019687
4475000000,0.00184824373765
4480000000,0.00198142384913
4480000000,0.00209430638157
4511000000,0.00218866768364
4518000000,0.00226641819684
4521000000,0.0023292520866
4538000000,0.00237891680015
4552000000,0.00241241740851
4559000000,0.00242945020428
4562000000,0.0024387746953
4562000000,0.00244181395473
4592000000,0.00242032074138
4602000000,0.00239132681106
4604000000,0.00236100816154
4605000000,0.00233032013508
4605000000,0.00230002503528
4629000000,0.00226167123169
4629000000,0.00220470795141
4638000000,0.00215136975152
4672000000,0.00209535288391
4681000000,0.00201780511339
4692000000,0.00194670275958
4701000000,0.0018537146789
4712000000,0.00176218345243
4721000000,0.001679611829
4731000000,0.00160594462745
4738000000,0.00155363839956
4749000000,0.00151022266491
4759000000,0.00147364338399
4771000000,0.00144327068646
4778000000,0.00141847236152
4788000000,0.00140244136555
4801000000,0.00139050963419
4810000000,0.00138207181401
4819000000,0.00137655909821
4830000000,0.00137111874508
4840000000,0.00136780656839
4850000000,0.00136624950516
4860000000,0.00136151832662
4872000000,0.00131792117196
4880000000,0.00127792848713
4890000000,0.00124166932993
4900000000,0.00120180184697
4910000000,0.00115542142847
4918000000,0.0011137542482
4928000000,0.00107673887495
4940000000,0.00104420153106
4947000000,0.00100327945407
4954000000,0.000967102086086
4971000000,0.000935474990721
4981000000,0.000894725301859
4990000000,0.00085738096443
5000000000,0.000824732719445
5008000000,0.000796502654794
5021000000,0.00077039772667
5031000000,0.000730849098747
5032000000,0.000695915180941
5047000000,0.000665405358111
5056000000,0.000639070297582
5068000000,0.000601818587659
5075000000,0.000559388542361
5086000000,0.000521781891988
5094000000,0.00048881447404
5109000000,0.000460240357644
5121000000,0.000435773759415
5130000000,0.000415097501343
5138000000,0.000369504660653
5149000000,0.000328746790031
5155000000,0.000267209945132
5156000000,0.000195139879861
5156000000,0.000130098619838
5184000000,7.2058137054e-05
5189000000,5.64547267195e-08
5204000000,-7.28525037655e-05
5221000000,-0.000152416045753
5231000000,-0.000244875592121
5240000000,-0.000327555517232
5252000000,-0.000400678616855
5258000000,-0.000492476315262
5269000000,-0.000585575058137
5280000000,-0.000667964817695
5291000000,-0.000740058644139
5300000000,-0.000828949620981
5306000000,-0.000923857248771
5318000000,-0.00100760635214
5325000000,-0.00108068467778
5338000000,-0.00121029375908
5348000000,-0.0014759876919
5360000000,-0.0017194263509
5372000000,-0.00193988003338
5380000000,-0.00217549303931
5392000000,-0.00244145147106
5403000000,-0.00267970734091
5409000000,-0.00289079085156
5427000000,-0.00307572904122
5427000000,-0.0032522210948
5441000000,-0.00341524106433
5452000000,-0.00355522239734
5463000000,-0.00366089579828
5472000000,-0.00374246743441
5482000000,-0.00380771892261
5502000000,-0.00385864286294
5515000000,-0.00389713109348
5515000000,-0.00392495207536
5522000000,-0.00394373853986
5522000000,-0.00395497811445
5541000000,-0.00395107050017
5551000000,-0.00390783275603
5560000000,-0.00381717013923
5572000000,-0.0036842449085
5579000000,-0.00355828539109
5591000000,-0.00340994736018
5597000000,-0.00324269124292
5607000000,-0.00308901976738
5620000000,-0.00294929227009
5634000000,-0.00275779109516
5645000000,-0.00258435366567
5651000000,-0.00242904086474
5660000000,-0.00229147918197
5668000000,-0.00210711839547
5678000000,-0.00194275551202
5688000000,-0.00179782681024
5700000000,-0.00167146124749
5709000000,-0.00149935566342
5718000000,-0.001347289599
5731000000,-0.0012144197663
5740000000,-0.0010527162263
5749000000,-0.000905573552668
5760000000,-0.000777411190338
5768000000,-0.000667079902311
5779000000,-0.000550192274772
5789000000,-0.000416055140739
5801000000,-0.000299265738043
5817000000,-0.000198744091873
5820000000,-9.42339483989e-05
5829000000,1.39356450677e-05
5841000000,0.000107190060917
5844000000,0.000186594225363
5861000000,0.000257510705221
5873000000,0.000353599855937
5878000000,0.000436859543036
5887000000,0.000508153966936
5901000000,0.000568426180044
5911000000,0.000618661881688
5920000000,0.000683781346682
5921000000,0.000741993029433
5936000000,0.000791296793088
5937000000,0.000840935406497
5937000000,0.000901990723245
5970000000,0.000879218360216
5981000000,0.000742754064028
5992000000,0.000611160937652
6003000000,0.000486347075414
6005000000,0.000369662522541
6005000000,0.000261994314707
6029000000,0.00016385218334
6029000000,7.54181174148e-05
6044000000,-2.55543694569e-05
6059000000,-0.000130091532327
6070000000,-0.000222599877331
6079000000,-0.000302531874114
6080000000,-0.000372109963324
6099000000,-0.000431961343605
6111000000,-0.000476242769703
6121000000,-0.000487103807676
6126000000,-0.000492524164688
6126000000,-0.000493541944092
6152000000,-0.000484112437618
6156000000,-0.000445278773593
6171000000,-0.000406570353663
6181000000,-0.000368818037346
6192000000,-0.000304340136841
6200000000,-0.000236966583099
6212000000,-0.000174344894155
6219000000,-0.00011485542939
6231000000,0.000148061250967
6238000000,0.000415071307123
6248000000,0.000660968322603
6259000000,0.000884732432872
6269000000,0.00119695634512
6269000000,0.00149230525741
6292000000,0.00175777294193
6301000000,0.00201340504203
6311000000,0.00228405420999
6318000000,0.00252350305181
6331000000,0.00273300530928
6343000000,0.00291421656706
6352000000,0.00306907073392
6360000000,0.00321035927991
6371000000,0.00333343259089
6382000000,0.00343569125174
6391000000,0.00346236869685
6398000000,0.00342036452552
6412000000,0.00337108306577
6422000000,0.00331200063729
6435000000,0.00324861654078
6440000000,0.00318504454104
6449000000,0.00312274464733
6459000000,0.00306731521316
6473000000,0.00303227881861
6481000000,0.00299967168943
6491000000,0.00296970306832
6501000000,0.00295507294612
6504000000,0.00295474016084
6519000000,0.00295551813865
6519000000,0.00295715627772
6519000000,0.00295942271168
6519000000,0.00296212275793
6519000000,0.00296509773463
6519000000,0.00296998405214
6561000000,0.00299028261752
6575000000,0.00300948543852
6575000000,0.00302740072455
6608000000,0.0030500377447
6620000000,0.00296850290405
6630000000,0.00284587850473
6640000000,0.00273110892367
6641000000,0.00262510202307
6641000000,0.00252837773912
6669000000,0.00234336173304
6678000000,0.00214981290239
6691000000,0.00195692050719
6700000000,0.00171757058571
6711000000,0.00150075267003
6720000000,0.00130655229864
6726000000,0.00113453016606
6727000000,0.000983849848258
6727000000,0.000853361541066
6764000000,0.00074168167706
6772000000,0.000599622681835
6781000000,0.00045624528277
6785000000,0.000278035020096
6800000000,0.00012059847408
6803000000,-1.69299487627e-05
6821000000,-0.000135682369161
6823000000,-0.000268782222734
6841000000,-0.000387409534308
6851000000,-0.000489122138743
6860000000,-0.000597279455604
6869000000,-0.000692255294603
6880000000,-0.000772724950284
6890000000,-0.000839948471745
6901000000,-0.000895244417754
6911000000,-0.000948361421276
6921000000,-0.000993584430715
6929000000,-0.00102992384821
6940000000,-0.00105995279517
6951000000,-0.00109591045717
6960000000,-0.00112512203846
6969000000,-0.00114836873989
6980000000,-0.00113193407796
6989000000,-0.000978658908917
7001000000,-0.000832080236826
7010000000,-0.000694055775272
7022000000,-0.000561705317199
7030000000,-0.000403805067717
7040000000,-0.000259388171044
7049000000,-0.000128844404775
7064000000,-1.2159092296e-05
7071000000,8.05071520416e-05
7077000000,0.000160837742431
7085000000,0.000229653618314
7098000000,0.000236286822814
7112000000,0.000119032407081
7121000000,3.77656921915e-06
7129000000,-0.000107330314629
7140000000,-0.000212680862402
7151000000,-0.000403723619115
7159000000,-0.000581506204285
7170000000,-0.000744850938602
7182000000,-0.000909639959864
7191000000,-0.00109578206053
7202000000,-0.00126357417781
7203000000,-0.00141314841443
7213000000,-0.00154501438645
7228000000,-0.00167941283124
7239000000,-0.00179672310132
7245000000,-0.00189793162771
7250000000,-0.00198418168505
7267000000,-0.00205696543506
7279000000,-0.00211733100081
7283000000,-0.00216653385637
7285000000,-0.00220583279265
7305000000,-0.00223283326634
7313000000,-0.00224430190979
7326000000,-0.00225005634856
7339000000,-0.00225118134866
7351000000,-0.00219206001579
7359000000,-0.00212738121966
7371000000,-0.00206485058483
7376000000,-0.00200540996835
7389000000,-0.00194919991937
7400000000,-0.00189255841177
7408000000,-0.0018407029808
7422000000,-0.00179377798038
7431000000,-0.0017517849698
7441000000,-0.00171967449982
7450000000,-0.00169682694647
7461000000,-0.00168693422629
7472000000,-0.00168081754989
7479000000,-0.00167700523066
7486000000,-0.0016750905402
7497000000,-0.00167470968734
7507000000,-0.00167554286634
7520000000,-0.00168097130388
7527000000,-0.00168925826377
7528000000,-0.00169764522141
7551000000,-0.00170647126721
7564000000,-0.00171713988594
7571000000,-0.00172723280882
7581000000,-0.00173489624644
7593000000,-0.00174172715759
7595000000,-0.00174790742608
7604000000,-0.00175344002865
7618000000,-0.00175833631121
7631000000,-0.00176205599514
7639000000,-0.0017605040287
7644000000,-0.0017587224186
7644000000,-0.00175680017545
7658000000,-0.00175481299445
7680000000,-0.00174439945288
7692000000,-0.00173365617485
7701000000,-0.000547063525854
7710000000,0.00133327151008
7726000000,0.00308487320185
7726000000,0.00469579649494
7726000000,0.00615977031865
7726000000,0.00747514528681
7726000000,0.00956391573392
7727000000,0.0135487027302
7727000000,0.0172078887936
7727000000,0.0205285260384
7802000000,0.0267023689919
7806000000,0.0323469438329
7821000000,0.03927926391
7833000000,0.046749961758
7842000000,0.0534918451682
7845000000,0.0595083846539
7861000000,0.064818526091
7875000000,0.0694530088222
7875000000,0.0734512044964
7892000000,0.0780962678496
7902000000,0.0835925256297
7913000000,0.0907033845227
7923000000,0.0970423817471
7943000000,0.102630947556
7943000000,0.107502853139
7951000000,0.112105818866
7962000000,0.116651812278
7971000000,0.1205611179
7981000000,0.124186641763
7991000000,0.127453502398
8002000000,0.130199778969
8010000000,0.132474084624
8021000000,0.134325379391
8030000000,0.135801918044
8041000000,0.137094717046
8051000000,0.138134397686
8065000000,0.138442211161
8075000000,0.138559011584
8084000000,0.138522349776
8101000000,0.138365354865
8118000000,0.138117142383
8118000000,0.13780277296
8123000000,0.137443635965
8133000000,0.136400335957
8142000000,0.134217894269
8151000000,0.132040039587
8158000000,0.130004573019
8170000000,0.128126956596
8181000000,0.126416062505
8189000000,0.124167923647
8197000000,0.121096667994
8212000000,0.118300342578
8221000000,0.115782470061
8230000000,0.112933998775
8241000000,0.109502595966
8250000000,0.106422360006
8257000000,0.10368823125
8267000000,0.0996397138847
8280000000,0.0953177647919
8286000000,0.0911176557763
8298000000,0.08609542556
8310000000,0.0815988234868
8319000000,0.0776175946801
8329000000,0.0741321021127
8341000000,0.0711161036678
8347000000,0.0685374918091
8361000000,0.0645573411183
8370000000,0.0606105216094
8382000000,0.0569639013328
8397000000,0.052218173231
8412000000,0.0480065979275
8412000000,0.0443110230126
8420000000,0.0411052355033
8428000000,0.0383557553266
8440000000,0.0359014692645
8449000000,0.0327386170298
8460000000,0.0299971803591
8472000000,0.0263931794782
8483000000,0.0224111566908
8486000000,0.0188976490824
8501000000,0.0158308918973
8512000000,0.0121383210565
8522000000,0.00846727325522
8525000000,0.00525261143916
8526000000,0.00247017173211
8550000000,-0.00102827178834
8559000000,-0.00481540370075
8571000000,-0.00814312607636
8579000000,-0.0110353731095
8591000000,-0.013870162576
8602000000,-0.0168193405426
8611000000,-0.0193682986592
8619000000,-0.0220148730894
8632000000,-0.0253603710718
8641000000,-0.0282963096336
8650000000,-0.0308448870495
8662000000,-0.0330314075301
8673000000,-0.0352321587511
8695000000,-0.0373332753641
8695000000,-0.0391206944101
8702000000,-0.0406202257246
8711000000,-0.042370372212
8722000000,-0.0443506821204
8732000000,-0.0460602524496
8744000000,-0.0478626938055
8748000000,-0.0494129924246
8767000000,-0.0507293560778
8769000000,-0.0518313583853
8782000000,-0.0527391374216
8790000000,-0.0536856795203
8800000000,-0.0547767201832
8812000000,-0.0557012727561
8821000000,-0.0564890864618
8829000000,-0.0572733456642
8840000000,-0.0579251997714
8850000000,-0.0584575206594
8862000000,-0.0588839615065
8868000000,-0.059148860606
8879000000,-0.0593374615036
8891000000,-0.0594615495717
8901000000,-0.0595370180112
8911000000,-0.059588720586
8919000000,-0.0596026404604
8931000000,-0.0595863972296
8940000000,-0.0595470758544
8951000000,-0.0594904082916
8962000000,-0.0591264412086
8971000000,-0.0586996988388
8981000000,-0.0582922942872
8991000000,-0.0578356473253
9002000000,-0.0573035080434
9010000000,-0.0568126138749
9020000000,-0.0563651675589
9032000000,-0.0558173157151
9041000000,-0.0549929002201
9050000000,-0.0542406285511
9059000000,-0.0535618112946
9070000000,-0.0527066382821
9082000000,-0.0517772646731
9091000000,-0.0509426911306
9101000000,-0.0502013703275
9112000000,-0.0491034606597
9122000000,-0.0480087910107
9130000000,-0.0470312367933
9140000000,-0.0461676994268
9152000000,-0.0449502201159
9161000000,-0.0437504251338
9170000000,-0.0426848395451
9180000000,-0.0414128848392
9191000000,-0.0400681209745
9202000000,-0.0388745803654
9210000000,-0.0378268483232
9228000000,-0.0369173689217
9235000000,-0.0361369697131
9242000000,-0.0350408206767
9259000000,-0.033796463775
9267000000,-0.0326971000194
9271000000,-0.031736541788
9281000000,-0.0300411678846
9290000000,-0.0285199591396
9302000000,-0.0270976554839
9312000000,-0.025212261261
9321000000,-0.0235264271595
9325000000,-0.0220355257192
9325000000,-0.0207316085987
9326000000,-0.0196042456079
9358000000,-0.0183678781242
9370000000,-0.0166766836633
9370000000,-0.0151790124042
9390000000,-0.013523358115
9400000000,-0.0117325080398
9400000000,-0.0101495453155
9400000000,-0.00876588327043
9400000000,-0.00757039323091
9438000000,-0.00636016179252
9452000000,-0.00458231935522
9461000000,-0.00267065875006
9473000000,-0.000645742030963
9480000000,0.00115088215561
9491000000,0.00272730661907
9493000000,0.00409475140042
9493000000,0.00526691085797
9523000000,0.00625939076341
9539000000,0.00778449989455
9541000000,0.00929011153382
9551000000,0.0110771973493
9562000000,0.0129597210804
9570000000,0.0146245174331
9579000000,0.0160803339714
9589000000,0.0180690591872
9600000000,0.0198305075201
9613000000,0.0213735374952
9622000000,0.0227098804674
9626000000,0.0241199139913
9636000000,0.0257261870968
9658000000,0.0271283601602
9658000000,0.0283386405867
9667000000,0.0297747074707
9680000000,0.0311216614277
9690000000,0.0322866472636
9702000000,0.0333478222774
9711000000,0.0348259315028
9721000000,0.0361224538015
9731000000,0.0372470416643
9742000000,0.03841745946
9752000000,0.0395617376176
9759000000,0.0405488375481
9772000000,0.0413898350087
9791000000,0.042478716766
9801000000,0.0435826216128
9805000000,0.0445414489345
9812000000,0.0453648210281
9822000000,0.0462434332708
9831000000,0.0471143312083
9842000000,0.0478624840546
9852000000,0.0484970420806
9861000000,0.0494259613409
9873000000,0.0502801624975
9881000000,0.0510208931206
9881000000,0.0516557423725
9901000000,0.0522160904419
9913000000,0.0528885863164
9923000000,0.0534669042641
9930000000,0.0539579298755
9942000000,0.0544991514251
9950000000,0.055150952302
9960000000,0.0557180128477
9971000000,0.0562056422186
9983000000,0.0566197284135
9992000000,0.0571050775163
10007000000,0.0576113202684
10007000000,0.058047948826
10023000000,0.0584200629817
10032000000,0.0588696917473
10044000000,0.0593464391129
10059000000,0.0597603899271
10097000000,0.0601155044324
10097000000,0.060873515404
10103000000,0.0610400302572
10111000000,0.0613578140482
10122000000,0.0618500223283
10125000000,0.0622898706972
10145000000,0.0622980804307
10153000000,0.060796691833
10162000000,0.0593654799441
10171000000,0.0580217425857
10183000000,0.0559272730568
10191000000,0.0520564989694
10199000000,0.0484711348238
10210000000,0.0451909712384
10225000000,0.0410346924491
10230000000,0.0355228013919
10239000000,0.0305059887026
10255000000,0.0259917353404
10260000000,0.0219746672454
10272000000,0.0175966350425
10279000000,0.0118367577722
10292000000,0.00668057051297
10310000000,0.00115952172227
10311000000,-0.00513450371705
10322000000,-0.0107398726063
10325000000,-0.0156769103826
10344000000,-0.0207528638159
10357000000,-0.0263191869043
10367000000,-0.0312080905095
10367000000,-0.0354537271416
10367000000,-0.0390973004689
10367000000,-0.042184470205
10414000000,-0.0447638104462
10414000000,-0.0468850116231
10414000000,-0.0492493964798
10432000000,-0.052362726902
10441000000,-0.0555614245296
10451000000,-0.0583306414756
10464000000,-0.0608143854718
10473000000,-0.0629504531687
10480000000,-0.0647406600787
10491000000,-0.0662181456846
10500000000,-0.0674161579155
10512000000,-0.0678556688277
10521000000,-0.0680549728359
10529000000,-0.0681058062533
10540000000,-0.0680378955016
10551000000,-0.0675535577406
10558000000,-0.0667032411778
10571000000,-0.065845193093
10579000000,-0.0650004245957
10591000000,-0.0634745070401
10598000000,-0.0613390176601
10611000000,-0.0593438242577
10619000000,-0.0575034664107
10631000000,-0.0558261019258
10639000000,-0.0535492443209
10651000000,-0.0509913051653
10659000000,-0.0479700123921
10670000000,-0.0442008154548
10680000000,-0.0407806024047
10684000000,-0.0377114798728
10698000000,-0.0349874423255
10708000000,-0.0315750245673
10720000000,-0.0281132528172
10724000000,-0.0250442148364
10740000000,-0.0223538551307
10749000000,-0.0187062401825
10760000000,-0.0149211817198
10770000000,-0.0115674083253
10771000000,-0.00862863546184
10790000000,-0.00465675740571
10805000000,-0.000790226939395
10805000000,0.00261774358167
10822000000,0.00589746120734
10834000000,0.00995218683359
10839000000,0.0135324780768
10851000000,0.0166587922467
10861000000,0.0195406625921
10871000000,0.0236243257954
10880000000,0.0272313562225
10884000000,0.0303821502508
10901000000,0.0331040548515
10906000000,0.036546377077
10921000000,0.0395549135929
10931000000,0.042153827703
10943000000,0.0443712744384
10950000000,0.0477760028715
10961000000,0.0511445069293
10972000000,0.0540994052732
10983000000,0.0568671466018
10991000000,0.0600540519718
11009000000,0.0628405184845
11009000000,0.0652485086402
11021000000,0.0673037141238
11027000000,0.0706429553436
11042000000,0.0735910073904
11049000000,0.0761653058961
11060000000,0.0783875706432
11060000000,0.0809599929963
11080000000,0.08335589914
11091000000,0.0854216077678
11100000000,0.0871800933509
11110000000,0.0897765276294
11122000000,0.0920513123166
11125000000,0.0940217948054
11138000000,0.0957082252601
11152000000,0.0978237664018
11160000000,0.0996584761831
11170000000,0.10123008639
11178000000,0.10255926888
11190000000,0.104137272379
11201000000,0.105603188133
11202000000,0.106853130303
11217000000,0.107904480933
11231000000,0.109349302686
11239000000,0.110597080176
11250000000,0.111661336741
11260000000,0.112557751971
11269000000,0.113470421261
11280000000,0.114253975561
11281000000,0.114903303846
11285000000,0.115431930849
11306000000,0.116197589209
11321000000,0.116992043445
11329000000,0.117672517865
11339000000,0.118248138022
11344000000,0.11872821387
11354000000,0.119116166078
11370000000,0.119421677828
11370000000,0.119659793691
11385000000,0.119839067126
11402000000,0.119968006475
11408000000,0.120172598975
11418000000,0.120411502608
11431000000,0.120499952016
11443000000,0.120530750109
11463000000,0.120537107815
11474000000,0.120523773783
11474000000,0.120495092002
11481000000,0.120455106606
11491000000,0.1203588934
11500000000,0.120260224609
11512000000,0.119842423836
11525000000,0.119411384079
11540000000,0.119008058257
11540000000,0.118635449713
11540000000,0.117472738798
11540000000,0.117261250429
11602000000,0.116610335273
11608000000,0.115818427199
11618000000,0.114824509335
11626000000,0.113301349951
11628000000,0.111904124272
11644000000,0.110379688457
11644000000,0.108834243329
11671000000,0.107445474475
11681000000,0.105940532083
11683000000,0.104535212791
11695000000,0.103294362346
11695000000,0.102210777507
11720000000,0.100979825187
11725000000,0.0998723164287
11725000000,0.0989134203999
11752000000,0.0979282701144
11761000000,0.0967055164926
11772000000,0.0956327573875
11779000000,0.0942531898213
11789000000,0.0929847727974
11801000000,0.0918726738131
11811000000,0.0909086927026
11821000000,0.0895451700454
11829000000,0.088210483054
11839000000,0.0870367897147
11848000000,0.0860160397089
11849000000,0.0846779167355
11868000000,0.0834502295861
11877000000,0.0823785239556
11889000000,0.0814538190869
11895000000,0.0801067550837
11904000000,0.0788580072884
11911000000,0.077764648439
11926000000,0.0768181136903
11937000000,0.0755860513472
11951000000,0.0744043175261
11962000000,0.0733726095617
11968000000,0.0723830926861
11968000000,0.0711436688482
11969000000,0.0700547888566
11990000000,0.0691088022397
11998000000,0.0682965417235
11999000000,0.0676079430834
12031000000,0.0670323249052
12041000000,0.0662949073105
12046000000,0.0654100033057
12056000000,0.0646388221505
12068000000,0.0639743644899
12075000000,0.0631784853706
12087000000,0.0623373138527
12099000000,0.0616033998909
12110000000,0.0609688440865
12121000000,0.0598419159054
12129000000,0.0588364947454
12142000000,0.0572571845178
12151000000,0.0542581109754
12161000000,0.0515089367094
12170000000,0.0490184104296
12176000000,0.0467876211655
12190000000,0.042482929358
12192000000,0.0375895581057
12208000000,0.0331478397008
12215000000,0.0291614414439
12231000000,0.0223307568677
12242000000,0.0161321790212
12242000000,0.0105707113498
12242000000,0.00563606414454
12243000000,0.00130591965216
12263000000,-0.00246994592888
12266000000,-0.00890215568076
12266000000,-0.0146456035858
12309000000,-0.0222626707738
12319000000,-0.0297042851703
12324000000,-0.0363265756781
12336000000,-0.0421548184171
12350000000,-0.0478416512046
12356000000,-0.0541806036693
12365000000,-0.0597350404937
12365000000,-0.0645467153618
12379000000,-0.0686651741606
12401000000,-0.0725574492138
12401000000,-0.0767819941379
12422000000,-0.0803978246506
12430000000,-0.0834527237012
12456000000,-0.086899144908
12456000000,-0.0899292414357
12456000000,-0.0924822244247
12466000000,-0.0946019823209
12480000000,-0.0963366361768
12486000000,-0.0977311627274
12502000000,-0.0988213605277
12513000000,-0.0996469618267
12523000000,-0.100156818208
12531000000,-0.100457853572
12541000000,-0.100605474943
12542000000,-0.100629054006
12562000000,-0.0994928713987
12564000000,-0.0983444348764
12582000000,-0.0972115277624
12591000000,-0.0957925315556
12599000000,-0.0937111873632
12602000000,-0.0917628321025
12616000000,-0.0899631523837
12617000000,-0.0883213152458
12641000000,-0.0849236378415
12649000000,-0.0818007397502
12662000000,-0.0789639163894
12673000000,-0.0749805330939
12679000000,-0.0712132141771
12689000000,-0.0678298165211
12694000000,-0.0648253568157
12708000000,-0.0602382687351
12720000000,-0.0559034910245
12731000000,-0.0520391932779
12732000000,-0.0486320026503
12752000000,-0.0448897111581
12754000000,-0.0404756434361
12771000000,-0.0365657513262
12781000000,-0.0329337824382
12781000000,-0.0279586190763
12799000000,-0.0235340710661
12810000000,-0.019642294676
12821000000,-0.0162578648286
12831000000,-0.0116597727232
12837000000,-0.00719236689825
12837000000,-0.00326982660132
12862000000,0.000136906125246
12871000000,0.00453524008191
12880000000,0.00839907419135
12893000000,0.0117548943511
12902000000,0.0166128355866
12912000000,0.0211254206696
12920000000,0.0250862313334
12932000000,0.0287705115742
12942000000,0.032910794835
12952000000,0.0365255612012
12960000000,0.0396451092014
12972000000,0.0423039475131
12981000000,0.0454644813289
12983000000,0.0490871361289
12983000000,0.0522469276328
13011000000,0.0549722328057
13014000000,0.0572943661928
13032000000,0.0596761695442
13036000000,0.0623246969771
13053000000,0.0646039687385
13062000000,0.0666969527788
13072000000,0.069840136544
13083000000,0.0726066940121
13095000000,0.075014749862
13100000000,0.0770863961102
13113000000,0.0795488366548
13118000000,0.0817567622973
13128000000,0.0836528009677
13139000000,0.0853619215589
13151000000,0.0876954251287
13158000000,0.0897309724782
13165000000,0.0914861527908
13166000000,0.0931316276365
13166000000,0.0951169585602
13171000000,0.0968386897157
13171000000,0.0983134080678
13171000000,0.0995610445455
13171000000,0.100602210819
13171000000,0.101457365039
13218000000,0.10214653169
13218000000,0.102755271877
13271000000,0.103490388918
13280000000,0.104457643591
13291000000,0.105640798782
13299000000,0.106674734684
13310000000,0.107575707816
13320000000,0.108350013164
13321000000,0.109002615978
13340000000,0.109810845274
13348000000,0.110614354608
13360000000,0.111303689787
13369000000,0.111871217525
13383000000,0.112196452688
13390000000,0.112445227342
13408000000,0.112627818139
13408000000,0.112753771844
13408000000,0.112831836118
13430000000,0.112870081458
13442000000,0.112922494949
13454000000,0.112951793647
13456000000,0.112957952898
13460000000,0.112688821614
13475000000,0.112357812709
13490000000,0.111977798966
13500000000,0.11138543395
13509000000,0.110829823516
13522000000,0.110315617905
13531000000,0.109845424479
13539000000,0.109147063242
13549000000,0.108334276323
13564000000,0.107594566224
13574000000,0.106928756268
13581000000,0.105969682062
13592000000,0.10495025287
13602000000,0.104032772381
13612000000,0.103216010477
13621000000,0.102774586913
13632000000,0.103492567922
13641000000,0.104212432128
13646000000,0.104917529508
13662000000,0.105814633854
13669000000,0.108586635659
13679000000,0.111182901882
13692000000,0.113582340183
13692000000,0.115772802546
13712000000,0.119136258528
13722000000,0.123105488205
13733000000,0.126716441604
13742000000,0.130388869888
13752000000,0.135333109032
13766000000,0.139799248513
13777000000,0.143788504763
13782000000,0.147312572833
13791000000,0.151749236652
13801000000,0.155830745297
13812000000,0.159418512436
13822000000,0.163683556864
13830000000,0.167438894266
13837000000,0.170708432807
13846000000,0.173521943264
13862000000,0.176066321841
13869000000,0.178438840772
13881000000,0.180436906813
13922000000,0.182094769342
13922000000,0.183447168706
13922000000,0.184528620038
13922000000,0.185282289728
13922000000,0.185776922368
13922000000,0.186104735111
13922000000,0.186292711885
13970000000,0.185789986079
13970000000,0.184988655803
13981000000,0.183640405867
14000000000,0.181554520927
14000000000,0.179574581947
14004000000,0.177722593812
14019000000,0.176011598612
14030000000,0.173122715632
14040000000,0.170466136998
14042000000,0.168052268013
14060000000,0.165160377133
14070000000,0.160930548863
14079000000,0.15708425737
14087000000,0.15362493268
14093000000,0.150547104655
14111000000,0.146587592058
14120000000,0.142531945131
14130000000,0.138924881173
14130000000,0.135752588354
14150000000,0.131756635928
14161000000,0.127014698916
14161000000,0.122788963534
14162000000,0.119064191918
14172000000,0.115603568462
14199000000,0.110788226941
14200000000,0.106515609752
14219000000,0.102767229782
14229000000,0.0975808929817
14239000000,0.092164624461
14249000000,0.0873577043739
14249000000,0.0831383719294
14273000000,0.0786263225734
14282000000,0.0734432188337
14292000000,0.0688773908969
14292000000,0.0649007024806
14311000000,0.0600724815638
14321000000,0.0549265819776
14324000000,0.0504006047772
14326000000,0.0464647913118
14350000000,0.0416858138098
14359000000,0.0369196691486
14364000000,0.032754893506
14378000000,0.029156025453
14389000000,0.0255778908808
14397000000,0.0213644279164
14403000000,0.0176941987285
14414000000,0.0145349062571
14430000000,0.0101229966624
14439000000,0.00582865942779
14444000000,0.00207140364251
14460000000,-0.00117975822195
14472000000,-0.00458323443862
14479000000,-0.00791636180948
14488000000,-0.0107871755375
14501000000,-0.0132287811857
14511000000,-0.0165821400015
14522000000,-0.020046644255
14534000000,-0.0230704428165
14537000000,-0.0256796408738
14546000000,-0.0285426603487
14562000000,-0.0311692753308
14570000000,-0.0334210801155
14579000000,-0.0362681501262
14588000000,-0.0391361275959
14600000000,-0.0416313384026
14612000000,-0.0437774127843
14617000000,-0.0456003740777
14629000000,-0.0471275610789
14642000000,-0.0488247832028
14652000000,-0.050303144652
14658000000,-0.0518412922195
14671000000,-0.0535872981387
14680000000,-0.055089111223
14680000000,-0.0563649231239
14680000000,-0.0574338593963
14714000000,-0.0583153281335
14719000000,-0.0592344303752
14727000000,-0.0601259326929
14732000000,-0.0609480584479
14732000000,-0.0617503979623
14763000000,-0.0624190531863
14771000000,-0.0629672554082
14781000000,-0.0635071126569
14781000000,-0.063945885573
14800000000,-0.0642946793823
14807000000,-0.0645646440553
14826000000,-0.0649112156454
14826000000,-0.0650066357727
14851000000,-0.0650610594802
14851000000,-0.0647240551635
14872000000,-0.0643812236329
14883000000,-0.0640412153849
14890000000,-0.0636984669373
14903000000,-0.063014001662
14914000000,-0.062286653264
14934000000,-0.0616113884257
14934000000,-0.0609920097137
14946000000,-0.0604302803985
14957000000,-0.0599263069279
14965000000,-0.0594791396378
14979000000,-0.0590075756945
14994000000,-0.058541716297
14994000000,-0.0581327203957
15005000000,-0.0577774959782
15012000000,-0.0567707948276
15043000000,-0.0550667557824
15043000000,-0.0519130597105
15053000000,-0.0505616436098
15060000000,-0.0493592806238
15070000000,-0.0482515007838
15081000000,-0.0468484386948
15088000000,-0.0456039856863
15101000000,-0.0445123191093
15112000000,-0.0435652844068
15121000000,-0.0424647110346
15130000000,-0.0414355679623
15143000000,-0.0405439808052
15152000000,-0.0394575283697
15162000000,-0.0377734521254
15166000000,-0.0362640897592
15172000000,-0.0349259314386
15192000000,-0.0328618252508
15199000000,-0.0310075597401
15205000000,-0.0293601170749
15205000000,-0.027912573308
15205000000,-0.0266550292508
15205000000,-0.0255754805123
15251000000,-0.0240582798488
15251000000,-0.0223399915328
15270000000,-0.0207196145671
15284000000,-0.0184302499029
15284000000,-0.0163811096155
15301000000,-0.014567252805
15309000000,-0.0121628045425
15322000000,-0.0100215593732
15330000000,-0.00813525507441
15342000000,-0.00602433885432
15352000000,-0.00397418846512
15362000000,-0.00217977851911
15365000000,-0.000627208612847
15383000000,0.00103702032272
15390000000,0.00296091090387
15399000000,0.00464367281942
15402000000,0.00609899613804
15420000000,0.00734261365314
15432000000,0.00894296295194
15442000000,0.0103926815849
15453000000,0.0116414871837
15463000000,0.0131287645689
15471000000,0.0146964519319
15482000000,0.0160639675925
15490000000,0.0172432343909
15498000000,0.0184316126534
15510000000,0.0198728202888
15523000000,0.0211299759611
15532000000,0.0222136676444
15542000000,0.0231365102392
15550000000,0.0239650871003
15558000000,0.025105810903
15568000000,0.0260964301368
15579000000,0.027507291853
15591000000,0.0287541202999
15599000000,0.029843505532
15615000000,0.0307843565734
15623000000,0.0315874479324
15632000000,0.0325329381243
15642000000,0.0334131026838
15648000000,0.034167664522
15661000000,0.03507442177
15671000000,0.0361207525279
15674000000,0.0370369656467
15675000000,0.0378303881546
15702000000,0.0385109425245
15707000000,0.0393307514119
15720000000,0.040039822004
15733000000,0.0406455721015
15740000000,0.0412921945769
15749000000,0.0421535004705
15760000000,0.0429089197012
15766000000,0.0435642174933
15778000000,0.0441259991124
15792000000,0.04479232418
15800000000,0.0453682513522
15807000000,0.0458598680796
15813000000,0.0462738184568
15828000000,0.0467102827945
15841000000,0.0472896685501
15850000000,0.0477938969666
15862000000,0.0482582344894
15870000000,0.048774804316
15880000000,0.0492220217058
15889000000,0.0496043823812
15899000000,0.0499270083402
15912000000,0.0502842935321
15919000000,0.0506453866231
15924000000,0.0509535851517
15935000000,0.0512130961167
15950000000,0.0515031618688
15958000000,0.0517569260116
15963000000,0.0519695685147
15963000000,0.0521451493744
15991000000,0.0522876545673
15999000000,0.0523887054192
16005000000,0.0524634932487
16005000000,0.0525168900944
16031000000,0.0525691160673
16041000000,0.0526216859092
16041000000,0.0526596669599
16062000000,0.0526592954391
16072000000,0.0525909313793
16080000000,0.0525194708241
16084000000,0.0524470808493
16098000000,0.0523754908705
16110000000,0.0522821871162
16113000000,0.0521877320889
16113000000,0.0520993304644
16137000000,0.0520176593144
16149000000,0.0519079039427
16157000000,0.0517274307461
16164000000,0.0515613711686
16179000000,0.0513639618233
16192000000,0.0511392897612
16200000000,0.0509355746176
16202000000,0.0507529103002
16218000000,0.0505908880741
16229000000,0.0503351689979
16240000000,0.0500778711708
16244000000,0.0498475853819
16259000000,0.0496437156237
16269000000,0.0494120588137
16278000000,0.0490003559878
16280000000,0.048627202776
16293000000,0.0482927505179
16309000000,0.048046128191
16321000000,0.0478650956451
16330000000,0.0477132771663
16342000000,0.0475878425401
16350000000,0.0472435597394
16361000000,0.0469347507587
16367000000,0.0466607788837
16382000000,0.0463430619813
16392000000,0.0458883094482
16401000000,0.0454792212672
16412000000,0.0451152514319
16422000000,0.0447948902441
16431000000,0.044406359249
16442000000,0.0439563520741
16450000000,0.0435564531795
16462000000,0.0432050064619
16472000000,0.0427208500447
16478000000,0.0421743102129
16482000000,0.0416869922495
16499000000,0.0412571761401
16507000000,0.0406876850716
16520000000,0.040160510275
16524000000,0.0396959938064
16525000000,0.0392912944732
16545000000,0.0387052196614
16561000000,0.0381597924694
16571000000,0.0376798637853
16580000000,0.0372250810196
16589000000,0.0366860565596
16590000000,0.0362125483591
16590000000,0.0358013179228
16590000000,0.0354484330121
16625000000,0.0351493920138
16643000000,0.0348284147819
16645000000,0.0343987278738
16645000000,0.0340228753297
16645000000,0.0336978862449
16645000000,0.0334202982272
16671000000,0.0331487404373
16671000000,0.0327775366796
16708000000,0.0324529870909
16717000000,0.0321514949895
16723000000,0.0317089092933
16724000000,0.0313165013768
16724000000,0.0309724739637
16761000000,0.0305628521088
16768000000,0.0301562143242
16783000000,0.0297995635197
16792000000,0.0294902044235
16800000000,0.0309538566907
16811000000,0.036287556651
16822000000,0.0412995471548
16831000000,0.0527346954194
16836000000,0.0650243291834
16849000000,0.0763402833983
16859000000,0.0866354826207
16871000000,0.095895667768
16881000000,0.108702193123
16882000000,0.124700732378
16900000000,0.139168776022
16907000000,0.1521067462
16919000000,0.170970864259
16922000000,0.18873090407
16939000000,0.20457748461
16951000000,0.22048587776
16963000000,0.234966524968
16965000000,0.247608901104
16983000000,0.258519700455
16991000000,0.26782169288
17000000000,0.27564710672
17010000000,0.282133148752
17021000000,0.287418152433
17026000000,0.291638265708
17039000000,0.294924853608
17044000000,0.297402513929
17044000000,0.299187490387
17068000000,0.300024439654
17068000000,0.299718102454
17069000000,0.299255400628
17069000000,0.298679743126
17069000000,0.29802824936
17095000000,0.297332069327
17130000000,0.296616818272
17142000000,0.295901957496
17145000000,0.295202139016
17159000000,0.294529179358
17172000000,0.293892323538
17173000000,0.293298589549
17180000000,0.292752793769
17199000000,0.292257849556
17208000000,0.291813819361
17215000000,0.291418336166
17228000000,0.291069027444
17236000000,0.290763714421
17244000000,0.290500369459
17244000000,0.290276819882
17261000000,0.290090713748
17282000000,0.289938535729
17295000000,0.289814913925
17305000000,0.289715257958
17305000000,0.289636373052
17310000000,0.289576064275
17337000000,0.289532715284
17344000000,0.289504944973
17349000000,0.289490828228
17366000000,0.289486368734
17366000000,0.289487915137
17366000000,0.28950282148
17421000000,0.289515643329
17421000000,0.289532379388
17421000000,0.289553039433
17428000000,0.289575379063
17440000000,0.289596493888
17451000000,0.28961528807
17457000000,0.289631997169
17470000000,0.28964773614
17480000000,0.289663772759
17491000000,0.289521045116
17499000000,0.289436617547
17499000000,0.28947050832
17515000000,0.289502623824
17529000000,0.289532512159
17543000000,0.289560892331
17544000000,0.289588934848
17560000000,0.287644063777
17571000000,0.285337510674
17580000000,0.283194422012
17589000000,0.278657482447
17601000000,0.272785657966
17605000000,0.26737659586
17615000000,0.262454723982
17631000000,0.258028717475
17639000000,0.246712067912
17646000000,0.236316819348
17646000000,0.226877669849
17671000000,0.218402033631
17681000000,0.204542125744
17686000000,0.191984033604
17693000000,0.180734610517
17711000000,0.164502772869
17719000000,0.147262374293
17722000000,0.13177990311
17722000000,0.118027367475
17752000000,0.104602751254
17762000000,0.0876113396493
17772000000,0.0725190877674
17787000000,0.0592630710301
17846000000,0.0403886032852
17846000000,0.0227900958134
17846000000,0.00725027151864
17846000000,-0.00631990244209
17846000000,-0.0180333598893
17846000000,-0.0280199051682
17851000000,-0.0380813273028
17856000000,-0.0556823176268
17869000000,-0.0719110558098
17881000000,-0.0862165521571
17891000000,-0.0993636418177
17899000000,-0.113382807659
17912000000,-0.125592436189
17921000000,-0.136100920104
17930000000,-0.145032765613
17942000000,-0.15252363732
17952000000,-0.15887106784
17960000000,-0.165431955691
17969000000,-0.170867092498
17982000000,-0.176262372685
17990000000,-0.181648983027
17999000000,-0.186124003817
18012000000,-0.189781277847
18019000000,-0.192713305217
18019000000,-0.195008216072
18039000000,-0.196748870736
18046000000,-0.197881617462
18060000000,-0.198602377278
18069000000,-0.198993160068
18082000000,-0.199293135031
18086000000,-0.199628584348
18099000000,-0.199769440051
18110000000,-0.199753057991
18116000000,-0.198672704795
18130000000,-0.197553047111
18140000000,-0.196426619864
18148000000,-0.194892583313
18155000000,-0.193007851867
18170000000,-0.190801635528
18180000000,-0.187764696709
18191000000,-0.184952891816
18196000000,-0.182380529979
18211000000,-0.18005371314
18218000000,-0.177972188818
18227000000,-0.176130393566
18242000000,-0.173807143347
18251000000,-0.17070273995
18261000000,-0.16726102303
18270000000,-0.162686355605
18282000000,-0.158545384223
18290000000,-0.154838464475
18299000000,-0.151556121709
18311000000,-0.148681294125
18323000000,-0.144561155347
18331000000,-0.140234064715
18338000000,-0.136389499136
18340000000,-0.133010852158
18358000000,-0.127666493543
18371000000,-0.122620109307
18372000000,-0.118137140215
18387000000,-0.11155896332
18401000000,-0.105657084807
18412000000,-0.100420116979
18424000000,-0.0958242186944
18427000000,-0.0896610385143
18440000000,-0.083310597729
18440000000,-0.0776865373846
18440000000,-0.0727602556571
18470000000,-0.0684938930901
18482000000,-0.062932720113
18485000000,-0.057846703518
18501000000,-0.0505476906962
18514000000,-0.0433388785909
18521000000,-0.0369420585428
18525000000,-0.0313278940803
18542000000,-0.0264561180309
18550000000,-0.0215678908085
18562000000,-0.0146411404565
18562000000,-0.00851241406104
18582000000,-0.00314867896574
18582000000,0.00426277784065
18599000000,0.0108338703597
18600000000,0.0165955127257
18622000000,0.021589860061
18629000000,0.0258674544411
18642000000,0.0319329028971
18642000000,0.038274583522
18642000000,0.044833345567
