%time,field
2000000,0.0
16000000,6.44259868076e-26
26000000,-1.6842604481e-21
35000000,-3.24275403754e-22
42000000,-1.39341625402e-21
59000000,4.21821116281e-22
82000000,-5.26420095485e-23
82000000,4.28910015966e-22
118000000,-2.98523472536e-22
118000000,5.83932184864e-22
123000000,1.04158917222e-21
139000000,-9.68959902788e-16
151000000,3.05108966185e-12
169000000,5.48598936941e-12
169000000,0.00176539273862
172000000,-0.0033952002074
182000000,0.00358337496186
192000000,-0.00349165199608
202000000,0.00347945850595
205000000,-0.00341982227995
220000000,0.00325823692456
231000000,-0.0677045482926
241000000,-0.0582130735084
251000000,-0.0659713390976
251000000,-0.0556580968211
273000000,-0.0547258767528
276000000,-0.0460293088804
278000000,-0.0429298639949
278000000,-0.0377952838429
278000000,-0.0344642466901
312000000,-0.0277800911834
312000000,0.0231909401866
312000000,0.0245157902338
348000000,0.0276661033347
361000000,0.0319946626914
365000000,0.0335074837253
365000000,0.0299221334563
390000000,0.0395906349189
399000000,0.0359231632625
412000000,0.0332389014837
422000000,0.0321514908497
431000000,0.0286695662978
440000000,0.0264323388435
446000000,0.0228778814244
456000000,0.0207308263896
472000000,0.0179186012756
475000000,0.0152297082802
491000000,0.0127701132919
499000000,0.0105462367012
511000000,0.00963932024954
521000000,0.00781027781915
530000000,0.0061942193693
541000000,0.00478213726296
551000000,0.00508575030942
558000000,0.00395329342261
564000000,0.00297238864481
581000000,0.0021328501944
592000000,0.00286980548663
598000000,0.00218635088941
613000000,0.00159863385285
625000000,0.00109974046551
631000000,0.000681894804782
638000000,0.00146499273776
652000000,0.00111063856274
660000000,0.00185541302411
673000000,0.00153882345007
685000000,0.00125477854252
691000000,0.00100274197878
701000000,0.00122100066495
708000000,0.00100039402531
720000000,0.000804076726044
729000000,0.00063108163894
737000000,0.000880129833363
750000000,0.000723991683053
760000000,0.000584546128549
769000000,0.00046142914945
780000000,0.000752678290189
790000000,0.000636863124772
802000000,0.00053128394649
804000000,0.000436025714541
817000000,0.000350985641766
827000000,0.000643690353641
840000000,0.000553709578645
851000000,0.000470067754206
859000000,0.000393560983812
870000000,0.000324284321239
881000000,0.000262256867611
892000000,0.000565018885448
899000000,0.000493617490977
910000000,0.00043884602846
921000000,0.000799718201147
928000000,0.000713479656513
941000000,0.000629431699612
951000000,0.00082904613476
962000000,0.000736443237293
970000000,0.000646906413024
981000000,0.000561783862299
981000000,0.000481928269572
997000000,0.000408214336511
1006000000,0.00065295364544
1020000000,0.000573477416262
1029000000,0.00088931176522
1042000000,0.000795628896118
1050000000,0.000703963922505
1059000000,0.000875488937914
1072000000,0.000777708217497
1081000000,0.000683277639573
1090000000,0.000593551891687
1100000000,0.000509549239161
1110000000,0.000431938391143
1120000000,0.000655805634058
1131000000,0.000574237823127
1139000000,0.000497132801272
1151000000,0.000706502087613
1159000000,0.00062506026057
1170000000,0.000547009457455
1180000000,0.000473346430195
1189000000,0.000639557920982
1203000000,0.000561553071578
1208000000,0.000487640968863
1222000000,0.000418572683706
1230000000,0.00055058847314
1236000000,0.000481677505559
1252000000,0.000416724700625
1262000000,0.000497432967447
1270000000,0.000433198189556
1282000000,0.000373072135155
1291000000,0.000317517369499
1302000000,0.000266684527451
1313000000,0.000220904455035
1321000000,0.0002627794835
1331000000,0.000221345033578
1340000000,0.000183960944915
1352000000,0.00016354022192
1362000000,0.000133326183465
1372000000,0.0001066751368
1383000000,8.3500132206e-05
1387000000,-1.02738631085e-05
1400000000,-2.20528885132e-05
1405000000,-3.05495454711e-05
1421000000,-3.62635545875e-05
1431000000,-0.000185473149909
1440000000,-0.000178070059593
1451000000,-0.000168061056306
1457000000,-0.00015594398926
1470000000,-0.000396076545175
1478000000,-0.000367106782376
1491000000,-0.00033571122102
1502000000,-0.000303079466105
1510000000,-0.000591199608144
1520000000,-0.00053775067491
1529000000,-0.000917917924603
1541000000,-0.000838688102753
1551000000,-0.000757080158032
1561000000,-0.000675445452076
1566000000,-0.000595587465576
1566000000,-0.000518961032157
1591000000,-0.000975729824339
1601000000,-0.000878051064575
1601000000,-0.000780944741586
1634000000,-0.00068652616841
1634000000,-0.000596341188239
1634000000,-0.00051150606558
1651000000,-0.000432783596111
1661000000,-0.00184183184237
1672000000,-0.00168879006065
1685000000,-0.00152990902497
1696000000,-0.00137003048078
1702000000,-0.00121294687958
1712000000,-0.00172086098406
1722000000,-0.00153433911388
1755000000,-0.00135262392519
1755000000,-0.00117890925181
1772000000,-0.00101522639985
1772000000,-0.000723322221674
1788000000,-0.000596642037477
1792000000,-0.00131265208124
1802000000,-0.00210183588747
1813000000,-0.00190223867435
1823000000,-0.0026181208522
1832000000,-0.00236481520768
1842000000,-0.00211200232475
1862000000,-0.00186531873456
1864000000,-0.0016290151659
1873000000,0.000597621922539
1879000000,0.000679114489705
1890000000,0.000728196179225
1891000000,0.000742181560391
1900000000,0.000472521022202
1922000000,0.000474352305648
1928000000,0.000465203458123
1939000000,-0.000552619822921
1948000000,-0.000516433376879
1959000000,-0.00047635923912
1959000000,-0.000434185566497
1975000000,-0.000391375508856
1990000000,-0.00136948839419
1999000000,-0.00126427392942
2010000000,-0.00115317669865
2019000000,-0.00194382085784
2028000000,-0.00177715553518
2037000000,-0.00160618461354
2052000000,-0.00143575786289
2061000000,-0.00201457619605
2070000000,-0.00180666297274
2080000000,-0.00160262506547
2089000000,-0.00202547948532
2098000000,-0.00180314838972
2109000000,-0.00158784831098
2122000000,-0.00138292451228
2128000000,-0.00119090374881
2142000000,-0.00150270192079
2153000000,-0.00131303837821
2166000000,-0.00113452521551
2171000000,-0.000968868007999
2181000000,-0.0011514547274
2188000000,-0.000993391458428
2205000000,-0.000847058894271
2212000000,-0.000713279421699
2237000000,-0.000592374389727
2237000000,-0.000484366898087
2237000000,-0.00038895992839
2248000000,-0.000470216315159
2264000000,-0.000398684244504
2272000000,-0.000324859219491
2281000000,-0.000260094805659
2291000000,-0.000203824021779
2302000000,-0.000155576809436
2310000000,0.000117230813315
2322000000,0.000138002034707
2332000000,0.000584044514933
2342000000,0.000566375720858
2352000000,0.000539110884963
2363000000,0.000504808411458
2371000000,0.000465739724199
2381000000,0.000423765544158
2389000000,0.00095125732853
2400000000,0.000872029383719
2406000000,0.000789348139292
2415000000,0.000705881751227
2426000000,0.00145867745759
2439000000,0.0013332726345
2451000000,0.0012038539891
2460000000,0.00207648192021
2471000000,0.00188912327864
2481000000,0.00169838085984
2482000000,0.00150932773044
2486000000,0.00132580316827
2500000000,0.0011505968336
2520000000,0.00207293434032
2525000000,0.0018478302383
2525000000,0.00162821349527
2525000000,0.0014178689645
2552000000,0.00268035240874
2569000000,0.00241242746952
2575000000,0.00214639031942
2590000000,0.00348996559035
2599000000,0.00315369891116
2603000000,0.00281710672902
2621000000,0.00418012656116
2632000000,0.00376983943407
2641000000,0.00336126303794
2650000000,0.0029633989368
2657000000,0.00432632550233
2671000000,0.00385838466929
2682000000,0.00340251650375
2690000000,0.00296638703396
2697000000,0.00255561497258
2710000000,0.0040680423498
2723000000,0.00360443439951
2743000000,0.00315770404007
2743000000,0.00273437600214
2752000000,0.00233896092459
2762000000,0.00394629109075
2772000000,0.00350417946659
2785000000,0.00509918645206
2815000000,0.00457149865572
2815000000,0.00355305779572
2833000000,0.00307924062808
2833000000,0.00263656031405
2849000000,0.00383044647458
2862000000,0.00335810608219
2866000000,0.00291049272105
2866000000,0.00488431586988
2879000000,0.0043551443277
2906000000,0.00384056691578
2906000000,0.00334900403689
2912000000,0.00461282277069
2919000000,0.00408745823611
2928000000,0.00358146345554
2937000000,0.0031018361312
2951000000,0.00265395558826
2958000000,0.00382867619912
2971000000,0.0033470857314
2982000000,0.0146857942585
2986000000,0.0136037114875
3000000000,0.0124448050233
3005000000,0.0112526866426
3017000000,0.0100611205242
3032000000,0.00889655679372
3042000000,0.0114543486279
3051000000,0.0101549887855
3060000000,0.00890358639639
3072000000,0.00916941004596
3080000000,0.00796569358225
3091000000,0.00683887847609
3100000000,0.00579777435162
3108000000,0.00576721069371
3119000000,0.00485024786321
3130000000,0.00401935703198
3140000000,0.00327494017105
3150000000,0.00342886776577
3161000000,0.00279791481202
3170000000,0.0022384194097
3181000000,0.00174808476016
3191000000,0.00198917852994
3200000000,0.00158204930464
3211000000,0.00122661744702
3217000000,0.0013278143702
3232000000,0.00104420505329
3240000000,0.000798174089525
3250000000,0.000587478254118
3260000000,0.000409645032077
3272000000,0.000235728327146
3281000000,0.00011628635637
3283000000,2.09725774119e-05
3295000000,-5.31159396218e-05
3303000000,-0.000629070499857
3314000000,-0.000636048801138
3330000000,-0.000625291672702
3340000000,-0.00159646138003
3346000000,-0.00150213751859
3359000000,-0.00139224200192
3370000000,-0.00127245736328
3377000000,-0.00119362613014
3389000000,-0.00254223365046
3401000000,-0.00231675667146
3408000000,-0.00208478946238
3421000000,-0.00185293245307
3427000000,-0.00385967879507
3438000000,-0.00349920565714
3447000000,-0.00313437114367
3456000000,-0.00277473141963
3466000000,-0.0268244945818
3481000000,-0.0249965999021
3486000000,-0.0229943780998
3486000000,-0.020899629945
3486000000,-0.0339562244287
3486000000,-0.0308716495891
3486000000,-0.0277482767595
3486000000,-0.0246644195218
3509000000,-0.0216795454424
3561000000,-0.0290513350888
3573000000,-0.0257630813864
3579000000,-0.0288388289398
3592000000,-0.0254917199578
3600000000,-0.0222825404301
3610000000,-0.0192538543277
3621000000,-0.0195535117918
3631000000,-0.0167750145728
3643000000,-0.0142086231836
3651000000,-0.0118669631997
3662000000,-0.00550235822967
3669000000,-0.00387413348855
3680000000,-0.00250377804751
3691000000,-0.00136715832152
3701000000,-0.000439893142299
3707000000,0.00399895361061
3721000000,0.00433530256952
3731000000,0.00450377010407
3743000000,0.00453610744923
3750000000,0.0153821364043
3757000000,0.0145092246799
3769000000,0.0134969469629
3783000000,0.013725920384
3789000000,0.0125058533865
3800000000,0.0112645246814
3800000000,0.0100342508275
3815000000,0.00884016961666
3815000000,0.00770118665758
3841000000,0.0066312380372
3850000000,0.00422033596006
3860000000,0.0013339596671
3869000000,0.000732273578552
3879000000,0.000241732580993
3887000000,-0.000150505787367
3899000000,-0.00045657864733
3909000000,-0.000687962697123
3920000000,-0.000855276102596
3931000000,-0.00210401626573
3941000000,-0.0034703723771
3949000000,-0.00333314758718
3961000000,-0.00315096719268
3964000000,-0.00293743231434
3964000000,-0.00270415846151
3988000000,-0.00327402249302
4002000000,-0.0029799571509
4010000000,-0.00268235024062
4019000000,-0.00321973775247
4027000000,-0.00288036465896
4038000000,-0.00254930255668
4050000000,-0.0022322765188
4057000000,-0.00193356256224
4071000000,-0.0016559880877
4084000000,-0.00210525440782
4091000000,-0.0018330688448
4102000000,-0.00201383629994
4108000000,-0.00175082911107
4120000000,-0.0015054521491
4128000000,-0.0012798228849
4140000000,-0.00118918296453
4146000000,-0.000998630343644
4161000000,-0.000827605313733
4172000000,-0.000675815611586
4178000000,-0.000270682572309
4189000000,-0.000172260889401
4200000000,-9.24410745014e-05
4208000000,-2.9238607755e-05
4216000000,0.000717480091668
4226000000,0.000708937101666
4228000000,0.000684539994357
4244000000,0.00064820218357
4251000000,0.00177625568573
4265000000,0.00165700763934
4272000000,0.0015238398465
4288000000,0.00138277744538
4299000000,0.00123864013276
4309000000,0.00109528962651
4320000000,0.00261139303244
4329000000,0.0023876202618
4336000000,0.00215638245206
4350000000,0.0227058215668
4358000000,0.0212010428579
4368000000,0.0195385398907
4377000000,0.0298732129512
4386000000,0.0273686743743
4396000000,0.0247806306613
4411000000,0.0221852580571
4415000000,0.0196417710032
4430000000,0.023677365583
4439000000,0.0210017200212
4447000000,0.0184209623105
4461000000,0.0159735859657
4462000000,0.0167007630888
4479000000,0.014422738388
4486000000,0.0123034886387
4499000000,0.0103569341806
4511000000,0.00859025196753
4521000000,0.00701453857211
4531000000,0.00560713181058
4532000000,0.00437194542058
4552000000,0.00214298476384
4556000000,0.00129221136072
4572000000,0.00059240240254
4581000000,2.73893772827e-05
4590000000,-0.00280888546145
4611000000,-0.0029981292448
4611000000,-0.00308020510241
4622000000,-0.00307590437634
4623000000,-0.00300362036151
4631000000,-0.00587807730523
4651000000,-0.00554354878614
4659000000,-0.00515549975407
4670000000,-0.00808646783525
4681000000,-0.00746080290953
4691000000,-0.00679995935951
4699000000,-0.00962530773814
4711000000,-0.00873320941994
4719000000,-0.00783402294371
4732000000,-0.00694949253684
4742000000,-0.00471788857059
4750000000,-0.00399845356573
4762000000,-0.00334129906514
4772000000,-0.00274799831053
4778000000,-0.00221843794111
4791000000,-0.00137794166397
4800000000,-0.00099386720896
4809000000,-0.00066791597989
4820000000,-0.000401760038495
4832000000,-0.000399912641403
4840000000,-0.000202035444209
4850000000,-4.06050304708e-05
4862000000,-0.0044985559552
4870000000,-0.00414596811679
4879000000,-0.00377426778658
4891000000,-0.00339530244735
4901000000,-0.00483146547492
4908000000,-0.00435944969821
4916000000,-0.00388860546215
4929000000,-0.00342905415399
4941000000,-0.00298811447782
4948000000,-0.00380229777663
4952000000,-0.00333298501223
4971000000,-0.00288671207526
4978000000,-0.00392064569881
4991000000,-0.00343945628514
5001000000,-0.00298186326655
5011000000,-0.00255222322906
5022000000,-0.00412995960651
5031000000,-0.00365825153603
5041000000,-0.00320285658662
5044000000,-0.00277026933642
5057000000,-0.00236552079052
5072000000,-0.00442580151121
5079000000,-0.00393526128373
5080000000,-0.00345837568433
5080000000,-0.00300305400916
5080000000,-0.00257493187141
5080000000,-0.00217783354845
5080000000,-0.00181416845107
5142000000,-0.00424888961657
5152000000,-0.00377052064274
5162000000,-0.00749493666458
5170000000,-0.00679621261683
5181000000,-0.00609139008212
5189000000,-0.00539761230266
5201000000,-0.00764729893712
5209000000,-0.00682925217018
5220000000,-0.00969390838916
5231000000,-0.00871178332768
5240000000,-0.00774088972397
5251000000,-0.00680066491794
5260000000,-0.00981696791588
5269000000,-0.0087324473367
5280000000,-0.00768093000326
5292000000,-0.00667924998895
5302000000,-0.0100349709785
5309000000,-0.00890017781994
5322000000,-0.00780532165424
5329000000,-0.00676652508517
5340000000,-0.0276523238833
5351000000,-0.025503856927
5360000000,-0.0232392915082
5372000000,-0.0209336255054
5382000000,-0.0280485973697
5392000000,-0.0252773348577
5403000000,-0.0225273096736
5412000000,-0.0198557461127
5424000000,-0.0173059519844
5427000000,-0.0175895224146
5441000000,-0.0152028985764
5452000000,-0.0129819528242
5463000000,-0.00911359413259
5471000000,-0.00737597397571
5482000000,-0.00584219025887
5502000000,-0.00450346331653
5502000000,-0.00334852548109
5502000000,-0.00236446617796
5521000000,-0.00153714214624
5536000000,-0.000852062935244
5540000000,0.00416142388024
5552000000,0.00435708234726
5557000000,0.0135517754242
5572000000,0.0129455134792
5581000000,0.01217643261
5591000000,0.0173633913317
5601000000,0.0160501488817
5610000000,0.0146539344656
5621000000,0.0134184975884
5632000000,0.0182489496087
5642000000,0.0164303927797
5646000000,0.0146279038229
5659000000,0.0128776646794
5668000000,0.0174257176519
5681000000,0.0154424728965
5690000000,0.0135315596912
5702000000,0.0117204378833
5711000000,0.0161832685246
5721000000,0.0142138388793
5731000000,0.0123412442864
5741000000,0.015679911026
5752000000,0.0137250630906
5760000000,0.0118748495012
5766000000,0.0101485581779
5774000000,0.0142821499664
5789000000,0.0124996529617
5800000000,0.0108129793578
5812000000,0.00923910469594
5820000000,0.011557580477
5831000000,0.0100121832756
5838000000,0.00856787860822
5852000000,0.00723566164871
5861000000,0.0102323165425
5871000000,0.00890903605936
5879000000,0.00766478111545
5895000000,0.00651044452363
5895000000,0.00545288267171
5907000000,0.00449530255272
5922000000,0.00623538359384
5929000000,0.00530688059568
5930000000,0.00445494164891
5947000000,0.00648413337743
5962000000,0.00562981152504
5970000000,-0.0139039652657
5981000000,-0.0135454245549
5990000000,-0.0129614080392
6002000000,-0.0122128826127
6005000000,-0.0113511766736
6005000000,-0.010419904787
6006000000,-0.00945480648439
6026000000,-0.00848458615609
6045000000,-0.011158148181
6045000000,-0.0100183092938
6070000000,-0.00866168801472
6079000000,-0.00759475153028
6084000000,-0.00658571528821
6085000000,-0.00564532358142
6112000000,-0.00151100320604
6121000000,-0.000906632158245
6126000000,-0.000412464464607
6126000000,-1.57923659773e-05
6151000000,0.00376462299241
6156000000,0.00380793896497
6170000000,0.00375428142143
6183000000,0.00362591039248
6189000000,0.00688637516644
6192000000,0.00644180480425
6212000000,0.00594543526368
6218000000,0.0060666941278
6231000000,0.0276993649151
6238000000,0.0256784085239
6248000000,0.0235101223412
6259000000,0.0212743195861
6287000000,0.0310748442624
6287000000,0.0280970900847
6292000000,0.0251208336661
6302000000,0.0287296483296
6311000000,0.025566558669
6320000000,0.0225006657587
6329000000,0.0195803756328
6341000000,0.0168402928393
6352000000,0.0143036462528
6357000000,0.0134843187335
6364000000,0.0112940749697
6381000000,0.00931525506948
6391000000,-0.00370521342146
6402000000,-0.00459133635644
6413000000,-0.00518661811478
6422000000,-0.00626468569674
6435000000,-0.00637283918578
6440000000,-0.00631497617885
6452000000,-0.00612761425718
6462000000,-0.0036125015829
6474000000,-0.00338053064784
6482000000,-0.00312146617944
6491000000,-0.00284650322303
6501000000,-7.44118840873e-05
6508000000,5.6295737355e-05
6519000000,0.000159087986809
6528000000,0.000237569025767
6540000000,0.000295807146489
6550000000,0.000336693289057
6561000000,0.000363079143395
6571000000,0.00214119496054
6571000000,0.00204957098124
6571000000,0.00193347234381
6571000000,0.00180026466325
6609000000,0.00287385701945
6618000000,-0.0125560939157
6632000000,-0.0118325902247
6640000000,-0.0109951596376
6651000000,-0.0100866763935
6661000000,-0.00914268225639
6667000000,-0.0201726758055
6678000000,-0.0184704597831
6690000000,-0.0250305801137
6702000000,-0.0228044119699
6711000000,-0.0205361707286
6720000000,-0.0182865007559
6739000000,-0.0161019645145
6747000000,-0.0140183025533
6759000000,-0.0120599221972
6764000000,-0.0102438417822
6771000000,-0.0152796339156
6780000000,-0.0133543053582
6789000000,-0.0167478773199
6802000000,-0.0147070809609
6812000000,-0.0127679315325
6822000000,-0.0109519391544
6828000000,-0.0127228752321
6836000000,-0.0109645781925
6851000000,-0.00933130166271
6859000000,-0.0102276964435
6868000000,-0.00871329155919
6880000000,-0.00732320071015
6891000000,-0.00606235881834
6901000000,-0.00493066670253
6912000000,-0.00495415051156
6914000000,-0.00400732138773
6929000000,-0.00316967576997
6941000000,-0.00390324746704
6949000000,-0.00318967471361
6956000000,-0.00255485962748
6971000000,-0.00199549543463
6980000000,0.0156730975314
6989000000,0.0151331966164
7000000000,0.0143687301575
7011000000,0.0134463355963
7018000000,0.0165695611254
7028000000,0.0152571489416
7040000000,0.0138834893786
7051000000,0.0124921494845
7063000000,0.0111178380629
7070000000,0.00876668902493
7077000000,0.00756912033523
7088000000,0.00645768138317
7102000000,-0.0116558709261
7111000000,-0.0115994635084
7121000000,-0.0112929496656
7128000000,-0.0107970153163
7141000000,-0.010162967974
7151000000,-0.0184508643743
7162000000,-0.0170636714563
7169000000,-0.0155874388529
7182000000,-0.019540396617
7190000000,-0.0177183667567
7201000000,-0.0158846165266
7204000000,-0.0140830010099
7220000000,-0.0123471329221
7231000000,-0.0125957503333
7238000000,-0.0109330040987
7246000000,-0.0093776868513
7255000000,-0.00794155219725
7268000000,-0.00665795840858
7279000000,-0.00547498469467
7283000000,-0.00441990824393
7286000000,-0.00348931830505
7301000000,-0.00148159350415
7308000000,-0.000850710654722
7326000000,-0.000334676249134
7326000000,7.95189409326e-05
7349000000,0.00654518779645
7363000000,0.00639044341537
7373000000,0.00612518405761
7377000000,0.00577874867072
7390000000,0.00590860741446
7397000000,0.00544131040419
7404000000,0.00495088543365
7405000000,0.00445303623981
7405000000,0.00396041961404
7443000000,0.0024823278254
7451000000,0.0020874726689
7464000000,0.000730458007374
7472000000,0.000473586941663
7486000000,0.000259618099163
7492000000,8.42119575749e-05
7501000000,-5.69512517128e-05
7507000000,-0.000168026015711
7516000000,-0.000854025788456
7527000000,-0.000879484654776
7542000000,-0.000880912304168
7551000000,-0.00113958489525
7559000000,-0.00109272687751
7571000000,-0.00103279183127
7581000000,-0.000774441798702
7591000000,-0.000712573529983
7602000000,-0.000649420520695
7612000000,-0.000586477452638
7622000000,-0.000525505903002
7631000000,7.12197946305e-05
7641000000,9.60824463361e-05
7651000000,0.000111593248158
7663000000,0.000119371042061
7672000000,0.000120875519423
7680000000,0.00102912447304
7693000000,0.000962520878102
7700000000,0.194256855284
7708000000,0.182301247873
7719000000,0.168797764213
7726000000,0.15437825554
7726000000,0.139560067985
7726000000,0.124760155752
7726000000,0.415237446371
7766000000,0.383902453434
7766000000,0.350612703113
7766000000,0.316537445204
7800000000,0.593677863757
7813000000,0.539909121843
7820000000,0.786442715313
7833000000,0.714208132421
7842000000,0.641315480865
7845000000,0.569541780342
7861000000,0.500259384109
7875000000,0.434493905446
7886000000,0.372974401446
7892000000,0.56101906586
7902000000,0.754474416835
7913000000,0.676820459362
7923000000,0.600554251994
7943000000,0.52706421952
7943000000,0.45741093969
7951000000,0.492755475593
7962000000,0.426866551797
7972000000,0.365452055616
7982000000,0.359124030995
7991000000,0.304674469081
8002000000,0.255032740832
8010000000,0.210294358937
8022000000,0.170425067556
8030000000,0.135288213386
8039000000,0.128426572542
8051000000,0.0463216890567
8065000000,0.0252017214466
8075000000,0.00811038192654
8084000000,-0.00541889876207
8101000000,-0.0158345434193
8118000000,-0.0235621616831
8118000000,-0.0289976010256
8123000000,-0.0325230849756
8131000000,-0.114962679901
8142000000,-0.219479259301
8152000000,-0.2061343918
8157000000,-0.190852382847
8170000000,-0.174385879655
8180000000,-0.157353358512
8190000000,-0.315633600576
8197000000,-0.288611149105
8204000000,-0.260672573272
8221000000,-0.232648605444
8230000000,-0.355450504809
8242000000,-0.320217940586
8250000000,-0.285113522533
8258000000,-0.250910961082
8269000000,-0.449837475196
8280000000,-0.404462966591
8287000000,-0.523563063953
8295000000,-0.470706738862
8310000000,-0.418316997407
8322000000,-0.367489171641
8331000000,-0.319039778442
8340000000,-0.27358817128
8347000000,-0.231461713224
8359000000,-0.413728037619
8370000000,-0.364676237512
8380000000,-0.496074659995
8397000000,-0.441981597453
8412000000,-0.389305606382
8412000000,-0.338943688602
8419000000,-0.291508602225
8431000000,-0.247398077355
8439000000,-0.332236458315
8452000000,-0.288660727733
8460000000,-0.247694105974
8470000000,-0.416219671082
8480000000,-0.368746872227
8484000000,-0.322948596556
8500000000,-0.279429490824
8510000000,-0.384961968458
8523000000,-0.338175624495
8523000000,-0.293566866655
8535000000,-0.251677205927
8550000000,-0.396872315269
8559000000,-0.35012536525
8560000000,-0.305272840062
8564000000,-0.26292432205
8591000000,-0.310342830285
8602000000,-0.269020380885
8611000000,-0.230283481963
8619000000,-0.350449585426
8631000000,-0.30882091991
8641000000,-0.268957604793
8646000000,-0.231365898087
8662000000,-0.196421016051
8673000000,-0.221620531157
8695000000,-0.189016497287
8695000000,-0.158965593052
8702000000,-0.131628253951
8711000000,-0.207633943969
8721000000,-0.179675388098
8732000000,-0.153499833507
8738000000,-0.162865197546
8748000000,-0.138570737666
8758000000,-0.11621744597
8770000000,-0.0959146212015
8777000000,-0.077690390193
8787000000,-0.113919061223
8795000000,-0.0965845378247
8812000000,-0.0806672041187
8820000000,-0.081619950538
8831000000,-0.0678309238823
8840000000,-0.0553748685268
8851000000,-0.0442630900767
8861000000,-0.0344274220172
8871000000,-0.01911393193
8879000000,-0.0121330582845
8885000000,-0.00629145616754
8895000000,-0.00417612407188
8896000000,-0.000145568808709
8918000000,0.0030749553509
8923000000,0.0056036165816
8941000000,0.00752910351198
8941000000,0.00892870507117
8957000000,0.0459935305289
8970000000,0.0442527957102
8970000000,0.0419301640232
8990000000,0.0573520327892
9001000000,0.0532816493243
9011000000,0.0489194218862
9021000000,0.0444174634024
9031000000,0.087809980237
9045000000,0.0806377264528
9045000000,0.0732013184401
9045000000,0.065718205458
9070000000,0.0991220083432
9078000000,0.0895362214195
9081000000,0.0799907930584
9098000000,0.070688104177
9108000000,0.116485897334
9119000000,0.104587329067
9121000000,0.0928720178128
9134000000,0.0815609498828
9148000000,0.127550276084
9160000000,0.113865370585
9171000000,0.100526316687
9180000000,0.142683767412
9196000000,0.127275779404
9196000000,0.112274004132
9213000000,0.0979288550438
9228000000,0.0844181492755
9235000000,0.0718632158751
9242000000,0.1317950645
9259000000,0.116955956433
9267000000,0.10262177173
9274000000,0.0890052434474
9282000000,0.16056228701
9292000000,0.143176241178
9302000000,0.198295839051
9312000000,0.178151237763
9320000000,0.158264714016
9332000000,0.139018348306
9342000000,0.120706038577
9350000000,0.103542691152
9361000000,0.178311339517
9379000000,0.158604099161
9381000000,0.1394811006
9391000000,0.188865262378
9399000000,0.16768392517
9412000000,0.147198117393
9422000000,0.127721760476
9427000000,0.109484175827
9429000000,0.187117042893
9451000000,0.16642673749
9461000000,0.213041375865
9470000000,0.189884948389
9480000000,0.167340840363
9491000000,0.145785690995
9502000000,0.125501981295
9516000000,0.106661810877
9523000000,0.0893746455084
9530000000,0.159004102679
9539000000,0.139493126111
9552000000,0.19802764104
9560000000,0.175928684988
9571000000,0.154538683472
9580000000,0.134183052617
9591000000,0.186147965818
9600000000,0.163740225112
9602000000,0.142369161649
9619000000,0.122294362069
9632000000,0.169790607781
9643000000,0.148889239157
9658000000,0.129050031769
9661000000,0.110473743101
9668000000,0.142786962187
9680000000,0.123962340523
9682000000,0.106308026229
9702000000,0.155736014849
9712000000,0.137213636691
9721000000,0.119522437812
9729000000,0.102856938696
9741000000,0.121259589162
9751000000,0.104980043286
9761000000,0.0897586878272
9771000000,0.0757131737963
9791000000,0.116562210867
9801000000,0.10167281306
9805000000,0.0876212566491
9812000000,0.0745445105408
9822000000,0.0921681390774
9831000000,0.0794460667549
9841000000,0.0676066985161
9852000000,0.0567298550604
9861000000,0.0900970099475
9873000000,0.0784179414555
9881000000,0.0674217371224
9881000000,0.0572147358184
9901000000,0.0709454587587
9913000000,0.0612093200229
9922000000,0.052140412695
9929000000,0.0438039392513
9949000000,0.0684924137394
9949000000,0.0597881304133
9963000000,0.0515630426547
9964000000,0.0439013517396
9993000000,0.0368563060185
9993000000,0.0532337398026
10002000000,0.0460897983648
10002000000,0.0394131319937
10002000000,0.0332446685961
10029000000,0.0500563908558
10037000000,0.0436064044244
10059000000,0.0375286223489
10059000000,0.0318814461236
10059000000,0.0178074590233
10103000000,0.0140790360459
10111000000,0.051191104221
10120000000,0.0459668508648
10124000000,0.0408066987902
10141000000,-0.15380945453
10153000000,-0.147963938728
10162000000,-0.140032966723
10171000000,-0.130659875328
10177000000,-0.402027973233
10190000000,-0.375080586097
10195000000,-0.345452935609
10207000000,-0.314384300868
10220000000,-0.577929359994
10227000000,-0.529456440898
10242000000,-0.479420793757
10248000000,-0.429277452612
10259000000,-0.380172756041
10272000000,-0.609643336543
10274000000,-0.549176621925
10291000000,-0.489255537262
10299000000,-0.668141197043
10311000000,-0.59878647165
10322000000,-0.530763238949
10329000000,-0.465315903837
10344000000,-0.595819214019
10350000000,-0.526714975682
10363000000,-0.460511871855
10400000000,-0.398074796712
10400000000,-0.340013872998
10400000000,-0.286707957591
10400000000,-0.23834304481
10400000000,-0.194957130016
10400000000,-0.283912116653
10431000000,-0.346707542458
10441000000,-0.302447568645
10448000000,-0.260869854839
10459000000,-0.236564222427
10468000000,-0.200411612246
10480000000,-0.167525068929
10483000000,-0.137950283004
10485000000,-0.111650028464
10510000000,-0.0329771802078
10521000000,-0.0164717915744
10524000000,-0.00321311178262
10526000000,0.00719542586202
10544000000,0.079215223245
10560000000,0.0811598162766
10562000000,0.0807581457374
10565000000,0.0785239671442
10592000000,0.215532949791
10596000000,0.202423978398
10611000000,0.187426043418
10619000000,0.171278624878
10630000000,0.154585101473
10639000000,0.263063715777
10648000000,0.238961383358
10660000000,0.389753359694
10667000000,0.355254355842
10681000000,0.319957431491
10691000000,0.284832754151
10696000000,0.250628747345
10709000000,0.36138471334
10719000000,0.321582493198
10731000000,0.282893446146
10739000000,0.245940655043
10752000000,0.395800728637
10757000000,0.351910232081
10766000000,0.309288391689
10777000000,0.268622050897
10791000000,0.405157801764
10804000000,0.358557343966
10811000000,0.313687253293
10819000000,0.424958432606
10838000000,0.376597745295
10841000000,0.329881019275
10851000000,0.285524074133
10861000000,0.42765952271
10871000000,0.379303847641
10879000000,0.3326101595
10891000000,0.288200009573
10901000000,0.246583305967
10911000000,0.317079116497
10921000000,0.274692157249
10931000000,0.234988121167
10939000000,0.198291431803
10950000000,0.353281025937
10962000000,0.311002116652
10971000000,0.270555278929
10981000000,0.334399938623
10992000000,0.293352323183
11002000000,0.254283964003
11012000000,0.217663396931
11022000000,0.18381510689
11029000000,0.309572440117
11040000000,0.271203273338
11044000000,0.234757487309
11058000000,0.200647466545
11072000000,0.25215686428
11079000000,0.2181018674
11091000000,0.186271067438
11096000000,0.156921364716
11108000000,0.239099229153
11121000000,0.207700073572
11133000000,0.178188613238
11139000000,0.150827403297
11152000000,0.193088305795
11160000000,0.165945788582
11168000000,0.140761397734
11182000000,0.117646969518
11188000000,0.154143504517
11198000000,0.131681315101
11211000000,0.110933543621
11221000000,0.0920057375129
11228000000,0.130831582931
11239000000,0.111916784851
11247000000,0.0944223168008
11257000000,0.0784274008086
11270000000,0.0822120731057
11280000000,0.0681292031562
11289000000,0.0554309060315
11301000000,0.0441109812588
11310000000,0.0825148908604
11315000000,0.0708081173959
11331000000,0.0599218192154
11341000000,0.0499383873828
11352000000,0.0408941820832
11362000000,0.0316327902412
11365000000,0.024533806197
11376000000,0.0183450115428
11376000000,0.013023414011
11397000000,0.00848708591987
11408000000,0.0240674274051
11418000000,0.0197295689724
11432000000,0.00253623229876
11443000000,-7.23168791272e-05
11463000000,-0.00215638304044
11463000000,-0.00377084715641
11474000000,-0.00498593921461
11486000000,-0.00585904168851
11486000000,-0.0111281536896
11500000000,-0.0111464655424
11512000000,-0.0455808994555
11525000000,-0.0429137839587
11540000000,-0.0398594649868
11591000000,-0.0365680884238
11591000000,-0.0231472225164
11595000000,-0.0200744661463
11604000000,-0.0829369620696
11613000000,-0.0761560484939
11621000000,-0.158790148262
11631000000,-0.146529609322
11641000000,-0.133572707275
11649000000,-0.162700189918
11660000000,-0.146976201588
11671000000,-0.131278445763
11679000000,-0.149124386771
11692000000,-0.132308012693
11698000000,-0.116070610001
11711000000,-0.100652520873
11720000000,-0.118298241497
11732000000,-0.102876181381
11739000000,-0.088393471348
11752000000,-0.129629134398
11762000000,-0.114218672631
11772000000,-0.0994816560804
11781000000,-0.134337126012
11789000000,-0.118270495386
11799000000,-0.102927443679
11810000000,-0.0884975294841
11818000000,-0.14101997862
11829000000,-0.124541613874
11842000000,-0.108724669532
11848000000,-0.0937863630082
11859000000,-0.129880824052
11869000000,-0.113822656858
11881000000,-0.0985796423958
11890000000,-0.0843245228761
11895000000,-0.131864050442
11912000000,-0.115893406715
11921000000,-0.100668437923
11932000000,-0.0863728130624
11938000000,-0.124690861045
11951000000,-0.109274817138
11959000000,-0.09464027418
11970000000,-0.130460010693
11977000000,-0.115055321351
11991000000,-0.100286861932
11995000000,-0.0863585086408
12009000000,-0.073403904259
12018000000,-0.0615070435868
12028000000,-0.0507111653088
12038000000,-0.0929275693679
12050000000,-0.0812254549082
12057000000,-0.0701341215056
12069000000,-0.0597773950598
12077000000,-0.0880864905829
12090000000,-0.0770697048814
12100000000,-0.0666181966623
12111000000,-0.0585841547761
12118000000,-0.105128864729
12118000000,-0.093099487458
12118000000,-0.310829898697
12152000000,-0.286666375886
12161000000,-0.261159960966
12170000000,-0.235173679553
12176000000,-0.209395961049
12190000000,-0.511456722154
12198000000,-0.467047547472
12205000000,-0.42155880975
12220000000,-0.376242880575
12232000000,-0.652692428417
12243000000,-0.58907858337
12250000000,-0.525741124254
12257000000,-0.464049777139
12269000000,-0.405028463271
12278000000,-0.358582216963
12292000000,-0.610473980986
12300000000,-0.542300623709
12309000000,-0.788258916707
12319000000,-0.705731659668
12324000000,-0.624912567357
12324000000,-0.547249843389
12350000000,-0.677570112055
12356000000,-0.597432384584
12357000000,-0.520927109665
12365000000,-0.449006208827
12365000000,-0.382311609237
12393000000,-0.457933010838
12393000000,-0.394810652894
12393000000,-0.33627312071
12398000000,-0.282668148456
12440000000,-0.332094768035
12440000000,-0.28228574948
12440000000,-0.236780407883
12472000000,-0.195687448818
12480000000,-0.159904508136
12486000000,-0.127449778949
12502000000,-0.0991112994652
12510000000,-0.0746522330654
12522000000,-0.0429646335028
12523000000,-0.0261220364188
12537000000,-0.0123658000219
12547000000,-0.00133786322695
12561000000,0.110654834697
12571000000,0.110268815808
12571000000,0.107372249806
12592000000,0.20972825565
12598000000,0.197367490332
12603000000,0.183074191081
12619000000,0.167594297007
12631000000,0.151525510706
12638000000,0.321898487494
12652000000,0.293511676751
12658000000,0.264418371543
12670000000,0.391244318344
12681000000,0.352787815801
12690000000,0.314441814313
12698000000,0.277059421612
12710000000,0.452671718815
12721000000,0.405039890929
12722000000,0.358266929916
12737000000,0.313217480433
12749000000,0.461924599223
12755000000,0.410833365276
12768000000,0.36124088389
12777000000,0.520529741819
12791000000,0.464698167761
12800000000,0.410140066828
12808000000,0.35778488647
12821000000,0.308338277424
12831000000,0.469315721165
12841000000,0.413761693185
12850000000,0.360548321748
12861000000,0.310338464877
12871000000,0.407155065321
12878000000,0.354712901995
12888000000,0.305265287073
12895000000,0.474030341177
12908000000,0.41781436417
12917000000,0.364011078519
12931000000,0.435802805537
12942000000,0.381772362052
12953000000,0.330456812788
12959000000,0.282445896331
12973000000,0.238114588544
12983000000,0.380632133831
12989000000,0.33323387568
12995000000,0.288230178208
13008000000,0.246135512331
13013000000,0.207284921828
13031000000,0.278326745849
13040000000,0.240152949389
13049000000,0.20453988981
13063000000,0.328311340823
13074000000,0.289924406997
13078000000,0.253030301276
13088000000,0.218137592295
13101000000,0.185606145573
13111000000,0.231711185143
13115000000,0.199527410598
13130000000,0.169584584507
13140000000,0.24386404676
13150000000,0.213273651164
13151000000,0.184266214764
13159000000,0.157149201606
13167000000,0.207342445504
13167000000,0.180346894324
13167000000,0.154922115266
13186000000,0.131318920172
13220000000,0.10964218523
13220000000,0.0899861629806
13220000000,0.0723681745661
13220000000,0.0567543920344
13260000000,0.0761433645509
13272000000,0.0624569306739
13281000000,0.122103692507
13291000000,0.106885710057
13298000000,0.0924365139981
13311000000,0.080102103739
13323000000,0.0674715844136
13328000000,0.0559225511288
13339000000,0.0829363910044
13349000000,0.0712905264702
13361000000,0.0604382677772
13370000000,0.033642761353
13380000000,0.0254935299473
13389000000,0.0184321961086
13401000000,0.0123917912304
13407000000,0.00729542579253
13420000000,0.00307063279136
13420000000,-0.000377187424614
13440000000,0.00186439847904
13450000000,-0.000622692820852
13461000000,-0.00261443966612
13466000000,-0.0356121864911
13481000000,-0.0347688207753
13492000000,-0.0628599090855
13499000000,-0.0593806385674
13507000000,-0.0553426453805
13522000000,-0.0509511029978
13531000000,-0.0463755862327
13540000000,-0.086435008869
13550000000,-0.0791370075492
13561000000,-0.0716305880122
13571000000,-0.0641230630873
13581000000,-0.108237671478
13589000000,-0.0979686533579
13602000000,-0.0876910225607
13606000000,-0.0776343534455
13622000000,0.0705158038235
13632000000,0.0719189918351
13639000000,0.0714034015335
13652000000,0.0694041189323
13661000000,0.285719094513
13671000000,0.269791415015
13681000000,0.251240343478
13684000000,0.23101747852
13686000000,0.209932989747
13711000000,0.416573042679
13716000000,0.381603582899
13718000000,0.345540963588
13741000000,0.521209547173
13749000000,0.474046100225
13749000000,0.426294201182
13764000000,0.3791753246
13781000000,0.333609931137
13789000000,0.437717053592
13801000000,0.387521632015
13805000000,0.339367989616
13822000000,0.405600070592
13832000000,0.35584117298
13837000000,0.308753610424
13846000000,0.264824508792
13861000000,0.262304689095
13869000000,0.223275001544
13881000000,0.187637687024
13892000000,0.155473189365
13901000000,0.126769840829
13911000000,0.101439490525
13921000000,0.0645153184638
13930000000,0.0463360062582
13940000000,0.0311124749827
13949000000,0.0185789842048
13961000000,-0.0724293117117
13970000000,-0.0753710596008
13979000000,-0.20700094392
13990000000,-0.197809694303
14000000000,-0.186004742733
14004000000,-0.172380057579
14021000000,-0.157588873057
14029000000,-0.271407949413
14039000000,-0.247317525833
14041000000,-0.222609282931
14060000000,-0.435538216839
14072000000,-0.397915782671
14072000000,-0.35919829869
14077000000,-0.320427699627
14087000000,-0.282494737166
14111000000,-0.421752615365
14120000000,-0.376310955734
14120000000,-0.331873925662
14121000000,-0.289246786606
14147000000,-0.493910004782
14157000000,-0.441692454996
14162000000,-0.390428583562
14162000000,-0.341069986901
14185000000,-0.502097177626
14195000000,-0.447120522897
14201000000,-0.393590057932
14203000000,-0.342439654182
14225000000,-0.565995018576
14239000000,-0.504144686415
14245000000,-0.443894601426
14246000000,-0.386255975761
14270000000,-0.542876243601
14279000000,-0.480072280227
14282000000,-0.419668099359
14295000000,-0.362489022803
14311000000,-0.539692953987
14321000000,-0.476293870081
14324000000,-0.41545268376
14339000000,-0.357996439097
14350000000,-0.500713576434
14359000000,-0.439258864918
14364000000,-0.380842276729
14365000000,-0.326053917805
14389000000,-0.442656823352
14400000000,-0.386751854988
14405000000,-0.333835194724
14405000000,-0.284468796626
14430000000,-0.450572004081
14440000000,-0.39573003558
14445000000,-0.343452648905
14446000000,-0.294368620852
14471000000,-0.350903391701
14478000000,-0.30306654078
14488000000,-0.258410595414
14502000000,-0.217275130535
14511000000,-0.36323920154
14518000000,-0.31807172717
14531000000,-0.275175512558
14537000000,-0.235046616285
14552000000,-0.276277195403
14560000000,-0.237484867758
14572000000,-0.201453895944
14579000000,-0.300714659949
14584000000,-0.262505212812
14599000000,-0.226358575255
14599000000,-0.192665225383
14599000000,-0.161664938686
14600000000,-0.133486945404
14640000000,-0.155705158093
14652000000,-0.130127130058
14661000000,-0.182675110598
14671000000,-0.157453830179
14682000000,-0.133936424755
14692000000,-0.112296261747
14702000000,-0.0926249966752
14712000000,-0.074951080481
14724000000,-0.0930506175075
14725000000,-0.077219010738
14738000000,-0.0834462566735
14751000000,-0.0694705731535
14760000000,-0.0568191248143
14770000000,-0.0454990124233
14786000000,-0.0451524753862
14787000000,-0.0357592666585
14798000000,-0.0275095213574
14826000000,-0.0203299909846
14827000000,-0.00890620830641
14827000000,-0.00452124809566
14847000000,-0.00091577468578
14862000000,0.0368096329587
14872000000,0.0367674207278
14882000000,0.0359443649966
14891000000,0.0370801133939
14903000000,0.0773796851338
14914000000,0.0723457339105
14934000000,0.0667865661224
14934000000,0.0609341735972
14946000000,0.0549746062347
14957000000,0.0490597745776
14965000000,0.0433178223824
14979000000,0.0507820883396
14994000000,0.0448273569158
14994000000,0.0391358730992
15005000000,0.0337761542242
15012000000,0.0971200626953
15043000000,0.173330544429
15043000000,0.143415309487
15053000000,0.12823501153
15063000000,0.113387803929
15071000000,0.148777588467
15081000000,0.132592640547
15087000000,0.116857857382
15100000000,0.101820744353
15112000000,0.0876643685951
15121000000,0.10986857824
15131000000,0.0955463297695
15135000000,0.0820889794372
15152000000,0.176735793926
15159000000,0.159175279267
15172000000,0.141738273005
15181000000,0.124781471795
15194000000,0.195308630987
15203000000,0.17429448755
15212000000,0.153789061898
15221000000,0.134142557693
15229000000,0.115616069231
15241000000,0.0983889537138
15252000000,0.180994201804
15260000000,0.160575319474
15271000000,0.239901390547
15277000000,0.215741627395
15291000000,0.191821652349
15300000000,0.168628759037
15310000000,0.226075863792
15321000000,0.200032094392
15331000000,0.174970166418
15342000000,0.216914177685
15352000000,0.190655970777
15361000000,0.165638045407
15371000000,0.142159129039
15382000000,0.203426055298
15391000000,0.178680426149
15402000000,0.155114320999
15410000000,0.13301025348
15421000000,0.112553548093
15433000000,0.153718456993
15438000000,0.13291189314
15451000000,0.113489041624
15461000000,0.165438200259
15471000000,0.144839959205
15482000000,0.125302151723
15485000000,0.107039764772
15499000000,0.151747935532
15511000000,0.132865913836
15518000000,0.114953228954
15531000000,0.0982172231179
15538000000,0.0827679008681
15550000000,0.119940955263
15559000000,0.104445201733
15568000000,0.0898377557142
15577000000,0.130876146283
15585000000,0.114777672439
15599000000,0.0994780917734
15603000000,0.0851419941113
15621000000,0.0718780368353
15631000000,0.0926889643212
15641000000,0.0796399627508
15651000000,0.0675213125902
15659000000,0.109468150781
15663000000,0.0962187752836
15675000000,0.083580297519
15693000000,0.0716942604676
15699000000,0.061372322707
15707000000,0.0745275686942
15721000000,0.0638008082159
15737000000,0.0538738051974
15740000000,0.0898997130566
15749000000,0.0791299038821
15762000000,0.0688227959973
15766000000,0.0591139276049
15774000000,0.0500968998028
15791000000,0.060414331504
15798000000,0.05168421363
15807000000,0.0436115868218
15809000000,0.0362440140512
15821000000,0.0604020145531
15837000000,0.0526885526562
15840000000,0.0453936427454
15862000000,0.0538713425912
15870000000,0.0467629195609
15878000000,0.0400820768269
15889000000,0.0338956359353
15899000000,0.0282327132434
15912000000,0.0376976484491
15922000000,0.0322148671807
15924000000,0.0271455330626
15925000000,0.0225168854689
15951000000,0.0264687171763
15959000000,0.0222169920474
15962000000,0.0183489146507
15978000000,0.014865250332
15978000000,0.0117653524337
15999000000,0.00771636193477
16004000000,0.00543287211622
16004000000,0.00349394649666
16029000000,0.00523577101713
16038000000,0.00370135585138
16043000000,0.00239244351887
16062000000,-0.00734343712965
16071000000,-0.00775800087485
16082000000,-0.00792331576343
16085000000,-0.00788769888134
16098000000,-0.00769253069257
16109000000,-0.0102969282232
16121000000,-0.009703046131
16121000000,-0.00902661085979
16141000000,-0.00829875830046
16150000000,-0.0192044068244
16157000000,-0.0177792164381
16168000000,-0.0162621466832
16177000000,-0.0238761106902
16192000000,-0.0217723468199
16200000000,-0.0196298297265
16200000000,-0.0175036437955
16216000000,-0.0154368717765
16229000000,-0.0273227693888
16241000000,-0.0245769895401
16248000000,-0.0218612795542
16257000000,-0.0192296057545
16270000000,-0.0432058142908
16280000000,-0.0393727940054
16289000000,-0.0354632879158
16301000000,-0.0315833901128
16312000000,-0.019656911139
16320000000,-0.0165577579162
16325000000,-0.0137388387972
16341000000,-0.0112020631738
16350000000,-0.0325471345776
16360000000,-0.0289861549639
16367000000,-0.0255216622124
16378000000,-0.0475921410367
16392000000,-0.0430215595186
16402000000,-0.0384479217719
16411000000,-0.033972296997
16420000000,-0.0296722603465
16431000000,-0.0472937204272
16440000000,-0.0422017419043
16451000000,-0.0372315021455
16461000000,-0.0324687136124
16471000000,-0.0573623286184
16472000000,-0.051379922208
16491000000,-0.0454997786049
16502000000,-0.0398323961276
16510000000,-0.0555818552423
16520000000,-0.0491816069131
16531000000,-0.0430221251682
16540000000,-0.037191691921
16546000000,-0.0575464859101
16560000000,-0.050846236068
16566000000,-0.0444106715034
16581000000,-0.0568548513494
16589000000,-0.0501526766944
16598000000,-0.0437299445518
16598000000,-0.0376746107501
16598000000,-0.0320463011162
16630000000,-0.0268768463514
16638000000,-0.0452591498514
16650000000,-0.0397253429633
16650000000,-0.0344583346358
16669000000,-0.0295200618179
16669000000,-0.0249521653092
16669000000,-0.0390001456041
16688000000,-0.034215398124
16706000000,-0.029659972399
16714000000,-0.0462759108969
16723000000,-0.0411832449664
16723000000,-0.0362337097822
16723000000,-0.0315059762436
16760000000,-0.0427196848632
16769000000,-0.0376149781169
16775000000,-0.0327326150348
16792000000,-0.0281350141013
16801000000,0.549160171477
16810000000,0.520230126568
16820000000,0.48579279013
16830000000,1.27956476658
16836000000,1.18637183289
16846000000,1.08640816199
16846000000,0.983353098505
16847000000,0.880172286698
16877000000,1.6829987469
16896000000,1.53175311183
16896000000,1.37833261819
16911000000,1.226641345
16918000000,1.88278797024
16924000000,1.69049765419
16940000000,1.50122846423
16951000000,1.55439198988
16963000000,1.36596418111
16965000000,1.18702421405
16979000000,1.01956519386
16991000000,0.864912559202
17001000000,0.723838926201
17012000000,0.596632847312
17023000000,0.483208889107
17024000000,0.383191396866
17039000000,0.295981471507
17044000000,0.220806577496
17044000000,0.156802748967
17044000000,-0.0132974250423
17044000000,-0.0311012161223
17044000000,-0.0441986554217
17095000000,-0.0532899906925
17111000000,-0.0590183671393
17122000000,-0.0619829594111
17131000000,-0.0627133724171
17135000000,-0.0616180498559
17153000000,-0.0590798251107
17161000000,-0.0554600516759
17171000000,-0.0510643197195
17173000000,-0.0461548418347
17175000000,-0.0409651385125
17198000000,-0.0356987142077
17212000000,-0.0304438363917
17212000000,-0.0252662252429
17230000000,-0.0202629108122
17242000000,-0.0155057742349
17245000000,-0.0110495825034
17246000000,-0.00694387725058
17246000000,-0.00324651053801
17282000000,7.29461077656e-05
17295000000,0.00309322285177
17308000000,0.00582114240985
17308000000,0.00825798026284
17318000000,0.0104098923572
17337000000,0.01227646696
17344000000,0.0138299121944
17352000000,0.015102048804
17357000000,0.016209755007
17366000000,0.0171931603243
17397000000,0.0187969707391
17421000000,0.0194184298983
17421000000,0.0198838750896
17421000000,0.0201862782989
17421000000,0.0204374716608
17421000000,0.0207000469565
17421000000,0.0209646251365
17421000000,0.0212232244256
17470000000,0.021459310271
17470000000,0.0216345702612
17486000000,-0.000801076905631
17498000000,0.0234013617246
17503000000,0.0237184854648
17521000000,0.0240083276643
17523000000,0.0242673969365
17524000000,0.0244861123305
17524000000,0.0246375062953
17560000000,-0.217155643693
17562000000,-0.201729348992
17565000000,-0.184485412114
17589000000,-0.588303432761
17601000000,-0.543591912232
17605000000,-0.495603631676
17620000000,-0.446135462352
17630000000,-0.396679541699
17640000000,-1.06721016545
17646000000,-0.972905124552
17647000000,-0.876204888712
17660000000,-0.779787524104
17682000000,-1.30249910008
17687000000,-1.17140534167
17696000000,-1.04139741898
17711000000,-1.79545499593
17719000000,-1.61981345533
17720000000,-1.44458502206
17740000000,-1.27360656514
17741000000,-1.77912130303
17762000000,-1.58729722355
17762000000,-1.40008710393
17781000000,-1.22084980619
17788000000,-1.85108140889
17798000000,-1.64165078438
17798000000,-1.43937113959
17798000000,-1.2472765727
17798000000,-1.06752576197
17798000000,-0.901563560531
17852000000,-1.29556771419
17860000000,-1.70872722473
17869000000,-1.51299446739
17877000000,-1.32446028898
17892000000,-1.483189878
17899000000,-1.29756713554
17912000000,-1.12186416868
17919000000,-0.958007508889
17929000000,-0.807145981246
17938000000,-0.669837552452
17952000000,-0.704375091725
17961000000,-0.585799565551
17968000000,-0.478944561182
17982000000,-0.57567560724
17983000000,-0.480278989138
18011000000,-0.394112648868
18011000000,-0.317106362427
18019000000,-0.249044211696
18019000000,-0.189578481277
18020000000,-0.138232552656
18053000000,-0.080249495283
18061000000,-0.0443831799105
18061000000,-0.0149488318004
18082000000,-0.0352566747067
18086000000,-0.013964572732
18101000000,0.00330579342822
18109000000,0.0170064257533
18122000000,0.119045611022
18125000000,0.120782382169
18125000000,0.119560175281
18145000000,0.200593771813
18146000000,0.190270212025
18170000000,0.321175037176
18177000000,0.299390321081
18183000000,0.275599175997
18183000000,0.250744013492
18207000000,0.225597289083
18220000000,0.200786346504
18232000000,0.176788367262
18239000000,0.330284771794
18252000000,0.298516497295
18261000000,0.482602462373
18270000000,0.4392832845
18281000000,0.3953069554
18285000000,0.351796381108
18286000000,0.309616812259
18291000000,0.269420313093
18319000000,0.458772837639
18319000000,0.40957598322
18319000000,0.361598728585
18319000000,0.31565174217
18361000000,0.53373032095
18370000000,0.476342967425
18379000000,0.42037942605
18391000000,0.623773169229
18400000000,0.556129134976
18412000000,0.490289613391
18419000000,0.427343802393
18427000000,0.671037042153
18433000000,0.596990960258
18433000000,0.525160121804
18433000000,0.456680582437
18470000000,0.392371092265
18480000000,0.540178842455
18490000000,0.472117070785
18501000000,0.759709470554
18509000000,0.677196970582
18521000000,0.596863359216
18524000000,0.520046002549
18535000000,0.447719051885
18550000000,0.729762826004
18559000000,0.648682916131
18571000000,0.570087910875
18579000000,0.495220410323
