%time,field
2000000,0.0
16000000,-1.05760820689e-27
26000000,-1.50890888071e-26
35000000,-9.26955058624e-25
42000000,-3.14958933436e-24
59000000,-3.67812491038e-25
82000000,2.61162040453e-27
82000000,1.43901593608e-24
118000000,7.24866629376e-25
118000000,4.94286366972e-24
123000000,7.06070981673e-24
139000000,4.1842744177e-19
151000000,3.81257557618e-15
169000000,-7.60282719826e-16
169000000,2.23857368408e-07
172000000,1.04535735286e-06
182000000,8.17645645823e-07
190000000,1.51363060578e-06
203000000,1.15783715382e-06
205000000,1.73874534936e-06
220000000,1.3349008933e-06
231000000,-0.000473686356565
240000000,-0.000925744678608
251000000,-0.00135040745665
251000000,-0.00174317014652
273000000,-0.00159471864106
278000000,-0.00131144527748
285000000,-0.00102994268307
285000000,-0.0007548787237
305000000,-0.000493207350188
321000000,-0.000245857752881
331000000,-3.37489448431e-05
340000000,8.89413563959e-05
348000000,0.000195300604456
360000000,0.000166043506242
367000000,4.54567818402e-05
381000000,-7.30447739043e-05
390000000,-0.000154527935884
401000000,-0.000194051776662
412000000,-0.000235121552328
421000000,-0.000249986168358
430000000,-0.000250712039999
441000000,-0.000250438008438
442000000,-0.000249753519668
457000000,-0.000241962553557
469000000,-0.000225809022883
477000000,-0.00020989963177
480000000,-0.000194769931002
480000000,-0.000180600216064
511000000,-0.000164069489002
521000000,-0.000148523405838
524000000,-0.000134415415875
524000000,-0.000121757990892
545000000,-0.000110480269948
562000000,-0.000100539311876
565000000,-9.1917795872e-05
566000000,-8.45321622023e-05
592000000,-7.82326640635e-05
600000000,-7.29613011675e-05
610000000,-6.8628736239e-05
625000000,-6.51353339077e-05
638000000,-6.23830971124e-05
647000000,-5.94862363032e-05
652000000,-5.71956015971e-05
662000000,-5.51404450291e-05
673000000,-5.24212796535e-05
685000000,-5.017901269e-05
691000000,-4.83635736227e-05
701000000,-4.56205356804e-05
711000000,-4.31450144826e-05
720000000,-4.10493723928e-05
728000000,-3.92987670457e-05
735000000,-3.64746044294e-05
745000000,-3.40143305488e-05
759000000,-3.1896841953e-05
764000000,-3.00972485777e-05
781000000,-2.8185322334e-05
792000000,-2.56480064283e-05
800000000,-2.34288209633e-05
809000000,-2.15111093924e-05
820000000,-1.98748521037e-05
829000000,-1.73002639561e-05
836000000,-1.50310595806e-05
848000000,-1.30533867494e-05
860000000,-1.13518283557e-05
871000000,-9.90708846838e-06
881000000,-8.69837991718e-06
888000000,-6.85465030682e-06
896000000,-5.04860264017e-06
906000000,-3.4797409174e-06
921000000,-1.00953202132e-06
928000000,1.3074059849e-06
941000000,3.34983185762e-06
951000000,5.49710670121e-06
961000000,7.73342872704e-06
970000000,9.69344663389e-06
981000000,1.13931255595e-05
981000000,1.28493266447e-05
997000000,1.40797698232e-05
1006000000,1.54889338204e-05
1014000000,1.70642101189e-05
1027000000,1.88032013632e-05
1038000000,2.08730434112e-05
1050000000,2.27001117951e-05
1061000000,2.4405322e-05
1072000000,2.63127767717e-05
1081000000,2.79827591219e-05
1091000000,2.94277958859e-05
1099000000,3.06625871633e-05
1110000000,3.17037651014e-05
1120000000,3.28317870352e-05
1132000000,3.40434379241e-05
1139000000,3.50822158347e-05
1150000000,3.60066618965e-05
1161000000,3.71775634004e-05
1171000000,3.81898248164e-05
1180000000,3.9054068715e-05
1192000000,4.00829329474e-05
1202000000,4.10430249049e-05
1208000000,4.18678372007e-05
1208000000,4.25688833191e-05
1228000000,4.31969776869e-05
1235000000,4.38766266515e-05
1249000000,4.44514979268e-05
1259000000,4.49495704191e-05
1272000000,4.53722995776e-05
1281000000,4.57154575032e-05
1289000000,4.59901517294e-05
1301000000,4.6205362815e-05
1312000000,4.63681658754e-05
1320000000,4.63653270873e-05
1325000000,4.6318180307e-05
1339000000,4.62471417124e-05
1350000000,4.58701137382e-05
1361000000,4.54295248271e-05
1362000000,4.50079467563e-05
1381000000,4.46103202099e-05
1388000000,4.37108039574e-05
1401000000,4.27478204107e-05
1412000000,4.1858759614e-05
1418000000,4.10471000763e-05
1430000000,3.97977618302e-05
1440000000,3.8323585359e-05
1449000000,3.69836302116e-05
1460000000,3.57786955537e-05
1471000000,3.42173544434e-05
1480000000,3.20974916702e-05
1488000000,3.01763848187e-05
1501000000,2.84549464831e-05
1510000000,2.55042304038e-05
1518000000,2.2829870386e-05
1528000000,1.98977597446e-05
1540000000,1.60527982216e-05
1552000000,1.25796394123e-05
1561000000,9.47675857171e-06
1562000000,6.73428967247e-06
1575000000,4.33897192621e-06
1585000000,1.65044620942e-06
1600000000,-2.09013506199e-06
1621000000,-5.42453759531e-06
1634000000,-8.36469516368e-06
1634000000,-1.0928991182e-05
1646000000,-1.31405770246e-05
1646000000,-1.50238344256e-05
1661000000,-1.91928995498e-05
1670000000,-2.579269711e-05
1685000000,-3.17965465921e-05
1696000000,-3.71965426766e-05
1702000000,-4.20004014241e-05
1711000000,-4.83689646698e-05
1721000000,-5.42918106096e-05
1755000000,-5.95367296539e-05
1755000000,-6.41294149345e-05
1772000000,-6.81055436432e-05
1772000000,-7.43797379682e-05
1788000000,-7.67720317665e-05
1792000000,-7.95935030411e-05
1802000000,-8.56670196443e-05
1813000000,-9.28048936081e-05
1823000000,-0.000101414359092
1831000000,-0.000110098820275
1841000000,-0.000117890324052
1862000000,-0.000124803866174
1862000000,-0.000130871176262
1870000000,-0.00013833438463
1882000000,-0.000145833767895
1890000000,-0.000152431106369
1899000000,-0.000158179261223
1910000000,-0.000165767173301
1921000000,-0.000173076001804
1928000000,-0.000179483705199
1940000000,-0.000186388874222
1946000000,-0.000194369283857
1959000000,-0.000201401999793
1964000000,-0.000207529180666
1982000000,-0.000212805475554
1991000000,-0.000219542732309
2001000000,-0.000226350816021
2007000000,-0.000232294662367
2016000000,-0.000238905506947
2022000000,-0.000246115753652
2035000000,-0.000252439360862
2047000000,-0.000257921752055
2048000000,-0.000264733015972
2063000000,-0.000271199627059
2075000000,-0.000276830527455
2088000000,-0.000282347140944
2101000000,-0.0002886007211
2111000000,-0.0002940501533
2122000000,-0.000298742030875
2128000000,-0.000302731549944
2140000000,-0.000306431043936
2153000000,-0.000310901191552
2161000000,-0.000314744204794
2171000000,-0.000318006470832
2177000000,-0.000321394215459
2190000000,-0.000324682210309
2205000000,-0.000327467457296
2212000000,-0.000329794842997
2237000000,-0.000331709727229
2237000000,-0.000333256846589
2237000000,-0.000334479552878
2251000000,-0.000335700351905
2256000000,-0.000336699682476
2272000000,-0.000337175943953
2281000000,-0.00033746828402
2294000000,-0.000337610408185
2299000000,-0.000337631170857
2304000000,-0.000337280712167
2322000000,-0.000335816697368
2332000000,-0.000334149122805
2342000000,-0.000330526595502
2352000000,-0.000327112145076
2363000000,-0.000323939631167
2371000000,-0.000321029481009
2379000000,-0.00031839163007
2389000000,-0.000313858108444
2397000000,-0.000308815539958
2409000000,-0.00030423331003
2420000000,-0.000300114278971
2430000000,-0.000296015545393
2439000000,-0.000288552890363
2448000000,-0.000281775896414
2460000000,-0.000272956361164
2472000000,-0.000262313921475
2479000000,-0.000252679488849
2479000000,-0.000244052419361
2500000000,-0.000236411122343
2501000000,-0.000229719904841
2520000000,-0.000217929889431
2523000000,-0.000207342768311
2523000000,-0.00019794068009
2543000000,-0.000189681672992
2559000000,-0.000180050687524
2566000000,-0.000165993147161
2566000000,-0.000153381215733
2592000000,-0.000140400521497
2601000000,-0.000121910624183
2610000000,-0.000105272608136
2619000000,-8.84968966129e-05
2632000000,-6.59377860704e-05
2641000000,-4.56677580596e-05
2649000000,-2.76541203237e-05
2660000000,-4.58254044864e-06
2671000000,1.9004151755e-05
2682000000,3.99604531181e-05
2692000000,5.83742501608e-05
2703000000,7.4373357602e-05
2712000000,9.39130840176e-05
2721000000,0.000116675953851
2727000000,0.000136787826348
2727000000,0.00015435706421
2752000000,0.000169528123866
2762000000,0.000184895359762
2772000000,0.000207532102316
2785000000,0.000234055999622
2815000000,0.000264022569683
2815000000,0.000314453906736
2833000000,0.000335121825788
2833000000,0.000352970419336
2849000000,0.000375378668576
2862000000,0.000397950957266
2862000000,0.000417661968369
2873000000,0.000442737265416
2882000000,0.000472683577449
2906000000,0.000499290894843
2906000000,0.000522669817555
2912000000,0.000545438865021
2917000000,0.000574774768433
2929000000,0.000600706172138
2942000000,0.000623397670562
2953000000,0.000643033798124
2965000000,0.000671683127197
2975000000,0.000696992838642
2982000000,0.000742054204949
2992000000,0.000872201331017
3002000000,0.000992522074278
3002000000,0.00110240787172
3002000000,0.00120161244094
3026000000,0.00129017602532
3040000000,0.00140390060702
3044000000,0.00150554579416
3045000000,0.00159539475719
3071000000,0.00168675964222
3080000000,0.00176802945149
3080000000,0.00183841088201
3098000000,0.00189863449412
3107000000,0.00195873251808
3121000000,0.00201072589331
3124000000,0.0020543628752
3125000000,0.00209043759578
3150000000,0.00212988549699
3161000000,0.00216383142635
3164000000,0.00219176925463
3176000000,0.00221434180558
3189000000,0.00224271336591
3201000000,0.00226745533699
3204000000,0.00228783433567
3220000000,0.00230541637154
3231000000,0.00232913450579
3239000000,0.00234918662552
3245000000,0.00236589676847
3262000000,0.00237959526582
3272000000,0.00239853177722
3283000000,0.00241548430075
3292000000,0.00242977857407
3299000000,0.0024416549776
3308000000,0.00245603190165
3320000000,0.00246933396938
3332000000,0.00248054386985
3340000000,0.00249114430929
3349000000,0.00250121762453
3361000000,0.00250960236896
3372000000,0.00251646304188
3375000000,0.00252196660795
3389000000,0.00252480642402
3401000000,0.00252669430348
3411000000,0.00252778818969
3422000000,0.00252822920004
3429000000,0.00252256240127
3444000000,0.00251544872295
3447000000,0.00250847755219
3458000000,0.0025017702567
3470000000,0.00240530617677
3474000000,0.00225607340396
3484000000,0.00211710431827
3484000000,0.00198933270878
3484000000,0.00177120580999
3484000000,0.00155997716889
3490000000,0.00136807901333
3490000000,0.0011957078198
3540000000,0.00104259030715
3561000000,0.000855124843464
3570000000,0.000654481427854
3580000000,0.000469285909236
3592000000,0.000246276733141
3602000000,4.78401226787e-05
3610000000,-0.000126791434012
3621000000,-0.000295943485711
3631000000,-0.000480869091649
3643000000,-0.00064260196859
3651000000,-0.000782438728205
3661000000,-0.000919657023153
3671000000,-0.00105440050111
3681000000,-0.00116984555513
3691000000,-0.0012674945021
3702000000,-0.0013489241515
3709000000,-0.00144347898657
3719000000,-0.00152635577195
3731000000,-0.00159568607904
3742000000,-0.00165279006427
3747000000,-0.00155416832104
3762000000,-0.00143895964038
3769000000,-0.00132626360432
3783000000,-0.00120971952757
3789000000,-0.00108065191179
3799000000,-0.000960309727827
3799000000,-0.000849539887727
3810000000,-0.000748791439758
3825000000,-0.000658195082675
3841000000,-0.000577622434981
3849000000,-0.000523186234372
3857000000,-0.00048508831643
3869000000,-0.000478883689864
3875000000,-0.000477405154704
3888000000,-0.000479682325429
3900000000,-0.000484867661264
3909000000,-0.000492225077735
3914000000,-0.000501125496204
3932000000,-0.00052542235646
3942000000,-0.000589137050438
3947000000,-0.000652967513457
3948000000,-0.000712732189145
3970000000,-0.000767953341451
3970000000,-0.000818355400456
3992000000,-0.000871969913741
3999000000,-0.000938464870579
4010000000,-0.000998510988835
4021000000,-0.00108151722218
4027000000,-0.00115647884779
4028000000,-0.00122341972663
4031000000,-0.00128253937097
4038000000,-0.00133416738403
4067000000,-0.00137873280841
4080000000,-0.00142648719496
4091000000,-0.00148952059497
4102000000,-0.00157474863722
4112000000,-0.00165426737831
4122000000,-0.00172483840025
4129000000,-0.00178677473494
4141000000,-0.00184674238183
4148000000,-0.00192294619867
4161000000,-0.00199017195208
4169000000,-0.00204881546218
4183000000,-0.0021221707884
4189000000,-0.00219220718069
4197000000,-0.00225345067633
4206000000,-0.00230639127188
4220000000,-0.00237155332752
4229000000,-0.00243327301158
4233000000,-0.00248686251025
4234000000,-0.00253284011629
4249000000,-0.00258004253896
4264000000,-0.00263241067465
4273000000,-0.002677682836
4280000000,-0.0027163474833
4296000000,-0.0027489372151
4309000000,-0.00277600581053
4321000000,-0.00279959929764
4328000000,-0.00283174466483
4339000000,-0.00285911160307
4352000000,-0.0028081943866
4352000000,-0.00270968697976
4367000000,-0.00261566337021
4369000000,-0.00248518340762
4386000000,-0.00230279581883
4400000000,-0.00213389471591
4404000000,-0.00197939389328
4404000000,-0.00183969833797
4405000000,-0.00170522189514
4436000000,-0.00150437320398
4451000000,-0.00132298902874
4451000000,-0.00116099558462
4468000000,-0.00101748267488
4477000000,-0.000827958060667
4483000000,-0.000652588819479
4494000000,-0.000497931137055
4511000000,-0.000363059085819
4516000000,-0.000176094011835
4531000000,-1.06775485852e-05
4532000000,0.000134062936128
4551000000,0.00028020540193
4557000000,0.000437520751138
4568000000,0.000574784607121
4581000000,0.000693166469759
4590000000,0.000835382628615
4598000000,0.000969122898607
4598000000,0.00108483752429
4614000000,0.00118376038103
4614000000,0.00126723926312
4637000000,0.00134637159939
4644000000,0.00143435756338
4644000000,0.00150909553517
4671000000,0.00157813386186
4681000000,0.00166085641879
4692000000,0.00173183578092
4700000000,0.00180562506403
4711000000,0.00187202649935
4719000000,0.00192834782727
4732000000,0.00197545955689
4742000000,0.0018459396715
4751000000,0.0017009232567
4760000000,0.00156206744262
4770000000,0.00143117734934
4778000000,0.00130949444708
4790000000,0.00116301206957
4798000000,0.00102899128102
4810000000,0.000907787692538
4816000000,0.000799433666231
4825000000,0.000718129934747
4841000000,0.000647955741192
4850000000,0.000588123715372
4858000000,0.000537739212005
4869000000,0.000484011645918
4880000000,0.000438713504333
4891000000,0.000401070367715
4901000000,0.000378187890891
4909000000,0.000372474152184
4914000000,0.000370880704364
4929000000,0.000372566913396
4941000000,0.000376792959479
4948000000,0.000412463914724
4960000000,0.000447704556668
4971000000,0.000481817907333
4981000000,0.000543845046589
4992000000,0.000605263962192
5001000000,0.000662170763526
5006000000,0.000714241006345
5021000000,0.000761430857556
5033000000,0.000837262434943
5041000000,0.000906181773816
5052000000,0.000968110403253
5062000000,0.00102314450655
5068000000,0.00109248104125
5077000000,0.00116785391019
5090000000,0.00123500479733
5097000000,0.00129417009706
5111000000,0.00134571586598
5119000000,0.00139010134206
5131000000,0.00142784984417
5141000000,0.00149335586782
5145000000,0.00155130933253
5162000000,0.00162716340259
5162000000,0.00171101146306
5181000000,0.0017857382557
5189000000,0.00185160076954
5204000000,0.00192313790129
5204000000,0.00199495522312
5220000000,0.00206483783574
5233000000,0.00214152137734
5240000000,0.00220890389443
5248000000,0.00226744504383
5257000000,0.00233152814998
5267000000,0.00239290248075
5275000000,0.00244597864641
5292000000,0.00249132281328
5300000000,0.0025384739003
5309000000,0.00258429244297
5320000000,0.00262334542723
5324000000,0.00265618736581
5341000000,0.00264467771349
5352000000,0.00254355754082
5360000000,0.00244590518319
5369000000,0.00235317177942
5380000000,0.00222318421687
5392000000,0.00203996632004
5400000000,0.00187054682401
5411000000,0.00171578195819
5421000000,0.00157602460594
5427000000,0.00139977037946
5427000000,0.00120772336598
5451000000,0.00103522992803
5458000000,0.00083117290572
5471000000,0.000627532970173
5479000000,0.000446371004356
5481000000,0.000286972938583
5485000000,0.000148291258061
5485000000,2.90398943173e-05
5485000000,-7.22195187274e-05
5485000000,-0.000157031113588
5485000000,-0.000238396815256
5545000000,-0.000350311090208
5562000000,-0.000472861381758
5562000000,-0.000617072697144
5563000000,-0.00074422523556
5589000000,-0.000874959622296
5600000000,-0.00100856115775
5608000000,-0.00112538355248
5621000000,-0.00122645693303
5631000000,-0.00134185638142
5641000000,-0.00144194871846
5651000000,-0.00152773807086
5661000000,-0.00160032724846
5665000000,-0.00168596548319
5677000000,-0.00175923912077
5684000000,-0.00182112757579
5694000000,-0.00187266366858
5709000000,-0.00192630600097
5721000000,-0.00197097076453
5731000000,-0.00200755519746
5742000000,-0.00204606043434
5749000000,-0.00207867018952
5751000000,-0.00210508251383
5770000000,-0.0021260221447
5777000000,-0.00214071504299
5789000000,-0.0021492201515
5800000000,-0.00215442699309
5812000000,-0.00215690960223
5820000000,-0.00215459942396
5831000000,-0.00214817410684
5841000000,-0.00214073667939
5844000000,-0.00213266779598
5861000000,-0.00212316301482
5872000000,-0.00210388307274
5879000000,-0.00208540287766
5885000000,-0.00206796268411
5906000000,-0.00205172985228
5911000000,-0.00203681025352
5923000000,-0.00200864968099
5929000000,-0.00198116496025
5929000000,-0.00195613712677
5951000000,-0.00192816230681
5961000000,-0.00189060438755
5971000000,-0.00184440963534
5981000000,-0.00178469590567
5990000000,-0.00173037089961
6003000000,-0.00168150481734
6009000000,-0.00163803008206
6010000000,-0.00159977455975
6019000000,-0.00156648743574
6039000000,-0.00153785912262
6045000000,-0.00151291586316
6045000000,-0.00149154661144
6070000000,-0.00147490055562
6077000000,-0.00146564549218
6089000000,-0.00145893965763
6100000000,-0.0014543933038
6116000000,-0.00145224690616
6121000000,-0.0014566195332
6131000000,-0.00146183597717
6131000000,-0.00146759638297
6151000000,-0.00147422228892
6160000000,-0.00148313311565
6169000000,-0.00149180426709
6181000000,-0.0015000931834
6189000000,-0.00150819480855
6200000000,-0.00151578819406
6212000000,-0.00152274699537
6219000000,-0.00152870210609
6228000000,-0.0014303184933
6242000000,-0.0013266299308
6258000000,-0.00123013983151
6263000000,-0.00114148109145
6269000000,-0.000985830390005
6269000000,-0.000834795288606
6292000000,-0.000697525311185
6299000000,-0.000557271911693
6314000000,-0.000393315080398
6320000000,-0.000246143578015
6331000000,-0.000115496826258
6340000000,-7.98585768046e-07
6349000000,9.87671425659e-05
6364000000,0.000213111556815
6372000000,0.00032475306857
6380000000,0.000421752152295
6393000000,0.000446053952978
6397000000,0.000375961107381
6412000000,0.000303552792461
6427000000,0.000208873422037
6435000000,0.000107762377328
6447000000,1.14896966784e-05
6454000000,-7.88116381183e-05
6464000000,-0.000161116190588
6473000000,-0.000231372696033
6482000000,-0.000294664221257
6491000000,-0.000351051337744
6504000000,-0.000389451199098
6508000000,-0.000411123779804
6519000000,-0.000428227753307
6528000000,-0.000441347987839
6543000000,-0.000451042511792
6550000000,-0.000457822426992
6562000000,-0.000462155161786
6570000000,-0.000462126562089
6570000000,-0.000440136999625
6570000000,-0.000418225041522
6570000000,-0.000396862407831
6607000000,-0.000359391264544
6620000000,-0.000158826506821
6631000000,9.14102687671e-05
6637000000,0.000323708734457
6637000000,0.000536675080457
6664000000,0.000729642319293
6669000000,0.000989020843558
6682000000,0.00124458063476
6692000000,0.00148568494762
6701000000,0.00174613705151
6711000000,0.00197810058732
6725000000,0.00218242297593
6725000000,0.00236038909986
6739000000,0.00251360110975
6759000000,0.00264386723939
6764000000,0.00275312477833
6772000000,0.00285372003819
6787000000,0.00294101627152
6787000000,0.00300655615329
6800000000,0.00305822425211
6800000000,0.00309780234008
6822000000,0.00312696096566
6832000000,0.00312318918949
6841000000,0.00311081243468
6852000000,0.0030940891342
6861000000,0.00303558723557
6869000000,0.00297325846974
6878000000,0.00291278634717
6889000000,0.00285512675543
6902000000,0.00280096984816
6910000000,0.00271225023729
6921000000,0.00262070180578
6935000000,0.00253675511757
6944000000,0.0024555320926
6950000000,0.00233746547992
6957000000,0.00223023151245
6965000000,0.00213393431483
6981000000,0.00205331484279
6989000000,0.0020244696279
7000000000,0.00200263404709
7014000000,0.00198680283772
7018000000,0.00197753162076
7030000000,0.00198536793179
7040000000,0.00199580266097
7052000000,0.00200805234822
7062000000,0.00202145596282
7075000000,0.00202823515809
7094000000,0.0020356081858
7094000000,0.00204327761567
7100000000,0.00198848303206
7112000000,0.00179507571431
7122000000,0.00161437773036
7139000000,0.00144774202249
7142000000,0.00129591782879
7152000000,0.00101992377724
7162000000,0.00076729404139
7176000000,0.000538730677226
7182000000,0.000305281823141
7202000000,3.12399839603e-05
7203000000,-0.000214165591252
7204000000,-0.00043150851473
7219000000,-0.00062187367966
7231000000,-0.000843596144528
7239000000,-0.00104405979442
7254000000,-0.00121833837413
7262000000,-0.00136807350793
7262000000,-0.00152708867281
7273000000,-0.00167646086894
7286000000,-0.00180411567659
7298000000,-0.0019118053376
7298000000,-0.00200798991294
7317000000,-0.00210257475557
7326000000,-0.00218129062432
7343000000,-0.00224572803275
7353000000,-0.00214348433935
7365000000,-0.0020024579693
7365000000,-0.00186458200144
7366000000,-0.00173227507428
7389000000,-0.00160367935359
7400000000,-0.00145200533695
7404000000,-0.00131188038363
7421000000,-0.00118399042272
7437000000,-0.00106860305531
7444000000,-0.000973698281561
7452000000,-0.000898266097444
7460000000,-0.000857449968334
7473000000,-0.000827463492532
7486000000,-0.000804583152786
7492000000,-0.000787811221441
7501000000,-0.000776226775871
7508000000,-0.00076898976203
7520000000,-0.000781744947565
7535000000,-0.000807091292904
7551000000,-0.000832962745001
7551000000,-0.000864102305763
7565000000,-0.000915401393163
7565000000,-0.00096391266413
7586000000,-0.00102948678018
7588000000,-0.00109852090976
7598000000,-0.00116188058796
7602000000,-0.00121934842785
7602000000,-0.00127088389918
7631000000,-0.00131964374682
7646000000,-0.00138857410995
7646000000,-0.00145038949367
7672000000,-0.00150521440811
7673000000,-0.00155330193523
7680000000,-0.00161076523019
7694000000,-0.0016760269955
7702000000,-0.00175614576543
7714000000,-0.0018422586298
7726000000,-0.00191913818166
7726000000,-0.00198701939757
7726000000,-0.00204628819287
7726000000,-0.0020974383012
7726000000,-0.00215766748218
7726000000,-0.00224779551883
7726000000,-0.00232819015834
7791000000,-0.00239911195967
7798000000,-0.00246750484805
7813000000,-0.00252697673807
7820000000,-0.00256572600488
7833000000,-0.00258943776035
7842000000,-0.00260741596556
7852000000,-0.00262047213794
7861000000,-0.00262935477456
7863000000,-0.00263474715276
7886000000,-0.00263726199595
7892000000,-0.00265505038004
7902000000,-0.00267951504933
7913000000,-0.00263420784914
7923000000,-0.00258992475962
7943000000,-0.00254744033591
7943000000,-0.0025073230083
7952000000,-0.00243198568458
7962000000,-0.002306374748
7973000000,-0.00218989762778
7981000000,-0.0020343630243
7992000000,-0.00186010510271
8002000000,-0.00170129572935
8003000000,-0.00155821607534
8016000000,-0.0014307313665
8030000000,-0.00131838113976
8042000000,-0.00117866165066
8060000000,-0.00102068001558
8065000000,-0.00081761034112
8075000000,-0.000635331723099
8084000000,-0.000473522108748
8101000000,-0.000331465198682
8118000000,-0.00020814620008
8118000000,-0.000102348154468
8123000000,-1.27197779229e-05
8134000000,0.00010444136858
8142000000,0.000271362512421
8151000000,0.000425519632545
8162000000,0.000561194849651
8170000000,0.000679273542129
8181000000,0.000780847127986
8191000000,0.000880547779536
8192000000,0.000985080803319
8206000000,0.00107485219522
8221000000,0.00115097491062
8230000000,0.00122912812968
8241000000,0.00131636824164
8247000000,0.0013912842063
8255000000,0.00145481402643
8268000000,0.00152174331108
8281000000,0.00158421875822
8287000000,0.00164062808699
8302000000,0.00170213324783
8310000000,0.00175458955866
8319000000,0.00179874259172
8329000000,0.00183536545064
8335000000,0.00186523531797
8347000000,0.00188910674188
8362000000,0.00191129506022
8365000000,0.00193017313785
8382000000,0.00194485691354
8397000000,0.00195642065981
8397000000,0.00196479805257
8397000000,0.00197047728158
8397000000,0.0019738980645
8429000000,0.00197545370257
8441000000,0.00197546148803
8444000000,0.0019739347899
8460000000,0.00197150794611
8470000000,0.00195911330911
8483000000,0.00194077234622
8490000000,0.00192316281347
8503000000,0.00190651647054
8512000000,0.00185096120621
8522000000,0.00178230609745
8524000000,0.00171872291736
8526000000,0.00166055534389
8549000000,0.00158081713012
8558000000,0.0014906214334
8559000000,0.00140880919453
8560000000,0.00133543266499
8590000000,0.00125512236788
8602000000,0.00116144425176
8608000000,0.00107773947205
8620000000,0.000993828770652
8632000000,0.000897229543995
8641000000,0.000811484752432
8645000000,0.000736213656345
8662000000,0.000670880001498
8673000000,0.000596640885321
8681000000,0.000520230723067
8681000000,0.000453612943112
8695000000,0.000396202119617
8711000000,0.000334748147488
8722000000,0.000269741774986
8732000000,0.000213427787833
8744000000,0.00013850822704
8748000000,7.26726040727e-05
8762000000,1.5465200605e-05
8769000000,-3.36626709292e-05
8779000000,-7.53256384896e-05
8782000000,-0.00012012817266
8798000000,-0.000172745991341
8809000000,-0.000218296180559
8820000000,-0.000259529395073
8831000000,-0.000314459626442
8841000000,-0.000362516337844
8848000000,-0.000404081797579
8861000000,-0.000439597864042
8870000000,-0.000493036967179
8879000000,-0.000539995948948
8891000000,-0.000580798811582
8902000000,-0.000619391079447
8911000000,-0.000666281444743
8921000000,-0.000707226763624
8929000000,-0.000742567851846
8939000000,-0.000772697265764
8951000000,-0.000798044386928
8960000000,-0.000833272987081
8972000000,-0.000869628949371
8980000000,-0.000901205774381
8989000000,-0.000932976493568
9001000000,-0.000970807294266
9010000000,-0.00100390347286
9022000000,-0.00103252650136
9032000000,-0.00106199210021
9040000000,-0.00109872443721
9051000000,-0.00113094199366
9059000000,-0.00115887965519
9072000000,-0.00119073775648
9081000000,-0.0012235785256
9091000000,-0.00125219368042
9101000000,-0.00127683749081
9108000000,-0.00130750831635
9120000000,-0.00133659589734
9131000000,-0.00136182179692
9141000000,-0.00138343964758
9149000000,-0.00141002485082
9161000000,-0.00143509651145
9170000000,-0.0014567362463
9180000000,-0.00141937408231
9196000000,-0.00134657168299
9201000000,-0.00127715279895
9210000000,-0.00121195333536
9213000000,-0.0011515365966
9235000000,-0.0010962383137
9242000000,-0.00108498306974
9259000000,-0.00110188806541
9267000000,-0.00111973686592
9274000000,-0.00113793027919
9283000000,-0.00119804649651
9290000000,-0.00125509978348
9302000000,-0.00131141098121
9312000000,-0.00138932672609
9318000000,-0.00146112671907
9320000000,-0.00152650021875
9322000000,-0.00158534725768
9337000000,-0.00163773180852
9362000000,-0.00168854574314
9370000000,-0.00174378672498
9370000000,-0.00179244437994
9391000000,-0.00184038790652
9391000000,-0.00188752836414
9391000000,-0.00192849170173
9391000000,-0.00196366777197
9391000000,-0.00199349410991
9440000000,-0.00201881027619
9440000000,-0.00204288572433
9460000000,-0.00206304005684
9472000000,-0.00207968786752
9481000000,-0.00209301024005
9491000000,-0.00210341161853
9502000000,-0.00211127581888
9516000000,-0.00211696275812
9516000000,-0.00212080514575
9529000000,-0.00212052539986
9541000000,-0.00211850562285
9552000000,-0.00211159451186
9562000000,-0.00210169820971
9565000000,-0.00209186716271
9581000000,-0.00208230576096
9588000000,-0.00206543822635
9600000000,-0.00204957917685
9601000000,-0.00203486989805
9602000000,-0.00202139411665
9632000000,-0.00200611897344
9643000000,-0.00198540740165
9658000000,-0.00196657188649
9658000000,-0.00194963728676
9668000000,-0.00192504514379
9681000000,-0.00190051839697
9692000000,-0.00187851716333
9702000000,-0.00185806039781
9709000000,-0.00183183666013
9720000000,-0.0018084393737
9732000000,-0.00178779488986
9740000000,-0.0017633907864
9750000000,-0.00173769180309
9764000000,-0.00171498781735
9771000000,-0.00169515039691
9791000000,-0.00167288293639
9801000000,-0.00165128785958
9805000000,-0.00163248378918
9812000000,-0.00161630244579
9822000000,-0.00159680699146
9831000000,-0.00157614383508
9841000000,-0.00155811273616
9852000000,-0.0015425573852
9861000000,-0.00152427308915
9869000000,-0.00150785450488
9886000000,-0.00149372876466
9890000000,-0.00148172706258
9900000000,-0.00147104824121
9910000000,-0.00145671965763
9921000000,-0.00144433142846
9934000000,-0.00143374701017
9941000000,-0.00142338758395
9947000000,-0.00141140898871
9958000000,-0.00140108235198
9971000000,-0.00139229013695
9979000000,-0.00138490265345
9986000000,-0.00137671766171
10007000000,-0.00136844773092
10007000000,-0.00136140829902
10020000000,-0.00135549956332
10029000000,-0.00134965199095
10044000000,-0.00134415405652
10059000000,-0.00133957389242
10097000000,-0.00133581847118
10097000000,-0.00132859657
10103000000,-0.0013272651108
10112000000,-0.00132618254722
10120000000,-0.00132678459467
10128000000,-0.00132760371878
10136000000,-0.0013286720943
10151000000,-0.00133021122624
10161000000,-0.00133177285292
10171000000,-0.00133332078055
10181000000,-0.00133486281819
10188000000,-0.00133642254487
10200000000,-0.00133788895003
10209000000,-0.00133924869245
10225000000,-0.00134216090566
10230000000,-0.00134729454377
10245000000,-0.00135204790767
10245000000,-0.00135639686705
10260000000,-0.00136033127884
10272000000,-0.00136496458048
10279000000,-0.00137162468976
10291000000,-0.00137766527993
10310000000,-0.00138547541035
10314000000,-0.00139603278085
10322000000,-0.00140562467614
10330000000,-0.0014142423665
10344000000,-0.0014242081451
10351000000,-0.00143648411125
10363000000,-0.0014475122518
10364000000,-0.00145730915272
10364000000,-0.0014659180412
10364000000,-0.00147340009213
10400000000,-0.00147982789735
10400000000,-0.00148528218838
10414000000,-0.00149332261484
10431000000,-0.00150761711034
10442000000,-0.00152436921652
10449000000,-0.00153949481061
10459000000,-0.00155882968886
10466000000,-0.00157768431326
10478000000,-0.00159454036388
10482000000,-0.00160944349287
10498000000,-0.00162247477714
10510000000,-0.00164123724189
10521000000,-0.00165871349214
10525000000,-0.00167411327657
10540000000,-0.00168753274172
10548000000,-0.00170207866434
10560000000,-0.00171903599792
10565000000,-0.00173394645166
10566000000,-0.00174690893079
10590000000,-0.00176145585234
10595000000,-0.00177904170455
10609000000,-0.00179455229468
10623000000,-0.00180808191248
10632000000,-0.00181974725746
10638000000,-0.00183388899891
10650000000,-0.00184892796639
10662000000,-0.00186521953884
10670000000,-0.00188414015595
10677000000,-0.00190090147806
10687000000,-0.00191558690574
10701000000,-0.00192830850676
10711000000,-0.00194360588542
10721000000,-0.00195879424658
10731000000,-0.00197202836843
10740000000,-0.00198342552673
10751000000,-0.00199777653088
10759000000,-0.00201223655135
10771000000,-0.00202484887001
10779000000,-0.00203572004942
10789000000,-0.00204994001768
10799000000,-0.00206359095459
10811000000,-0.00207548344458
10819000000,-0.00208668124199
10836000000,-0.00210001569184
10842000000,-0.00211165911886
10852000000,-0.00212170708989
10860000000,-0.00213080195362
10871000000,-0.0021431343712
10880000000,-0.00215391434385
10891000000,-0.00216323091214
10901000000,-0.00217118613992
10904000000,-0.00218123507298
10921000000,-0.00218994574188
10924000000,-0.00219740567799
10926000000,-0.00220371378502
10949000000,-0.00221182234529
10961000000,-0.00221950840355
10970000000,-0.00222611460849
10981000000,-0.00223222379794
10990000000,-0.002239346122
11001000000,-0.00224548894776
11005000000,-0.00225072375314
11021000000,-0.00225512355837
11032000000,-0.00226141620198
11041000000,-0.00226687168468
11045000000,-0.00227154519774
11057000000,-0.00227549922875
11070000000,-0.00227951572487
11079000000,-0.00228319546667
11084000000,-0.0022862790509
11099000000,-0.00228882189401
11109000000,-0.00229214879891
11122000000,-0.00229497390791
11123000000,-0.00229734173773
11137000000,-0.00229929367543
11150000000,-0.00230100120866
11161000000,-0.00230237262749
11170000000,-0.002303446254
11178000000,-0.00230426303459
11190000000,-0.00230450326312
11200000000,-0.00230449215518
11202000000,-0.00230435386288
11218000000,-0.00230411254041
11229000000,-0.00230406277355
11241000000,-0.00230396798054
11242000000,-0.00230381605776
11255000000,-0.00230362376235
11271000000,-0.0022741721595
11280000000,-0.00224330160301
11281000000,-0.00221462816037
11301000000,-0.00218832810917
11308000000,-0.00215158774999
11318000000,-0.00211269872661
11329000000,-0.00207745520475
11339000000,-0.00204587401385
11351000000,-0.00201788720511
11351000000,-0.0019872229741
11367000000,-0.00195421721406
11380000000,-0.0019250532928
11390000000,-0.00189956789501
11402000000,-0.00187755453943
11408000000,-0.00185568644928
11420000000,-0.00183496463421
11431000000,-0.00181391308868
11443000000,-0.00179502634054
11450000000,-0.0017789457062
11450000000,-0.00176543448379
11463000000,-0.00175425194068
11481000000,-0.0017451573262
11481000000,-0.00173881308663
11500000000,-0.00173403520347
11512000000,-0.00173199128902
11525000000,-0.00173114736373
11540000000,-0.00173114094501
11591000000,-0.00173179489518
11591000000,-0.00173826336813
11591000000,-0.00174031813057
11604000000,-0.00174415180133
11614000000,-0.0017489794866
11620000000,-0.00175533325041
11630000000,-0.00176533346892
11631000000,-0.00177462951896
11639000000,-0.00179493879915
11660000000,-0.00182140779335
11660000000,-0.00184579773285
11680000000,-0.00186630790982
11688000000,-0.00188428884692
11692000000,-0.0019002176813
11696000000,-0.00191417341726
11696000000,-0.00192348208501
11711000000,-0.00193091626673
11711000000,-0.00193695341263
11726000000,-0.001941898164
11762000000,-0.00194608186678
11772000000,-0.00194930045621
11779000000,-0.00194351130842
11789000000,-0.0019366217094
11801000000,-0.00192975457846
11809000000,-0.00192305754724
11822000000,-0.00191429852696
11829000000,-0.00190547551488
11841000000,-0.0018972742367
11848000000,-0.00188974740823
11854000000,-0.00188162768596
11869000000,-0.00187415240733
11879000000,-0.00186746774024
11887000000,-0.00186155397108
11893000000,-0.0018577241909
11906000000,-0.00185465848593
11917000000,-0.00185214397912
11931000000,-0.00185012017951
11942000000,-0.00184983671593
11952000000,-0.0018501605831
11962000000,-0.00185069301568
11968000000,-0.00184622182448
11975000000,-0.00182206482914
11976000000,-0.00179955141051
11999000000,-0.00177883777776
11999000000,-0.00176000763166
12000000000,-0.00174308395235
12031000000,-0.00172803894325
12038000000,-0.00170832239653
12046000000,-0.00168446682275
12055000000,-0.00166306027208
12068000000,-0.00164406371852
12071000000,-0.00162391560736
12087000000,-0.00160392241542
12096000000,-0.00158636882946
12106000000,-0.00157112937573
12117000000,-0.0015584764768
12128000000,-0.001547797968
12139000000,-0.00153966321904
12151000000,-0.00153479830851
12161000000,-0.00153121738795
12170000000,-0.00152872752821
12176000000,-0.00152715164747
12190000000,-0.00153224465418
12197000000,-0.00154006894345
12211000000,-0.00154782514328
12217000000,-0.00155535449839
12227000000,-0.00157052356482
12242000000,-0.00158477769836
12242000000,-0.00159798951737
12259000000,-0.00161008465509
12269000000,-0.00162102920947
12281000000,-0.00163085192644
12290000000,-0.00164834425902
12298000000,-0.00166515221953
12312000000,-0.0016884609056
12324000000,-0.00171160770737
12329000000,-0.00173245506304
12336000000,-0.00175102421575
12351000000,-0.0017701569111
12362000000,-0.00179332716155
12372000000,-0.0018139427002
12379000000,-0.0018320847171
12391000000,-0.00184787195551
12401000000,-0.00186317677906
12411000000,-0.00188294925202
12420000000,-0.00190033116523
12431000000,-0.00191543999669
12440000000,-0.00193522708161
12450000000,-0.00195426639307
12461000000,-0.00197094133115
12469000000,-0.00198537929117
12480000000,-0.00200080271514
12490000000,-0.00201861765843
12501000000,-0.00203419945005
12510000000,-0.0020476734684
12521000000,-0.0020643285044
12525000000,-0.00208012229875
12525000000,-0.00209384689656
12551000000,-0.00210563034519
12562000000,-0.00212063308614
12571000000,-0.00213369708791
12580000000,-0.00214494026607
12591000000,-0.00215590460001
12600000000,-0.00216843839094
12612000000,-0.00217928656865
12620000000,-0.00218856011639
12631000000,-0.00219638274168
12641000000,-0.00220592743901
12652000000,-0.00221410511951
12660000000,-0.00222102537719
12673000000,-0.00222815998572
12680000000,-0.00223432886662
12690000000,-0.00223947288051
12698000000,-0.00224368836454
12707000000,-0.00224727703624
12721000000,-0.00225020775133
12731000000,-0.00225249425429
12741000000,-0.00225420945061
12751000000,-0.00225537957879
12755000000,-0.00225605675234
12764000000,-0.00225639733796
12766000000,-0.00225613009773
12788000000,-0.00225265966524
12801000000,-0.00224923397864
12811000000,-0.0022459129524
12821000000,-0.0022427450913
12831000000,-0.00223973726218
12841000000,-0.00223693822496
12850000000,-0.00223437746865
12861000000,-0.00223206666426
12865000000,-0.0022221315884
12876000000,-0.00221291316547
12891000000,-0.00220445416443
12901000000,-0.0021929069671
12910000000,-0.00218196949649
12917000000,-0.0021721025241
12931000000,-0.00216246987032
12942000000,-0.00215064477876
12953000000,-0.00214007542166
12959000000,-0.00213071184993
12972000000,-0.00212252387772
12982000000,-0.0021125582336
12989000000,-0.00210097400557
13000000000,-0.00209071548649
13008000000,-0.00208172674294
13014000000,-0.00207394464609
13031000000,-0.00206561301334
13041000000,-0.00205598270869
13049000000,-0.00204755729241
13063000000,-0.00203976256913
13072000000,-0.0020286976136
13083000000,-0.00201890793428
13095000000,-0.00201034427661
13099000000,-0.00200293137968
13110000000,-0.00199214855307
13120000000,-0.00198216129725
13130000000,-0.00197340238432
13137000000,-0.00196509257547
13146000000,-0.00195163925267
13155000000,-0.00193962362034
13171000000,-0.00192900942936
13171000000,-0.00191905129881
13171000000,-0.00190777536965
13171000000,-0.00189787878225
13172000000,-0.00188928650602
13172000000,-0.0018819257509
13172000000,-0.00187569670412
13195000000,-0.0018705026518
13195000000,-0.00186622408135
13232000000,-0.00186040212364
13266000000,-0.00184619960321
13277000000,-0.00182896592962
13291000000,-0.00180908401775
13299000000,-0.00179109659071
13300000000,-0.0017710604714
13315000000,-0.00175053991853
13321000000,-0.00173222605866
13340000000,-0.00171145608178
13350000000,-0.00169108698464
13357000000,-0.00167309182672
13370000000,-0.00165678049205
13383000000,-0.00163747205553
13392000000,-0.00162050963911
13407000000,-0.00160577285522
13407000000,-0.00159312491697
13421000000,-0.00158240113068
13432000000,-0.00157343465804
13440000000,-0.00156157465955
13444000000,-0.00155091756417
13459000000,-0.00154185031488
13472000000,-0.00152942635853
13473000000,-0.00151743807168
13488000000,-0.00150586658296
13502000000,-0.00149130788435
13514000000,-0.001478473703
13520000000,-0.00146728532931
13531000000,-0.00145764635708
13541000000,-0.00144630043327
13551000000,-0.00143441727472
13562000000,-0.00142406419062
13572000000,-0.00141514622319
13582000000,-0.00140307825613
13592000000,-0.00139062688214
13602000000,-0.001379705838
13612000000,-0.00137023416291
13621000000,-0.00136162495808
13632000000,-0.00135011165618
13641000000,-0.00134002091602
13646000000,-0.00133127824551
13658000000,-0.00132377705566
13671000000,-0.00131193961927
13681000000,-0.00130091237428
13692000000,-0.00129125086895
13699000000,-0.00128287981189
13711000000,-0.00127299768328
13716000000,-0.00126262210683
13731000000,-0.00125355096085
13742000000,-0.00124439150672
13754000000,-0.00123130891957
13766000000,-0.00121968808101
13777000000,-0.00120947518529
13782000000,-0.00120059869349
13790000000,-0.00118908131545
13799000000,-0.00117853226811
13811000000,-0.00116933578281
13821000000,-0.00115453232698
13828000000,-0.00114133444264
13837000000,-0.00112969081383
13846000000,-0.00111952868259
13863000000,-0.00110896849407
13869000000,-0.00109717722503
13882000000,-0.00108686028154
13883000000,-0.00107793358987
13902000000,-0.00107031587956
13910000000,-0.00106389797469
13921000000,-0.00105433613095
13924000000,-0.00104326012321
13942000000,-0.0010335015528
13942000000,-0.00102500210682
13942000000,-0.00101560978794
13967000000,-0.00100658229758
13977000000,-0.000995224514447
13986000000,-0.000980005172079
14000000000,-0.000966383841949
14011000000,-0.000954320442533
14019000000,-0.000943749602383
14028000000,-0.000935977844005
14041000000,-0.000929451761233
14049000000,-0.000924073489915
14059000000,-0.000920598016835
14071000000,-0.00092002447554
14079000000,-0.000920047114859
14087000000,-0.000920519914544
14099000000,-0.000921346717182
14111000000,-0.000918393250697
14120000000,-0.0009133095013
14132000000,-0.0009087679611
14138000000,-0.000904758215391
14159000000,-0.000902667296439
14166000000,-0.000902309898654
14170000000,-0.000902218927337
14182000000,-0.000902328048677
14192000000,-0.000902624261323
14202000000,-0.000896908624514
14207000000,-0.000891640202506
14219000000,-0.000886867209168
14230000000,-0.000882842079536
14238000000,-0.000879388457743
14249000000,-0.000876361344662
14259000000,-0.000873764263942
14268000000,-0.00086916248953
14269000000,-0.000861500548399
14287000000,-0.000854545278013
14301000000,-0.000848298657364
14309000000,-0.000845442540501
14319000000,-0.000844856158326
14332000000,-0.000844614245791
14338000000,-0.000844699720655
14351000000,-0.000838799209281
14359000000,-0.000830846078836
14368000000,-0.000823612544921
14378000000,-0.000817067183323
14392000000,-0.000815709144769
14400000000,-0.000824948578129
14407000000,-0.000833975455662
14421000000,-0.000842582168761
14426000000,-0.000855626333792
14433000000,-0.000869012086598
14449000000,-0.000881319852472
14461000000,-0.000892519934562
14471000000,-0.000900931120947
14481000000,-0.000907311179087
14490000000,-0.000912811779037
14501000000,-0.000917466610767
14510000000,-0.000926910055575
14518000000,-0.000937633071831
14526000000,-0.000947209812196
14542000000,-0.000955666687004
14552000000,-0.000958431672517
14560000000,-0.000959374303939
14572000000,-0.000959754113598
14582000000,-0.000961152136291
14590000000,-0.000962727308926
14600000000,-0.000963881532083
14608000000,-0.000964688148885
14618000000,-0.000965204887071
14628000000,-0.000965527483789
14642000000,-0.000962166517537
14652000000,-0.000958479807474
14662000000,-0.000956070235953
14672000000,-0.000955405033844
14678000000,-0.000954782932818
14686000000,-0.000954199558886
14699000000,-0.000953710619142
14711000000,-0.000953270786306
14723000000,-0.000948853877565
14723000000,-0.000942125311269
14742000000,-0.000939064776172
14742000000,-0.000941015736893
14760000000,-0.000942988506064
14771000000,-0.000944967400142
14781000000,-0.000948359453576
14791000000,-0.000951563055355
14801000000,-0.000954561708313
14808000000,-0.000957317320863
14826000000,-0.000962065511859
14838000000,-0.000964071864572
14857000000,-0.000965855575869
14857000000,-0.000972141121651
14872000000,-0.000977925291389
14879000000,-0.000983184959823
14894000000,-0.000989871191491
14894000000,-0.000998503692908
14904000000,-0.00100691584032
14934000000,-0.00101450234279
14934000000,-0.00102125220896
14946000000,-0.00102719240187
14957000000,-0.00103236569599
14965000000,-0.00103681026721
14979000000,-0.00104304225671
14994000000,-0.00105011109362
14994000000,-0.00105636830237
15005000000,-0.00106183990475
15012000000,-0.00106864577222
15043000000,-0.00107759802799
15043000000,-0.00109327466485
15053000000,-0.00109971985058
15060000000,-0.00110529929056
15070000000,-0.00110791252967
15081000000,-0.00109099183223
15087000000,-0.00107469008486
15101000000,-0.00105924378958
15102000000,-0.00104481907848
15116000000,-0.0010444207297
15116000000,-0.00104757669495
15139000000,-0.00105084975074
15151000000,-0.0010561663985
15162000000,-0.00106902284033
15165000000,-0.00108115298889
15175000000,-0.00109244822303
15192000000,-0.00110442922399
15197000000,-0.00111553120819
15200000000,-0.00112553323632
15200000000,-0.00113446245523
15200000000,-0.00114234360862
15201000000,-0.00114921374331
15201000000,-0.00115689242698
15260000000,-0.00116470988624
15271000000,-0.00117209926169
15284000000,-0.00118322971079
15284000000,-0.00119316446082
15300000000,-0.00120194184177
15309000000,-0.0012081140512
15321000000,-0.00121333788278
15332000000,-0.00121769369328
15341000000,-0.00122428348705
15352000000,-0.00123124092134
15360000000,-0.00123728339458
15366000000,-0.00124249143777
15382000000,-0.00124716666611
15393000000,-0.00125148582659
15403000000,-0.00125512940263
15403000000,-0.00125815455883
15405000000,-0.00126062215847
15430000000,-0.0012652683629
15440000000,-0.00126961975073
15453000000,-0.00127339031973
15462000000,-0.00127585950989
15471000000,-0.00127740475085
15485000000,-0.00127857961444
15485000000,-0.0012794444303
15502000000,-0.00128059973347
15512000000,-0.00128639075078
15518000000,-0.00129166398676
15537000000,-0.00129639261079
15542000000,-0.00130061204067
15550000000,-0.00130431169645
15560000000,-0.00130299120382
15571000000,-0.00130039787191
15579000000,-0.00129907392828
15593000000,-0.00129770776275
15601000000,-0.00129632096016
15611000000,-0.00129495959719
15619000000,-0.00129365698423
15634000000,-0.00128551833571
15642000000,-0.00127618871618
15649000000,-0.00126749997576
15661000000,-0.00125736560331
15671000000,-0.00124598201802
15679000000,-0.00123561963903
15690000000,-0.00122631646718
15701000000,-0.00121805017687
15706000000,-0.00121174622356
15721000000,-0.00120630186178
15730000000,-0.00120168622829
15740000000,-0.00119708149929
15751000000,-0.00119034074446
15761000000,-0.00118444664395
15766000000,-0.0011793428751
15774000000,-0.00117498374931
15791000000,-0.00117274138612
15797000000,-0.00117117751276
15809000000,-0.00117006414091
15810000000,-0.00116931595933
15830000000,-0.00116870316996
15837000000,-0.00116764231802
15841000000,-0.00116685261777
15860000000,-0.00116768109403
15872000000,-0.00117408606506
15882000000,-0.00118022685199
15885000000,-0.0011860090441
15899000000,-0.00119138755384
15912000000,-0.00119611378745
15920000000,-0.00120018925168
15928000000,-0.00120382872214
15941000000,-0.00120703007775
15949000000,-0.00121391518758
15960000000,-0.0012206109881
15967000000,-0.00122664017782
15979000000,-0.00123202021283
15985000000,-0.00123676453782
15999000000,-0.00123588553902
16008000000,-0.00123267836199
16022000000,-0.00122941377284
16031000000,-0.00122503084206
16057000000,-0.0012196883857
16057000000,-0.00121464292538
16065000000,-0.0012096475831
16077000000,-0.00120438163926
16080000000,-0.00119955837033
16084000000,-0.00119520025754
16084000000,-0.00119130677836
16110000000,-0.00118669077125
16110000000,-0.00118229717204
16146000000,-0.00117841290598
16146000000,-0.00117501889704
16154000000,-0.00117192574794
16158000000,-0.00116867220623
16163000000,-0.00116586016651
16181000000,-0.00116323477719
16192000000,-0.00116078435999
16202000000,-0.00115870653121
16210000000,-0.00115696921021
16219000000,-0.00115553874971
16229000000,-0.00115361237265
16241000000,-0.001151789695
16242000000,-0.00115023983947
16254000000,-0.00114893989916
16267000000,-0.00114953717553
16278000000,-0.00115675051112
16279000000,-0.00116363240728
16294000000,-0.00117010121529
16310000000,-0.00117728673433
16320000000,-0.00118465565361
16327000000,-0.00119137328684
16341000000,-0.00119742506323
16349000000,-0.00119475557906
16361000000,-0.00119193465739
16368000000,-0.00118906300398
16380000000,-0.00118445937471
16392000000,-0.00117604395471
16401000000,-0.00116811813709
16410000000,-0.00116075247618
16421000000,-0.00115399348542
16430000000,-0.00114631918421
16440000000,-0.0011378691296
16452000000,-0.00113024861959
16462000000,-0.00112344181777
16471000000,-0.00111719087142
16480000000,-0.00111155996318
16491000000,-0.00110666887895
16492000000,-0.00110247336979
16508000000,-0.00109579425051
16520000000,-0.00108956474191
16525000000,-0.00108409635277
16526000000,-0.00107934993268
16548000000,-0.00107620280724
16561000000,-0.00107371688631
16570000000,-0.0010717302951
16580000000,-0.00106973672261
16591000000,-0.00106643875451
16591000000,-0.00106360436629
16591000000,-0.00106119182641
16591000000,-0.00105917343543
16627000000,-0.00105750156395
16716000000,-0.00105649845792
16716000000,-0.00105653759652
16716000000,-0.00105675802239
16716000000,-0.00105711926218
16716000000,-0.00105756938456
16716000000,-0.00105774911034
16716000000,-0.00105671935363
16716000000,-0.00105580232008
16716000000,-0.00105529393647
16716000000,-0.00105747448603
16716000000,-0.00105959480736
16716000000,-0.00106160267171
16763000000,-0.00106232643901
16767000000,-0.00106223826335
16783000000,-0.00106211275273
16792000000,-0.00106196628063
16798000000,-0.00106363801968
16809000000,-0.00106937456469
16816000000,-0.00107472826391
16830000000,-0.00108189808228
16830000000,-0.00108903621752
16836000000,-0.00109553591463
16860000000,-0.00110138681958
16860000000,-0.00110659374152
16860000000,-0.00111124942253
16890000000,-0.00111537685008
16900000000,-0.00111893563494
16913000000,-0.00112197266379
16920000000,-0.00112695980426
16929000000,-0.00113161822636
16943000000,-0.00113569430876
16951000000,-0.00113577916246
16960000000,-0.00113475786698
16972000000,-0.00113354098103
16980000000,-0.00113261476091
16991000000,-0.00113251837292
16999000000,-0.00113228120342
17012000000,-0.00113195448574
17023000000,-0.0011315649344
17024000000,-0.00112796863697
17039000000,-0.00111705436191
17051000000,-0.00110680687665
17054000000,-0.00109736066855
17061000000,-0.00108863870092
17061000000,-0.00108072569808
17094000000,-0.00107359746934
17094000000,-0.00106746249314
17111000000,-0.00106211391251
17118000000,-0.00106228346516
17131000000,-0.00106199096083
17135000000,-0.00106504651932
17145000000,-0.00109539015511
17163000000,-0.00112399803365
17172000000,-0.00115083633706
17179000000,-0.00116560970071
17188000000,-0.00115584546808
17202000000,-0.00114597522852
17212000000,-0.00113610097423
17218000000,-0.0011630885506
17230000000,-0.00119218419463
17235000000,-0.00121916357595
17251000000,-0.00124403402629
17261000000,-0.00126637762402
17269000000,-0.00128636575611
17281000000,-0.00134233287063
17295000000,-0.00139356143059
17301000000,-0.00143981703484
17305000000,-0.00143591103207
17321000000,-0.0014256484093
17337000000,-0.00141417691009
17340000000,-0.0014020612382
17349000000,-0.00138982539175
17366000000,-0.00138590582669
17397000000,-0.00138266874373
17397000000,-0.00137622213138
17415000000,-0.00137330201044
17415000000,-0.00137039674749
17421000000,-0.00135871124835
17429000000,-0.00132681236585
17440000000,-0.00129688840795
17449000000,-0.00126911060407
17461000000,-0.00124412061222
17471000000,-0.00122699115817
17480000000,-0.00125672089544
17491000000,-0.00132092703358
17497000000,-0.00140778279734
17497000000,-0.00149996842387
17514000000,-0.00158510985318
17525000000,-0.00166300191635
17542000000,-0.0017338919092
17548000000,-0.00179708367029
17549000000,-0.00172720556598
17571000000,-0.00162730632966
17571000000,-0.00153095710691
17588000000,-0.00150931881774
17589000000,-0.00155663156189
17613000000,-0.00160247881137
17613000000,-0.00164561738908
17630000000,-0.00168552047603
17640000000,-0.00173515020748
17640000000,-0.0017801974169
17662000000,-0.00182072786527
17669000000,-0.00185668443628
17677000000,-0.00186990229372
17690000000,-0.00188054231867
17699000000,-0.0018884107828
17715000000,-0.0019569737203
17715000000,-0.00204591674324
17723000000,-0.00212711166949
17740000000,-0.00220037102311
17741000000,-0.00224390627165
17747000000,-0.00219486677237
17764000000,-0.00214511077449
17781000000,-0.00209623147102
17788000000,-0.00207091546526
17800000000,-0.00204866274624
17807000000,-0.00202744886752
17807000000,-0.0020077767867
17823000000,-0.00199039772215
17823000000,-0.00197444125747
17852000000,-0.00192859616683
17866000000,-0.00187892252883
17869000000,-0.00183993025685
17877000000,-0.00180466702455
17892000000,-0.00174581849611
17900000000,-0.00158612217494
17911000000,-0.00143823231269
17922000000,-0.00130304645443
17934000000,-0.00118102995354
17938000000,-0.00107168456045
17951000000,-0.000975560951654
17957000000,-0.00111235952549
17969000000,-0.00124785142715
17982000000,-0.00141335967793
17983000000,-0.00160403840796
18009000000,-0.00178245548485
18009000000,-0.00194684238373
18019000000,-0.00209659312045
18019000000,-0.00223150183269
18019000000,-0.00235222511417
18020000000,-0.00246815712372
18056000000,-0.00257087657438
18066000000,-0.00266015435441
18078000000,-0.00276051188637
18086000000,-0.00288269202943
18086000000,-0.00299036009223
18109000000,-0.00308458464144
18121000000,-0.003123196695
18121000000,-0.00315228876016
18140000000,-0.00317334118464
18150000000,-0.00319938553608
18161000000,-0.00323061810381
18171000000,-0.00324793457415
18177000000,-0.00323126589269
18190000000,-0.00321215901163
18199000000,-0.00319149699729
18209000000,-0.00317015059719
18222000000,-0.00314863805352
18232000000,-0.00312749077139
18240000000,-0.00312688016526
18252000000,-0.00317063185207
18263000000,-0.00321863411615
18269000000,-0.00327904371111
18280000000,-0.00333470705829
18284000000,-0.00338536570915
18284000000,-0.00343095234185
18309000000,-0.00347152848566
18319000000,-0.00352136390632
18319000000,-0.00357159816804
18320000000,-0.00361616829082
18349000000,-0.00365524468164
18385000000,-0.00369688176761
18385000000,-0.00373509407916
18385000000,-0.00376822983258
18391000000,-0.00382306776145
18401000000,-0.00387181751297
18412000000,-0.00391479229084
18422000000,-0.00395216910298
18433000000,-0.00398820424279
18455000000,-0.00402081168788
18455000000,-0.00404871388986
18455000000,-0.00407208925075
18470000000,-0.00409136017549
18485000000,-0.00413674146403
18492000000,-0.00418030840391
18498000000,-0.00420409735964
18511000000,-0.00422045482488
18526000000,-0.00423360156116
18526000000,-0.00424364406147
18526000000,-0.00425102763877
18547000000,-0.00426910970563
18547000000,-0.00433334345316
18571000000,-0.00439235635317
18579000000,-0.00444596948606
18579000000,-0.00445097154138
