%time,field
2000000,0.0
16000000,-6.44259868077e-26
26000000,1.6842604481e-21
35000000,3.24275403755e-22
42000000,1.39341625402e-21
59000000,-4.2182111628e-22
82000000,5.26420095498e-23
82000000,-4.2891001596e-22
118000000,2.98523472548e-22
118000000,-5.83932184847e-22
123000000,-1.0415891722e-21
139000000,9.62456717456e-16
151000000,-2.66885197366e-12
169000000,8.167117816e-12
169000000,-0.00159531684244
172000000,0.00353403714615
182000000,-0.00347714939815
192000000,0.00356909686015
202000000,-0.00342674157255
205000000,0.00345167769834
220000000,-0.00324376400117
231000000,0.0677050421285
241000000,0.0582022092561
251000000,0.0659515750266
263000000,0.0556316361674
273000000,0.0546946054529
281000000,0.0459949771623
291000000,0.0428937505188
301000000,0.0377584314835
312000000,0.0344276299207
321000000,0.0277443854549
329000000,-0.0230471654332
341000000,-0.0243062035821
351000000,-0.0274084081836
362000000,-0.0317039666145
369000000,-0.0331965965019
378000000,-0.0296017296776
391000000,-0.0392318504467
402000000,-0.0355595402195
411000000,-0.0328791420733
421000000,-0.0318024881494
429000000,-0.0283365236112
441000000,-0.0261191579223
451000000,-0.0225872878481
458000000,-0.0204644688027
470000000,-0.0176774130047
478000000,-0.0150138156711
478000000,-0.0125789283353
481000000,-0.0103787423768
509000000,-0.00949419757307
521000000,-0.00768599694377
524000000,-0.00608911501944
524000000,-0.00469447262468
547000000,-0.00501376820955
562000000,-0.0038952573183
562000000,-0.0029266155133
580000000,-0.00209773568091
592000000,-0.00284384231394
597000000,-0.00216814151653
610000000,-0.00158689947115
625000000,-0.0010933613584
638000000,-0.000679888850359
647000000,-0.00146648578162
652000000,-0.00111485930372
662000000,-0.00186168845495
670000000,-0.00154657331859
685000000,-0.00126350902968
685000000,-0.00101203877838
700000000,-0.00123052175134
710000000,-0.00100986238132
718000000,-0.000813273123917
729000000,-0.000639842542133
741000000,-0.000888409722056
749000000,-0.000731797888028
760000000,-0.000591892562153
769000000,-0.000468332124177
781000000,-0.000759155705252
791000000,-0.00064293402345
800000000,-0.000536968200433
804000000,-0.000441347967128
821000000,-0.00035603392579
830000000,-0.000648561938933
839000000,-0.000558476429069
851000000,-0.00047477864613
859000000,-0.000398245909734
871000000,-0.000328958528417
879000000,-0.000266924319719
886000000,-0.000569675193213
894000000,-0.000498252376489
904000000,-0.000872768639793
919000000,-0.000798082604788
921000000,-0.000710451496764
935000000,-0.000625423795073
947000000,-0.000824406311207
959000000,-0.000731458181659
964000000,-0.000641808107762
964000000,-0.000556756007819
964000000,-0.000477112419342
964000000,-0.000403715680563
1007000000,-0.000648845352213
1014000000,-0.00056979762282
1015000000,-0.000886076617787
1028000000,-0.000792840206269
1051000000,-0.000701612378772
1058000000,-0.000873556646863
1072000000,-0.000776170883059
1083000000,-0.000682106447963
1085000000,-0.000592715090572
1096000000,-0.000509013459412
1106000000,-0.000431669736353
1121000000,-0.000655770556759
1123000000,-0.000574403816791
1125000000,-0.000497445558303
1151000000,-0.000706887338743
1160000000,-0.000625454406192
1161000000,-0.000547361360652
1178000000,-0.000473616344446
1190000000,-0.000639716144298
1197000000,-0.000561578624114
1197000000,-0.000487520626108
1197000000,-0.000418308307909
1232000000,-0.000549505543607
1233000000,-0.000480227667748
1245000000,-0.000414990492222
1260000000,-0.000495486937907
1270000000,-0.000431103369024
1279000000,-0.00037088260596
1285000000,-0.000315278914098
1285000000,-0.000264435327098
1310000000,-0.000218675797268
1320000000,-0.00026059645949
1329000000,-0.000219227392481
1336000000,-0.000181927804776
1344000000,-0.000161608194433
1362000000,-0.000131506966642
1369000000,-0.000104976033848
1379000000,-8.19247542483e-05
1388000000,1.17249938415e-05
1401000000,2.33817094827e-05
1409000000,3.17592820864e-05
1421000000,3.73492288651e-05
1430000000,0.000186428734947
1438000000,0.000178893419212
1448000000,0.000168753552725
1460000000,0.000156509853509
1468000000,0.000396522175995
1479000000,0.000367440143666
1490000000,0.000335941328202
1501000000,0.000303215977476
1511000000,0.000591252486132
1519000000,0.000537729845611
1529000000,0.000917832138868
1541000000,0.000838536575667
1551000000,0.00075686082726
1562000000,0.000675158711415
1563000000,0.000595235888689
1572000000,0.000518548861221
1586000000,0.000973325468511
1599000000,0.000874949091928
1621000000,0.000777337199363
1634000000,0.000682577881927
1634000000,0.000592191704397
1634000000,0.000507271126399
1657000000,0.000428555500174
1661000000,0.00183768432586
1672000000,0.00168478095162
1685000000,0.00152608226282
1696000000,0.00136641796863
1702000000,0.00120957015267
1711000000,0.00171773283453
1721000000,0.00153146496916
1755000000,0.00135000321701
1755000000,0.00117653658992
1772000000,0.00101309265008
1772000000,0.000721628733121
1788000000,0.000595150186108
1792000000,0.00131135280774
1802000000,0.00210071833282
1813000000,0.00190129027935
1822000000,0.00261733030754
1831000000,0.00236417304117
1841000000,0.00211149799711
1862000000,0.00186494073283
1862000000,0.00162875141491
1872000000,-0.000597783745947
1881000000,-0.000679186531533
1885000000,-0.000728190204643
1900000000,-0.000468408764939
1907000000,-0.000476219104573
1917000000,-0.00047887414862
1931000000,-0.000470283310318
1941000000,0.000547209538129
1947000000,0.000510883545378
1958000000,0.000470825217424
1965000000,0.000428790858175
1978000000,0.000386215530611
1991000000,0.00136025501975
1992000000,0.00125426978642
2009000000,0.00114277669097
2021000000,0.0019333291689
2021000000,0.00176681568395
2031000000,0.00159618775012
2048000000,0.00142624934375
2050000000,0.00200566171278
2063000000,0.00179841429112
2077000000,0.00159508532421
2089000000,0.00201866803229
2097000000,0.00179706515738
2111000000,0.00158247772789
2122000000,0.00137823894657
2128000000,0.00118686653435
2142000000,0.00149927131391
2153000000,0.00131017227875
2165000000,0.00113217853202
2170000000,0.000966993499391
2182000000,0.00114862121399
2188000000,0.000990555313533
2205000000,0.000844287433224
2212000000,0.000710624849535
2237000000,0.000589875705126
2237000000,0.00048205174459
2237000000,0.000386846292869
2250000000,0.000468309839821
2258000000,0.000396978121596
2270000000,0.000323343205618
2281000000,0.000258756889976
2292000000,0.000202651098009
2302000000,0.000154555154848
2310000000,-0.000118115120136
2321000000,-0.000138762817447
2332000000,-0.000583249243243
2342000000,-0.000564921181065
2352000000,-0.000537160374487
2361000000,-0.000502502645587
2371000000,-0.0004631986584
2381000000,-0.000421090009164
2387000000,-0.000948530714391
2399000000,-0.000869319486025
2408000000,-0.000786709697341
2421000000,-0.000703362256515
2428000000,-0.001456313569
2439000000,-0.00133109000516
2451000000,-0.001201869069
2460000000,-0.00207470329479
2472000000,-0.00188755320021
2481000000,-0.00169701656692
2489000000,-0.00150816246431
2504000000,-0.00132482712883
2509000000,-0.00114979782502
2519000000,-0.00207229848806
2537000000,-0.00184734284677
2539000000,-0.00162785485364
2552000000,-0.00141761669753
2559000000,-0.00267483699886
2570000000,-0.00240518873035
2571000000,-0.00213792434669
2590000000,-0.00348069477353
2600000000,-0.00314397782742
2610000000,-0.00280722844968
2620000000,-0.00417032781211
2631000000,-0.00376030744286
2641000000,-0.00335214214885
2650000000,-0.00295479599359
2660000000,-0.00431831476353
2673000000,-0.00385101313342
2682000000,-0.00339580834899
2688000000,-0.00296034765214
2696000000,-0.00255023468454
2707000000,-0.00406329950465
2721000000,-0.00360029840207
2743000000,-0.00315413776727
2743000000,-0.0027313377312
2752000000,-0.00233640622322
2762000000,-0.00394417440304
2771000000,-0.00350245544977
2785000000,-0.00509781079867
2815000000,-0.00457042872532
2815000000,-0.0035524806888
2833000000,-0.00307885594807
2833000000,-0.00263633603746
2849000000,-0.00383035357439
2862000000,-0.00335811875267
2866000000,-0.00291058820092
2873000000,-0.00488447343561
2880000000,-0.00435533922802
2906000000,-0.00384077629858
2906000000,-0.00334920947257
2906000000,-0.00461300992354
2915000000,-0.00408761636211
2919000000,-0.00358158631292
2925000000,-0.00310193489457
2953000000,-0.00265404594724
2959000000,-0.00382877071563
2965000000,-0.0033471939524
2980000000,-0.014685922673
2991000000,-0.0136038639083
3000000000,-0.0124449843574
3000000000,-0.0112528937305
3000000000,-0.0100613438993
3032000000,-0.00889677973736
3040000000,-0.0114545571575
3045000000,-0.0101551727293
3046000000,-0.00890373838987
3071000000,-0.00917622450141
3080000000,-0.0079739909978
3084000000,-0.00684817722034
3084000000,-0.00580766856488
3099000000,-0.00577313911252
3122000000,-0.00485520065587
3124000000,-0.00402341988181
3130000000,-0.00327820834313
3151000000,-0.00343143634164
3161000000,-0.00279987460589
3170000000,-0.00223985566434
3181000000,-0.00174907647527
3190000000,-0.0019897980284
3200000000,-0.00158236204209
3211000000,-0.00122668175752
3221000000,-0.0013276784696
3227000000,-0.00104390999514
3241000000,-0.000797755979912
3244000000,-0.000586968621449
3262000000,-0.000409070841567
3270000000,-0.00023511241567
3280000000,-0.000115647823994
3292000000,-2.03272113101e-05
3297000000,5.37553061521e-05
3304000000,0.000629693634685
3311000000,0.00063664753913
3327000000,0.000625859946441
3340000000,0.00159699126941
3349000000,0.00150262225837
3355000000,0.00139267708071
3370000000,0.00127284024545
3374000000,0.00270128523423
3391000000,0.00253529835542
3398000000,0.00230822703021
3403000000,0.00207516488949
3420000000,0.00184263817861
3429000000,0.00384907104373
3440000000,0.00348857514681
3447000000,0.00312395009929
3461000000,0.00276470016969
3462000000,0.0266098425707
3472000000,0.0247281029319
3484000000,0.0226885586866
3484000000,0.0205704808692
3484000000,0.0335456898273
3484000000,0.0304431890944
3490000000,0.0273145838248
3490000000,0.0242357459712
3490000000,0.021263977902
3561000000,0.0286128259015
3572000000,0.0253368203899
3581000000,0.0284313989256
3591000000,0.0251079828452
3600000000,0.0219258743354
3610000000,0.0189263833695
3622000000,0.0192563197619
3631000000,0.0165083300761
3643000000,0.0139719810991
3651000000,0.011659354167
3662000000,0.00532235847781
3669000000,0.00372001952052
3677000000,0.00237362368578
3683000000,0.00125891591072
3702000000,0.00035146220965
3707000000,-0.0040696723894
3721000000,-0.00439036187447
3732000000,-0.00454514270259
3740000000,-0.00456566400972
3751000000,-0.0154016257155
3761000000,-0.0145202567011
3769000000,-0.0135009874045
3781000000,-0.0137242886866
3791000000,-0.0124997241482
3799000000,-0.0112549317996
3810000000,-0.0100220938898
3810000000,-0.00882622600783
3826000000,-0.007686120129
3836000000,-0.00661560285275
3847000000,-0.00420458670659
3858000000,-0.00131846162895
3868000000,-0.000717312948374
3879000000,-0.000227526272292
3890000000,0.000163800799207
3900000000,0.000468856587293
3910000000,0.000699160946297
3922000000,0.000865367822727
3931000000,0.00211300396311
3940000000,0.00347828371208
3949000000,0.00334002847644
3961000000,0.00315687637792
3970000000,0.00294243745547
3970000000,0.00270833292629
3988000000,0.00327744262956
4002000000,0.0029827001047
4011000000,0.00268449238353
4022000000,0.00322135510076
4027000000,0.00288152997321
4028000000,0.00255008356174
4034000000,0.00223273540411
4054000000,0.00193375592089
4071000000,0.00165596678702
4080000000,0.00210506360864
4092000000,0.00183274823029
4098000000,0.00201342019186
4109000000,0.00175034692838
4121000000,0.00150492863385
4125000000,0.0012792787877
4141000000,0.00118863617798
4150000000,0.000998095718657
4159000000,0.000827094494164
4163000000,0.000675337230128
4180000000,0.000270242669782
4188000000,0.000171863188516
4202000000,9.20874862981e-05
4210000000,2.8929989706e-05
4218000000,-0.000717744588296
4231000000,-0.000709159397368
4242000000,-0.000684722696677
4250000000,-0.000648348461006
4261000000,-0.00177636900708
4264000000,-0.00165709177983
4281000000,-0.00152389809763
4285000000,-0.00138281265826
4285000000,-0.00123865496134
4286000000,-0.0010952866761
4322000000,-0.00261137509442
4325000000,-0.00238758949414
4335000000,-0.00215633976048
4352000000,-0.0227057632342
4355000000,-0.0212009672459
4367000000,-0.0195384485771
4379000000,-0.0298731056141
4386000000,-0.0273685524915
4400000000,-0.0247804984387
4411000000,-0.0221851199481
4411000000,-0.0196416304361
4430000000,-0.023677223488
4439000000,-0.0210015766688
4445000000,-0.0184208192825
4461000000,-0.0159734450479
4461000000,-0.0167006257499
4479000000,-0.0144226061425
4480000000,-0.0123033631005
4485000000,-0.0103568158881
4511000000,-0.00859014108586
4511000000,-0.0070144350457
4531000000,-0.00560703566878
4531000000,-0.00437185855266
4551000000,-0.00214290947405
4559000000,-0.00129214916314
4567000000,-0.000592353770549
4581000000,-2.73542797987e-05
4592000000,0.00280890724916
4598000000,0.00299813858843
4611000000,0.0030802026958
4622000000,0.00307588791694
4629000000,0.00300358735623
4637000000,0.00587802627888
4648000000,0.00554347923507
4660000000,0.00515541199461
4670000000,0.00808636270703
4681000000,0.00746068177635
4692000000,0.00679982386311
4698000000,0.00962515970497
4711000000,0.00873305074513
4720000000,0.00783385549716
4732000000,0.00694931814596
4741000000,0.00471770764907
4750000000,0.00399826587606
4760000000,0.00334110478357
4771000000,0.00274779790486
4781000000,0.00221823203342
4791000000,0.00137773112589
4796000000,0.000993653198506
4812000000,0.000667700007029
4816000000,0.000630014758898
4830000000,0.000398622320418
4840000000,0.000200531578674
4851000000,3.89673559059e-05
4860000000,0.00449685083919
4869000000,0.0041442509994
4882000000,0.00377258243322
4891000000,0.00339368303076
4900000000,0.00482301131508
4911000000,0.0043489396418
4919000000,0.00387667952587
4929000000,0.00341625325676
4941000000,0.00297488959902
4949000000,0.00378901835988
4956000000,0.00331994703497
4970000000,0.00287414661679
4979000000,0.00390205531416
4991000000,0.00342012158486
5000000000,0.0029623456009
5010000000,0.0025329756425
5021000000,0.00411133879737
5027000000,0.0036405297497
5042000000,0.00318623140547
5049000000,0.00275487498451
5057000000,0.00235143799159
5066000000,0.00441306656116
5076000000,0.00392387473595
5090000000,0.00344831002745
5097000000,0.0029942592763
5111000000,0.00256734102117
5120000000,0.00217136700409
5131000000,0.00180873838689
5141000000,0.00424440284854
5144000000,0.00376687923597
5160000000,0.00749204622699
5165000000,0.00679398172855
5165000000,0.00608973123623
5192000000,0.00539644310212
5199000000,0.00764654350489
5205000000,0.00682884028554
5221000000,0.00969377863741
5231000000,0.00871188310297
5240000000,0.00774117195076
5251000000,0.00680108802602
5260000000,0.00981749616776
5271000000,0.00873304887334
5279000000,0.00768157702903
5291000000,0.00667991866864
5302000000,0.00998058685402
5309000000,0.00883161475683
5321000000,0.0077268847584
5332000000,0.0066818633134
5340000000,0.0274844481127
5351000000,0.0253085037822
5360000000,0.0230261260068
5369000000,0.0207107480956
5379000000,0.0277867595349
5388000000,0.0250066318402
5403000000,0.022255265252
5412000000,0.0195884001071
5421000000,0.0170480299326
5427000000,0.0173446000632
5441000000,0.0149735571364
5452000000,0.0127699246094
5463000000,0.00891989602124
5471000000,0.00720103001661
5479000000,0.00568594157204
5482000000,0.00436546643979
5482000000,0.00322803907666
5482000000,0.00226052660272
5521000000,0.00144862861207
5521000000,0.000777752864932
5521000000,-0.00422280846142
5551000000,-0.00440683650867
5561000000,-0.0135911811077
5565000000,-0.0129758141313
5578000000,-0.0121988160965
5589000000,-0.0173789739343
5600000000,-0.0160599661673
5610000000,-0.0146589367043
5621000000,-0.0198159255704
5628000000,-0.0182161937367
5640000000,-0.016388573787
5649000000,-0.0145797239042
5659000000,-0.0128254178063
5672000000,-0.0173713206052
5681000000,-0.0153875046627
5687000000,-0.01347729442
5696000000,-0.0116678795102
5711000000,-0.0161331816306
5722000000,-0.0141667852354
5731000000,-0.0122976090289
5741000000,-0.0156399333074
5751000000,-0.013688861808
5760000000,-0.0118424398402
5771000000,-0.0101198721555
5779000000,-0.0142570537457
5789000000,-0.0124779636668
5800000000,-0.0107944802829
5812000000,-0.00922355307328
5820000000,-0.011544716638
5828000000,-0.0100017417535
5841000000,-0.00855959681313
5844000000,-0.00722928448531
5861000000,-0.0102276002471
5869000000,-0.00890574970775
5875000000,-0.00766271047786
5886000000,-0.00650939164514
5902000000,-0.00545266756042
5911000000,-0.00449576367491
5920000000,-0.00623637717493
5930000000,-0.00530828160019
5930000000,-0.00445664135832
5952000000,-0.0064860372443
5961000000,-0.0056318385217
5971000000,0.0139018797848
5979000000,0.0135433330108
5992000000,0.0129593555909
6000000000,0.0122109042823
6009000000,0.0113492986547
6041000000,0.0104181464155
6041000000,0.00945318244826
6041000000,0.00848310567715
6041000000,0.0111418174324
6041000000,0.0099980148798
6075000000,0.00863865877244
6080000000,0.00757002705283
6094000000,0.00656016180536
6101000000,0.0056196514084
6101000000,0.00148578283269
6121000000,0.000882310489044
6126000000,0.000389378610421
6126000000,-5.81490514644e-06
6151000000,-0.00378458890086
6160000000,-0.00382616601422
6170000000,-0.00377072847425
6181000000,-0.00364058189402
6189000000,-0.00686824769225
6192000000,-0.00641473176538
6211000000,-0.00591178625528
6219000000,-0.0284027514523
6230000000,-0.0272218509498
6239000000,-0.0251088095506
6241000000,-0.0228790435612
6260000000,-0.0206075186965
6269000000,-0.0303936562908
6269000000,-0.0274188711477
6293000000,-0.0244593889263
6299000000,-0.0280956517772
6311000000,-0.0249679559459
6316000000,-0.021943054693
6317000000,-0.019067357714
6317000000,-0.0163737912786
6348000000,-0.0138842077489
6364000000,-0.0131113811309
6364000000,-0.0109662026102
6382000000,-0.00903034457184
6391000000,0.00394975386472
6402000000,0.00479843497956
6411000000,0.0053594095277
6422000000,0.00640640221589
6435000000,0.00648672279911
6447000000,0.00640420787792
6452000000,0.00619525879651
6461000000,0.00366146579348
6473000000,0.0034135334059
6482000000,0.00314101865757
6487000000,0.00285489734955
6501000000,7.37156535112e-05
6508000000,-6.4237237419e-05
6519000000,-0.000172646695217
6528000000,-0.000255324730296
6540000000,-0.000316532533143
6550000000,-0.000359343360237
6561000000,-0.00038677806073
6569000000,-0.00216522082664
6569000000,-0.00207334063569
6569000000,-0.0019565253121
6569000000,-0.00182224883839
6611000000,-0.0028945139985
6619000000,0.0125369416455
6630000000,0.011815050279
6637000000,0.0109792821607
6641000000,0.0100724656305
6641000000,0.00913010573909
6670000000,0.0201616748282
6681000000,0.018460952076
6690000000,0.0250224691816
6700000000,0.0227975931903
6710000000,0.0205305301093
6719000000,0.0182819212931
6727000000,0.0160983294309
6739000000,0.0140154972272
6739000000,0.012057837192
6760000000,0.0102423741712
6772000000,0.0152786894968
6781000000,0.0133537965044
6783000000,0.0167477254103
6799000000,0.0147072127733
6801000000,0.0127682815627
6820000000,0.010952448583
6823000000,0.0127234962878
6841000000,0.0109652698633
6851000000,0.00933202971832
6860000000,0.010228433241
6870000000,0.00871401363008
6880000000,0.00732388913106
6888000000,0.00606299859034
6901000000,0.00493124853317
6910000000,0.00494540249803
6918000000,0.00399633585618
6929000000,0.00315713113996
6942000000,0.00388482728666
6951000000,0.00316886072603
6957000000,0.00253257060442
6971000000,0.00197249730776
6973000000,-0.0156961773893
6987000000,-0.0151558580044
6998000000,-0.0143905779318
7008000000,-0.0134670717452
7017000000,-0.0165889717533
7027000000,-0.0152750926161
7041000000,-0.0138998830135
7049000000,-0.0125069588295
7060000000,-0.0111310690851
7070000000,-0.00877837962226
7081000000,-0.00757933375796
7084000000,-0.00646649958702
7099000000,0.011648353911
7111000000,0.0115931458045
7122000000,0.0112877223211
7125000000,0.0107927687018
7142000000,0.0101595980764
7151000000,0.0184482742924
7162000000,0.0170617643196
7169000000,0.0155861222252
7182000000,0.0195395837414
7191000000,0.0177179782279
7202000000,0.0158845793439
7211000000,0.014083249193
7212000000,0.0123476064101
7231000000,0.0125963955597
7239000000,0.0109337738915
7244000000,0.00937854062692
7254000000,0.00794245576424
7270000000,0.00665888380766
7277000000,0.00547590918478
7281000000,0.00442081357142
7292000000,0.00349019023739
7306000000,0.00148242130737
7320000000,0.000851486702875
7321000000,0.000335395612717
7321000000,-7.88590110553e-05
7351000000,-0.00654458902991
7362000000,-0.00638990624285
7371000000,-0.00612470726124
7379000000,-0.0057783299996
7389000000,-0.00590824380095
7398000000,-0.00544099822218
7411000000,-0.00495062055308
7421000000,-0.00445281298249
7431000000,-0.00396023192094
7441000000,-0.00248217012132
7451000000,-0.00208733995666
7461000000,-0.000734933404596
7472000000,-0.000479121661118
7479000000,-0.000265879584036
7486000000,-9.09190771932e-05
7497000000,5.00325750892e-05
7507000000,0.000161087282323
7521000000,0.000847220307217
7535000000,0.000872932008017
7542000000,0.000874702549241
7551000000,0.00113378041603
7562000000,0.00108736530227
7572000000,0.00102789373509
7578000000,0.000770014035953
7589000000,0.000708611730996
7597000000,0.000645911354845
7604000000,0.000583400746839
7604000000,0.000522838135389
7631000000,-7.17074603216e-05
7641000000,-9.55207639445e-05
7644000000,-0.000110205274599
7657000000,-0.000117352470264
7657000000,-0.000118396259857
7680000000,-0.00102214203468
7691000000,-0.000954394892099
7702000000,-0.194247932946
7711000000,-0.182291854825
7726000000,-0.168788204231
7737000000,-0.154368778088
7746000000,-0.139550873016
7746000000,-0.124751397575
7746000000,-0.415229154286
7746000000,-0.38389464233
7746000000,-0.35060550409
7791000000,-0.316530931795
7797000000,-0.593671776247
7806000000,-0.539903676379
7821000000,-0.786437729549
7833000000,-0.714203741718
7842000000,-0.641311736982
7845000000,-0.569538607941
7853000000,-0.500256612278
7869000000,-0.434491275783
7875000000,-0.372971586049
7875000000,-0.561015758318
7900000000,-0.754470588109
7912000000,-0.676816152801
7922000000,-0.600549037287
7943000000,-0.527057364392
7943000000,-0.45740160551
7951000000,-0.492742909645
7962000000,-0.426850296504
7971000000,-0.365431400327
7982000000,-0.359098729054
7991000000,-0.304643997975
8010000000,-0.254995931405
8010000000,-0.210249961638
8021000000,-0.170371942819
8030000000,-0.135225714261
8042000000,-0.12835468062
8052000000,-0.0462413697454
8065000000,-0.0251129228223
8075000000,-0.0080121884678
8084000000,0.00552774818474
8101000000,0.0159551867185
8118000000,0.0236947740221
8118000000,0.0291414021033
8123000000,0.0326759163421
8131000000,0.115122343116
8140000000,0.219647996437
8141000000,0.206313667381
8150000000,0.191043303152
8150000000,0.174588324287
8150000000,0.157565530885
8150000000,0.315853341464
8193000000,0.288834327754
8203000000,0.260897424426
8219000000,0.232876875505
8230000000,0.355685399769
8239000000,0.320462042261
8241000000,0.285364171868
8241000000,0.251163700542
8269000000,0.450087957176
8280000000,0.404708327005
8290000000,0.523805420645
8298000000,0.470951764624
8304000000,0.418564834151
8317000000,0.367736971601
8330000000,0.319282632147
8336000000,0.27381759748
8342000000,0.231671711206
8362000000,0.413926267058
8371000000,0.364867132214
8386000000,0.496260505081
8397000000,0.442166591123
8397000000,0.389484330759
8397000000,0.33910813856
8422000000,0.291650199109
8428000000,0.247519056098
8439000000,0.33234160849
8450000000,0.288758127071
8459000000,0.247784187485
8470000000,0.416303547717
8484000000,0.36882069889
8488000000,0.323002730148
8498000000,0.279463700106
8511000000,0.384356154928
8522000000,0.337400495137
8532000000,0.292673170927
8540000000,0.250704862069
8549000000,0.395855239836
8559000000,0.349085598615
8560000000,0.304230075177
8560000000,0.261900392827
8591000000,0.309356470928
8602000000,0.268085580515
8606000000,0.229406348126
8620000000,0.349632879254
8631000000,0.308063377226
8641000000,0.268254265364
8650000000,0.230718077656
8662000000,0.19582984298
8673000000,0.221086492608
8695000000,0.188536524052
8695000000,0.158533864417
8701000000,0.131237026211
8711000000,0.206875469679
8722000000,0.178830907903
8732000000,0.152602398385
8741000000,0.161943153744
8752000000,0.137645464656
8760000000,0.11530475062
8769000000,0.0950256531526
8777000000,0.0768320473171
8786000000,0.113099776792
8797000000,0.0958120243949
8809000000,0.0799463424499
8820000000,0.0809530911543
8829000000,0.0672181193035
8842000000,0.0548140705625
8849000000,0.043750523118
8859000000,0.0339605767686
8868000000,0.0186913419574
8880000000,0.0117529355064
8889000000,0.00595136274081
8900000000,0.00387273322095
8911000000,-0.000124833515005
8921000000,-0.00331657921983
8930000000,-0.00581997941333
8939000000,-0.00772237336599
8947000000,-0.0091008905489
8960000000,-0.04614691464
8971000000,-0.0443895638994
8981000000,-0.0420524809244
8987000000,-0.0574621300009
8999000000,-0.053381503552
9011000000,-0.0490101146234
9020000000,-0.0444998757589
9031000000,-0.0878850193077
9039000000,-0.0807063529607
9051000000,-0.073264253728
9060000000,-0.0657761355769
9071000000,-0.0990070778262
9080000000,-0.0893711347116
9091000000,-0.0797895970763
9100000000,-0.0704627355304
9110000000,-0.116246474729
9121000000,-0.104342053958
9132000000,-0.0926275077907
9140000000,-0.0813224199311
9150000000,-0.127321743374
9161000000,-0.113649702648
9170000000,-0.100325498426
9180000000,-0.142271843419
9196000000,-0.126818211651
9202000000,-0.111789531727
9210000000,-0.0974330048134
9222000000,-0.0839235466459
9235000000,-0.0713798528383
9242000000,-0.131330547408
9259000000,-0.116515907737
9267000000,-0.10221023
9274000000,-0.0886248427972
9283000000,-0.160214250504
9290000000,-0.1428611835
9304000000,-0.198013412847
9312000000,-0.17790006292
9323000000,-0.158043297466
9323000000,-0.13882488359
9324000000,-0.12053858164
9338000000,-0.103399244324
9359000000,-0.178189870813
9370000000,-0.158502104217
9381000000,-0.139396257387
9389000000,-0.188525980196
9390000000,-0.167278358236
9390000000,-0.146747791969
9412000000,-0.127244988816
9412000000,-0.10899646561
9439000000,-0.186630752526
9450000000,-0.165950891013
9461000000,-0.212583159795
9470000000,-0.189449763995
9480000000,-0.166932987545
9491000000,-0.145408237486
9494000000,-0.125157086254
9494000000,-0.106350568769
9516000000,-0.0890965745572
9539000000,-0.158757431468
9539000000,-0.139276189952
9551000000,-0.197519603898
9561000000,-0.175359248984
9570000000,-0.15393265315
9582000000,-0.133561322395
9590000000,-0.185526329491
9599000000,-0.163131609151
9611000000,-0.14178358018
9618000000,-0.121739504506
9625000000,-0.169272015743
9636000000,-0.148410802784
9649000000,-0.128614733567
9661000000,-0.110082464253
9666000000,-0.142438751197
9680000000,-0.123655753812
9690000000,-0.106041197281
9702000000,-0.155506887473
9712000000,-0.137019436893
9721000000,-0.119361259733
9732000000,-0.102726126029
9740000000,-0.121155732815
9751000000,-0.104899878188
9761000000,-0.0896992447547
9771000000,-0.0756718700163
9791000000,-0.116536482344
9801000000,-0.101660817039
9805000000,-0.0876211910253
9811000000,-0.0745541721377
9823000000,-0.0921853423594
9831000000,-0.0794689883109
9842000000,-0.0676340033379
9852000000,-0.0567605205979
9861000000,-0.090130089757
9870000000,-0.0784529699547
9886000000,-0.0674578563658
9891000000,-0.0572511216026
9901000000,-0.0709814377127
9912000000,-0.0612443127588
9921000000,-0.0521742799509
9931000000,-0.0438366845211
9941000000,-0.0685241107249
9949000000,-0.0598185549253
9958000000,-0.0515919975684
9964000000,-0.0439286843141
9986000000,-0.03688197535
9986000000,-0.0532577622575
9998000000,-0.0461123388177
10020000000,-0.0394344941495
10023000000,-0.03326495815
10032000000,-0.0500755025092
10044000000,-0.043624305009
10059000000,-0.0375453514952
10097000000,-0.0318971166698
10097000000,-0.0178209063239
10103000000,-0.0140918769598
10110000000,-0.0512032491836
10122000000,-0.0459782534448
10125000000,-0.0408174442728
10138000000,0.153799159535
10148000000,0.147953642186
10162000000,0.140022837165
10172000000,0.130650026065
10182000000,0.402018276993
10188000000,0.375070903492
10196000000,0.345443530536
10205000000,0.314375316373
10221000000,0.577920678053
10232000000,0.529448042574
10243000000,0.479412882011
10243000000,0.429270171523
10244000000,0.380166244523
10272000000,0.608624476628
10282000000,0.547819099866
10291000000,0.487656452448
10310000000,0.666383096062
10314000000,0.596938659351
10322000000,0.52888336624
10329000000,0.463450846735
10344000000,0.594006044727
10357000000,0.524982124176
10363000000,0.458880808285
10364000000,0.396560546539
10364000000,0.338626063207
10364000000,0.285451999578
10414000000,0.237220740087
10414000000,0.193967302951
10414000000,0.282018391278
10429000000,0.344643480417
10439000000,0.300292527902
10448000000,0.258689405692
10455000000,0.234473377226
10468000000,0.198407892641
10481000000,0.165636920135
10488000000,0.136197982757
10491000000,0.110046634741
10510000000,0.0315300289072
10515000000,0.015181990049
10526000000,0.00207963130276
10531000000,-0.00817546522531
10548000000,-0.0800465009299
10558000000,-0.0818493021574
10570000000,-0.0813157258523
10577000000,-0.0789612380861
10581000000,-0.21586262376
10596000000,-0.202657135928
10609000000,-0.187572087426
10621000000,-0.171346301734
10630000000,-0.154583085802
10636000000,-0.262482329866
10650000000,-0.238186607981
10659000000,-0.388838960715
10667000000,-0.354246053792
10679000000,-0.318891233479
10691000000,-0.283737516162
10701000000,-0.249527974259
10709000000,-0.360296712014
10721000000,-0.320524911977
10731000000,-0.281883249723
10740000000,-0.244993038305
10751000000,-0.394918271976
10761000000,-0.35109294374
10771000000,-0.308535674835
10781000000,-0.267933291467
10791000000,-0.404530265751
10802000000,-0.357992733056
10802000000,-0.313190443319
10815000000,-0.424527140844
10836000000,-0.37622214379
10840000000,-0.32955451632
10851000000,-0.285240929972
10859000000,-0.427416959396
10873000000,-0.379096270346
10880000000,-0.332441834236
10890000000,-0.288071702151
10901000000,-0.24648865141
10910000000,-0.317008673347
10921000000,-0.274640781722
10930000000,-0.234953677412
10941000000,-0.198273956678
10949000000,-0.353279768726
10962000000,-0.311020649564
10969000000,-0.270590270384
10980000000,-0.334446254573
10990000000,-0.293404000997
11001000000,-0.254340132832
11005000000,-0.217725258459
11019000000,-0.183885801584
11029000000,-0.309653476393
11039000000,-0.271293991315
11049000000,-0.234854643068
11056000000,-0.20074805838
11069000000,-0.252258057748
11079000000,-0.218204631254
11090000000,-0.186378069806
11091000000,-0.157037169147
11111000000,-0.239221838318
11119000000,-0.20782711353
11119000000,-0.178317683736
11126000000,-0.150957042402
11146000000,-0.193217608533
11177000000,-0.16607658199
11177000000,-0.140896970768
11177000000,-0.117788459114
11190000000,-0.154287864747
11191000000,-0.131826326111
11211000000,-0.111077650115
11217000000,-0.0921487169039
11227000000,-0.130973151656
11239000000,-0.112058868292
11239000000,-0.0945665956155
11259000000,-0.0785725820507
11267000000,-0.0822724892557
11281000000,-0.0681682479195
11285000000,-0.0554540959424
11286000000,-0.044123623082
11307000000,-0.0825215042081
11317000000,-0.0708134155643
11329000000,-0.0599282264232
11338000000,-0.0499470352036
11342000000,-0.040905816482
11343000000,-0.0316527350018
11363000000,-0.0245596322546
11364000000,-0.0183770963566
11377000000,-0.0130622868894
11402000000,-0.00853246002179
11408000000,-0.0241181321993
11420000000,-0.0197845167119
11431000000,-0.00259459934981
11441000000,1.11987243727e-05
11450000000,0.00209305554892
11450000000,0.00370569297682
11464000000,0.00491944763212
11481000000,0.00579205492702
11491000000,0.0110614306223
11502000000,0.0110806870533
11512000000,0.045516414887
11525000000,0.0428510571483
11525000000,0.0397988471491
11591000000,0.0365098793183
11591000000,0.0231014900811
11591000000,0.0200322384891
11604000000,0.0828982111734
11609000000,0.0761208848231
11616000000,0.158758547445
11625000000,0.146501616258
11639000000,0.133548323033
11640000000,0.162679338726
11656000000,0.146958835947
11660000000,0.131264425441
11679000000,0.149113532024
11688000000,0.132300142823
11695000000,0.11606555765
11695000000,0.100650135651
11715000000,0.11829843409
11715000000,0.10287879418
11738000000,0.0883982641146
11738000000,0.129635816729
11760000000,0.114227051999
11772000000,0.0994915849833
11781000000,0.134348661265
11792000000,0.118283587567
11801000000,0.1029419082
11809000000,0.0885131030595
11819000000,0.141036509366
11830000000,0.124558673208
11835000000,0.108742078623
11849000000,0.0938041312704
11862000000,0.12989919956
11872000000,0.113841604228
11879000000,0.0985989117726
11887000000,0.084343753842
11895000000,0.131882953109
11907000000,0.115911794962
11921000000,0.100686410504
11926000000,0.0863905081545
11934000000,0.124479483989
11951000000,0.109007985731
11960000000,0.0943348039006
11971000000,0.130129876023
11978000000,0.11471251743
11991000000,0.0999414462476
12001000000,0.0860186591746
12009000000,0.0730760302638
12017000000,0.0611958314961
12027000000,0.0504198358754
12040000000,0.0924516498805
12040000000,0.0807120630081
12056000000,0.0696017649428
12069000000,0.0592414370276
12081000000,0.0875594447713
12085000000,0.0765612050136
12102000000,0.0661352275621
12115000000,0.114928182294
12122000000,0.104438100621
12132000000,0.092386164837
12139000000,0.310114207105
12151000000,0.285965206776
12161000000,0.260485214224
12171000000,0.234534006192
12176000000,0.208797308022
12187000000,0.510904055199
12193000000,0.466543155624
12209000000,0.421103178409
12218000000,0.375835355623
12230000000,0.652333473342
12242000000,0.588765023122
12242000000,0.525469187067
12253000000,0.463815354284
12269000000,0.40482755917
12280000000,0.667607092106
12291000000,0.607325376779
12298000000,0.538552160307
12312000000,0.784110805154
12319000000,0.7013510858
12324000000,0.620437870973
12340000000,0.542793735765
12350000000,0.67322279943
12362000000,0.593263826924
12372000000,0.516989230768
12375000000,0.445335881562
12375000000,0.378932892744
12401000000,0.454859252658
12401000000,0.392046098121
12420000000,0.333814944883
12430000000,0.280507981223
12440000000,0.330219727969
12451000000,0.280679944487
12461000000,0.235425813466
12461000000,0.194564545412
12479000000,0.158992735438
12488000000,0.126728420027
12500000000,0.0985606824246
12510000000,0.0742535982706
12521000000,0.0427002833377
12532000000,0.0259749253298
12540000000,0.0123195992516
12552000000,0.00137671864398
12562000000,-0.110544815422
12564000000,-0.110099227591
12580000000,-0.107152620045
12591000000,-0.209466334544
12601000000,-0.1970699577
12601000000,-0.182749354251
12619000000,-0.167250759778
12632000000,-0.151172650039
12639000000,-0.321537664091
12651000000,-0.293144892791
12661000000,-0.264046930723
12668000000,-0.390867141267
12678000000,-0.352408624105
12690000000,-0.314066069915
12700000000,-0.276695094717
12707000000,-0.452318053882
12719000000,-0.40469521282
12726000000,-0.357929460306
12739000000,-0.312886093969
12750000000,-0.461598994246
12756000000,-0.410514809132
12769000000,-0.360937625724
12778000000,-0.520247359624
12788000000,-0.464428367867
12800000000,-0.40988050643
12808000000,-0.357533135574
12821000000,-0.308095079442
12829000000,-0.469079859915
12841000000,-0.413540079962
12843000000,-0.360349449027
12861000000,-0.310160318522
12869000000,-0.406989252012
12882000000,-0.35455616689
12888000000,-0.305117227206
12898000000,-0.473888294404
12910000000,-0.417684908464
12914000000,-0.363904114059
12931000000,-0.435717861453
12942000000,-0.381702346309
12952000000,-0.33039807063
12959000000,-0.282396619787
12972000000,-0.238076349479
12981000000,-0.380606159045
12989000000,-0.333226149911
13004000000,-0.288243382612
13005000000,-0.246165281859
13005000000,-0.207326550482
13032000000,-0.27837563948
13041000000,-0.240207832758
13049000000,-0.204603566288
13063000000,-0.32838966412
13070000000,-0.290016929701
13078000000,-0.253134601646
13083000000,-0.218249710727
13100000000,-0.185722831907
13112000000,-0.231480791475
13120000000,-0.199221880645
13130000000,-0.16923306236
13141000000,-0.243492263906
13149000000,-0.212894455519
13158000000,-0.183891083322
13170000000,-0.156786729228
13179000000,-0.207000286816
13194000000,-0.180031352784
13194000000,-0.154640838666
13195000000,-0.13107907994
13195000000,-0.109444841395
13245000000,-0.0898290523175
13245000000,-0.0722483553455
13253000000,-0.056669296075
13262000000,-0.0760913630869
13271000000,-0.0624365332325
13280000000,-0.122114518678
13280000000,-0.106925142668
13299000000,-0.0937387329192
13310000000,-0.0801514142201
13322000000,-0.0675290355681
13327000000,-0.0559881932637
13341000000,-0.0830102553452
13352000000,-0.071373648492
13362000000,-0.0605309770483
13369000000,-0.0337432684183
13375000000,-0.0256001346941
13390000000,-0.0185430935502
13402000000,-0.0125058971656
13408000000,-0.00741210974699
13422000000,-0.00318967174391
13422000000,0.000255960286044
13438000000,-0.00198648796155
13451000000,0.00050112528564
13459000000,0.00249456398605
13471000000,0.0354945698968
13480000000,0.0346539621809
13489000000,0.0627480796291
13498000000,0.059271809867
13508000000,0.0552374129498
13522000000,0.0508500977484
13531000000,0.0462792961639
13540000000,0.0861587821858
13549000000,0.0788151449134
13563000000,0.071278375167
13571000000,0.0637533850614
13581000000,0.107861213642
13592000000,0.097594378648
13602000000,0.0873261126188
13612000000,0.0772843897557
13621000000,-0.0708465440972
13632000000,-0.072227389031
13642000000,-0.0716876415767
13646000000,-0.069663102385
13656000000,-0.285952399776
13667000000,-0.269999020628
13679000000,-0.251423128037
13691000000,-0.231176366156
13697000000,-0.210069107102
13711000000,-0.416687658242
13718000000,-0.381698486317
13731000000,-0.345617541695
13741000000,-0.521268979458
13748000000,-0.474090132094
13758000000,-0.426323875119
13770000000,-0.379191499062
13781000000,-0.333613437764
13791000000,-0.43770936286
13800000000,-0.387503532367
13811000000,-0.339339444728
13821000000,-0.405561457893
13830000000,-0.355792166515
13842000000,-0.308693914046
13852000000,-0.264754124827
13862000000,-0.262224476452
13869000000,-0.223185541899
13880000000,-0.187537773846
13889000000,-0.155361293442
13902000000,-0.126644548925
13912000000,-0.101300297104
13919000000,-0.0643625256476
13926000000,-0.0461716083374
13940000000,-0.0309385195003
13940000000,-0.0183939513633
13940000000,0.0726286564054
13962000000,0.0755871608283
13971000000,0.207234717668
13979000000,0.198060944352
13999000000,0.186268455447
14005000000,0.172650367581
14018000000,0.157866519663
14029000000,0.271698401399
14039000000,0.24762277616
14040000000,0.222928701259
14060000000,0.435000224458
14066000000,0.397096537505
14077000000,0.358170036393
14083000000,0.319259955449
14096000000,0.281250056996
14111000000,0.42048666054
14118000000,0.37506517237
14120000000,0.330675674404
14124000000,0.28811323055
14151000000,0.492850738441
14159000000,0.440719506177
14161000000,0.389553186256
14161000000,0.340300340341
14186000000,0.500743345999
14201000000,0.445611027726
14202000000,0.391987317437
14216000000,0.340789615437
14229000000,0.564341970338
14239000000,0.502531414706
14249000000,0.442354250593
14262000000,0.384813366502
14262000000,0.541547782159
14262000000,0.478865527044
14262000000,0.418576116432
14296000000,0.361500071135
14308000000,0.538811286998
14309000000,0.475523523249
14309000000,0.414791988527
14338000000,0.357438643282
14347000000,0.500250952287
14362000000,0.438875302559
14372000000,0.380515191025
14381000000,0.325773154214
14389000000,0.442421741
14398000000,0.386563789956
14411000000,0.333688589737
14419000000,0.284354000856
14430000000,0.450482024473
14434000000,0.395648155646
14451000000,0.343368906561
14461000000,0.294283468689
14470000000,0.350398734618
14479000000,0.302449594047
14490000000,0.257712071739
14501000000,0.216518293952
14511000000,0.36244283333
14519000000,0.317249772671
14526000000,0.274346504496
14526000000,0.234227527977
14552000000,0.275482970433
14560000000,0.236722954635
14570000000,0.200726669691
14579000000,0.300022573304
14590000000,0.261844487927
14600000000,0.22573111843
14609000000,0.192074514991
14618000000,0.161113221399
14629000000,0.132973820056
14639000000,0.155228519306
14652000000,0.129681800315
14662000000,0.182254867455
14672000000,0.157057173918
14679000000,0.133563586873
14690000000,0.11194733342
14699000000,0.0922989703348
14716000000,0.0746453558383
14723000000,0.0927620916098
14723000000,0.0769432330857
14737000000,0.0831810278449
14738000000,0.0692163998944
14751000000,0.0565764323899
14770000000,0.04526778459
14776000000,0.0449318733659
14791000000,0.0355477540452
14801000000,0.0273050093918
14807000000,0.0201311179381
14838000000,0.00872026605908
14838000000,0.00434259799709
14851000000,0.000744380318539
14857000000,-0.0369744889101
14878000000,-0.0369262318273
14878000000,-0.0360976296568
14894000000,-0.0799403305953
14894000000,-0.0769237709451
14903000000,-0.0717474533147
14914000000,-0.0660885385925
14914000000,-0.0601725934255
14946000000,-0.0541797099404
14957000000,-0.0482563741637
14965000000,-0.0425256177084
14979000000,-0.0499628614829
14994000000,-0.0440315432399
14994000000,-0.0383762237126
15005000000,-0.0330620241592
15012000000,-0.0964580132853
15043000000,-0.172724514623
15043000000,-0.142924809086
15053000000,-0.127801098651
15061000000,-0.113008230185
15070000000,-0.148449337762
15081000000,-0.132312103116
15087000000,-0.116621129782
15101000000,-0.101623766648
15112000000,-0.0875029630317
15121000000,-0.109738498628
15130000000,-0.0954434789593
15143000000,-0.0820095110429
15152000000,-0.176676047151
15161000000,-0.159131767534
15171000000,-0.141708263022
15181000000,-0.124762305396
15192000000,-0.195297374585
15197000000,-0.174288949294
15204000000,-0.153787434994
15204000000,-0.13414344642
15204000000,-0.115618471018
15204000000,-0.0983922855868
15249000000,-0.180590206576
15261000000,-0.160058457101
15273000000,-0.238973857884
15284000000,-0.214633361756
15293000000,-0.190591930277
15301000000,-0.167327743008
15311000000,-0.224744970457
15319000000,-0.198705593204
15330000000,-0.173674738707
15342000000,-0.215669918527
15352000000,-0.189478119981
15361000000,-0.164537810972
15368000000,-0.141144130705
15383000000,-0.202183489901
15390000000,-0.177430086419
15398000000,-0.153884114009
15403000000,-0.131821694641
15420000000,-0.111422908847
15431000000,-0.152657235112
15442000000,-0.131928634065
15451000000,-0.112589364695
15463000000,-0.164624852818
15471000000,-0.144112874193
15480000000,-0.124659120223
15490000000,-0.106477144336
15499000000,-0.151477321659
15510000000,-0.132743594589
15522000000,-0.114952492808
15522000000,-0.0983146219832
15537000000,-0.0829423091495
15550000000,-0.120002081171
15557000000,-0.104480730396
15572000000,-0.0898519653225
15579000000,-0.130872666494
15590000000,-0.114760646828
15599000000,-0.0994515390771
15603000000,-0.0851093711481
15605000000,-0.0718414990378
15631000000,-0.0926497992684
15641000000,-0.0795994501058
15650000000,-0.0674807664796
15661000000,-0.109428661206
15669000000,-0.0961815847508
15680000000,-0.0835468060108
15691000000,-0.07166493888
15701000000,-0.0850289077974
15707000000,-0.0742757327541
15721000000,-0.0635047779339
15730000000,-0.0535492059036
15739000000,-0.0895597530499
15750000000,-0.0787856418039
15762000000,-0.0684830671678
15766000000,-0.0587852763566
15767000000,-0.0497842464332
15790000000,-0.0601211982418
15797000000,-0.0514133350579
15807000000,-0.0433648293844
15813000000,-0.036022563829
15832000000,-0.0602060737231
15837000000,-0.0525173363771
15850000000,-0.0452460411125
15860000000,-0.0537459621323
15870000000,-0.0466582433184
15882000000,-0.039996651205
15889000000,-0.0338280203917
15900000000,-0.0281813530378
15912000000,-0.0376606388141
15919000000,-0.0321903169909
15932000000,-0.0271316877628
15932000000,-0.0225121798492
15952000000,-0.0264717404371
15960000000,-0.0222265655591
15960000000,-0.0183639749996
15961000000,-0.014884667309
15961000000,-0.0117880424059
16000000000,-0.00774138158574
16004000000,-0.00545943816854
16005000000,-0.00352143955054
16026000000,-0.00526370132882
16039000000,-0.00372934312741
16048000000,-0.00242010699167
16062000000,0.00731645002219
16072000000,0.00773196950075
16080000000,0.00789845665097
16084000000,0.00786414518152
16085000000,0.00767035516629
16109000000,0.0102761497423
16120000000,0.00968368803819
16126000000,0.00900869732772
16141000000,0.00828228954779
16149000000,0.0191893477653
16160000000,0.0177655100742
16168000000,0.0162497348627
16181000000,0.0238649136517
16192000000,0.0217622950346
16200000000,0.0196208602551
16200000000,0.0174956897993
16219000000,0.0154298678083
16234000000,0.0272550556671
16241000000,0.0244952216045
16244000000,0.0217700152554
16254000000,0.0191326935599
16266000000,0.0431064479604
16278000000,0.0392735892138
16285000000,0.0353663435759
16299000000,0.0314903329463
16309000000,0.0196026971008
16320000000,0.0165187647816
16327000000,0.0137128643746
16341000000,0.0111870713048
16348000000,0.0325412794719
16361000000,0.0289877787199
16370000000,0.025529275202
16380000000,0.0475114822577
16393000000,0.0429133132421
16401000000,0.0383199659476
16411000000,0.0338313392163
16420000000,0.0295239523703
16428000000,0.0471427534186
16441000000,0.0420519371454
16450000000,0.0370858610692
16462000000,0.0323295320945
16472000000,0.0572313056103
16482000000,0.05125823564
16482000000,0.0453881729049
16496000000,0.0397312730353
16506000000,0.0554913490751
16523000000,0.049101568996
16523000000,0.0429521831069
16524000000,0.0371313134081
16545000000,0.05749505893
16561000000,0.0508030800663
16571000000,0.0443750926475
16581000000,0.0568261478121
16592000000,0.0501301650126
16592000000,0.043712888089
16592000000,0.0376622749157
16592000000,0.0320379571159
16630000000,0.02687183862
16640000000,0.0450845893144
16645000000,0.0394973752816
16649000000,0.0341925706387
16649000000,0.0292297514254
16680000000,0.0246483887507
16680000000,0.0385617592269
16700000000,0.0337348564213
16700000000,0.0291559406602
16717000000,0.0457638299531
16723000000,0.0406756769031
16740000000,0.035740534055
16750000000,0.0310347561403
16763000000,0.0422759879965
16764000000,0.0372026302426
16764000000,0.0323540328987
16765000000,0.0277914566798
16800000000,-0.549468585675
16811000000,-0.520504715478
16820000000,-0.486034481488
16830000000,-1.27977496614
16836000000,-1.18655288067
16837000000,-1.08656193367
16846000000,-0.983481502805
16846000000,-0.880277219823
16858000000,-1.68308163867
16886000000,-1.5318175091
16886000000,-1.37838025521
16886000000,-1.22667340482
16919000000,-1.87911613921
16930000000,-1.68597525593
16937000000,-1.49611991413
16951000000,-1.54892058642
16963000000,-1.36031524155
16973000000,-1.18134808578
16980000000,-1.01398199516
16991000000,-0.859515831323
16999000000,-0.71869776913
17009000000,-0.591794944749
17020000000,-0.478704349504
17028000000,-0.37903638291
17039000000,-0.292181538889
17044000000,-0.217359638419
17044000000,-0.153701091395
17069000000,0.0136723215651
17069000000,0.0314486348739
17069000000,0.0445351154774
17094000000,0.0536294641972
17094000000,0.0593702184894
17094000000,0.0623513943079
17130000000,0.0630970138285
17145000000,0.0620183584107
17145000000,0.0595057989595
17160000000,0.0559223169016
17172000000,0.0515709871103
17182000000,0.046708330106
17190000000,0.0415614929391
17198000000,0.0363263942844
17211000000,0.0310935364855
17218000000,0.0259426480777
17226000000,0.0209768762454
17238000000,0.0162664235243
17251000000,0.0118591826173
17261000000,0.00779623828857
17271000000,0.00412542671247
17281000000,0.000814972379519
17295000000,-0.00219488742132
17298000000,-0.00489802424647
17306000000,-0.00729601538686
17321000000,-0.00940292120099
17337000000,-0.0112297363396
17344000000,-0.0127613894704
17353000000,-0.0140366361958
17361000000,-0.0151514870501
17397000000,-0.0161245084471
17397000000,-0.0176556730082
17415000000,-0.018237679487
17415000000,-0.0186817414757
17421000000,-0.0189943331606
17431000000,-0.0192694877782
17437000000,-0.0195385149054
17452000000,-0.0197832591866
17459000000,-0.0200028363997
17471000000,-0.0201973474925
17480000000,-0.0203464741044
17491000000,0.00208152643626
17495000000,-0.0221565632876
17503000000,-0.0224987591103
17503000000,-0.0227816461942
17529000000,-0.0230057126606
17538000000,-0.0231786695221
17545000000,-0.0232951936746
17560000000,0.218511663002
17560000000,0.203058558929
17576000000,0.185781914646
17584000000,0.589615268139
17599000000,0.54496151497
17610000000,0.497039407759
17621000000,0.447621782507
17630000000,0.398174607812
17641000000,1.06870811254
17652000000,0.974365684538
17662000000,0.8776383942
17669000000,0.781220345788
17681000000,1.30399580414
17690000000,1.17294164288
17698000000,1.04291945559
17710000000,1.79693404714
17717000000,1.62120157144
17718000000,1.44586950317
17740000000,1.27480631702
17741000000,1.78025597245
17750000000,1.58840415146
17770000000,1.40110831131
17775000000,1.22170782015
17787000000,1.85176875852
17797000000,1.64215400287
17797000000,1.43970875469
17797000000,1.24746701373
17797000000,1.0675685141
17797000000,0.901435633718
17851000000,1.29324299554
17856000000,1.70555313567
17869000000,1.50915019391
17881000000,1.320130874
17892000000,1.47854008843
17899000000,1.29273916058
17912000000,1.11693124166
17928000000,0.953010454907
17932000000,0.802113634418
17945000000,0.664820443609
17951000000,0.699437405441
17960000000,0.581008563361
17971000000,0.474329743344
17982000000,0.571252544588
17993000000,0.476042661927
18010000000,0.390046928431
18010000000,0.313212624584
18032000000,0.245336874843
18056000000,0.186069291261
18066000000,0.134923383206
18078000000,0.0771313844484
18078000000,0.0414396337996
18078000000,0.0121628070507
18086000000,0.0326219476692
18087000000,0.0114829773251
18101000000,-0.00563409927466
18107000000,-0.0191855649541
18119000000,-0.121086925965
18128000000,-0.122696702623
18138000000,-0.121358348197
18150000000,-0.202282931668
18156000000,-0.191853075239
18171000000,-0.322653725766
18180000000,-0.300769815096
18191000000,-0.276883020553
18200000000,-0.251937248383
18211000000,-0.226704916008
18218000000,-0.201811938504
18219000000,-0.177734404424
18241000000,-0.331154521568
18249000000,-0.299313372135
18261000000,-0.483329392416
18272000000,-0.439943563649
18280000000,-0.395902441612
18291000000,-0.352329143054
18303000000,-0.310089015204
18312000000,-0.26983420894
18324000000,-0.457151486205
18325000000,-0.4074067863
18340000000,-0.35903558155
18349000000,-0.312825569361
18361000000,-0.53074951279
18370000000,-0.473297360157
18380000000,-0.417341693322
18393000000,-0.620798150985
18400000000,-0.553261365807
18411000000,-0.48756311273
18416000000,-0.424783425336
18433000000,-0.6660153556
18446000000,-0.591497080486
18455000000,-0.519397736817
18455000000,-0.450817923697
18470000000,-0.386545429547
18479000000,-0.534497213423
18492000000,-0.46666679137
18501000000,-0.754549856947
18511000000,-0.67237092986
18521000000,-0.592397581029
18521000000,-0.515954392681
18521000000,-0.444006513741
18546000000,-0.725203846024
18546000000,-0.644048514663
18570000000,-0.565490074703
18571000000,-0.490743835411
18571000000,-0.690385205643
18571000000,-0.607609489389
18606000000,-0.528605710831
18617000000,-0.454357556504
18629000000,-0.385522054087
18642000000,-0.666290151909
18642000000,-0.58761979987
18642000000,-0.757257343091
