%time,field
2000000,0.0
16000000,-6.64761920596e-26
26000000,1.59387573867e-21
35000000,3.26050305509e-22
42000000,1.31334650749e-21
59000000,-4.20571564679e-22
82000000,2.76831665348e-23
82000000,-4.59376519387e-22
118000000,2.32662400386e-22
118000000,-5.81611076194e-22
123000000,-9.8634663638e-22
139000000,-6.94881336737e-16
151000000,-2.51678347872e-12
169000000,8.25250341532e-12
169000000,0.000893969841108
172000000,0.00261393502792
182000000,-0.00235291702056
192000000,0.00249860048163
202000000,-0.00232652835891
205000000,0.00238831701596
220000000,-0.00222600801516
231000000,0.0446493884122
242000000,0.0460502462967
251000000,-0.0253541936087
251000000,-0.0221460527056
271000000,-0.0250812881466
278000000,-0.0245571654935
284000000,-0.0236412122174
284000000,-0.0201392610554
284000000,-0.0189213386211
284000000,-0.0181143290533
284000000,-0.00716234647108
284000000,-0.00647791482035
333000000,-0.00420932619192
359000000,0.0157393074952
364000000,0.0170008831635
365000000,0.0149378805642
390000000,0.00792776003415
399000000,0.00595438783298
412000000,0.00741875391232
420000000,0.00207254822937
431000000,0.00177162732987
439000000,0.00155664582884
446000000,0.00137639772312
456000000,-0.00057671765937
472000000,-0.000776573221907
481000000,-0.000908059969329
491000000,-0.000991990201933
502000000,-0.0010365251783
511000000,-0.00142257055396
521000000,-0.00138503180088
529000000,-0.00132485919043
539000000,-0.0012480801893
548000000,-0.00116980280038
558000000,-0.00107412102084
564000000,-0.000974930874506
580000000,-0.00087514724424
592000000,-0.000783907979271
597000000,-0.000688795620316
610000000,-0.000598458119379
619000000,-0.0005139870574
631000000,-0.000435984764499
638000000,-0.000441917278991
652000000,-0.000372559719132
660000000,-0.000454408875998
667000000,-0.00038957049392
682000000,-0.000329756100461
691000000,-0.000275223842171
697000000,-0.000367769242041
706000000,-0.000314655161019
720000000,-0.000265555474103
731000000,-0.000220867000221
737000000,-0.000315729714684
744000000,-0.00027109871672
759000000,-0.000229879330024
771000000,-0.000192205383624
782000000,-0.00029065161145
792000000,-0.000252655563069
800000000,-0.000217079797942
803000000,-0.000184225379813
821000000,-0.000154263529225
830000000,-0.000243843976649
840000000,-0.000211857484961
849000000,-0.000181957176385
859000000,-0.000154394891808
869000000,-0.000129274510342
876000000,-0.000106635547409
890000000,-0.000189656753101
898000000,-0.00016504579836
910000000,-0.000141928492581
921000000,-0.000242645100736
922000000,-0.000215204805306
938000000,-0.000188812208167
951000000,-0.000236604704722
961000000,-0.000208950230254
970000000,-0.000182445355907
981000000,-0.00015745439288
990000000,-0.000134271852886
997000000,-0.000113043429663
1009000000,-0.000169926209266
1020000000,-0.000148152009285
1029000000,-0.000221649145874
1034000000,-0.000197199513002
1050000000,-0.000173483392527
1062000000,-0.000205522631085
1072000000,-0.000181334573436
1080000000,-0.000158242603967
1088000000,-0.000136533107651
1098000000,-0.000116418550664
1109000000,-9.79871042875e-05
1120000000,-0.000133412027239
1132000000,-0.000115313246006
1139000000,-9.84558778548e-05
1150000000,-0.000128002782114
1161000000,-0.000111505027657
1169000000,-9.60254666822e-05
1178000000,-8.1710742061e-05
1190000000,-0.000105480957087
1202000000,-9.13240726071e-05
1208000000,-7.80836241097e-05
1209000000,-6.58881986807e-05
1229000000,-7.49321871871e-05
1241000000,-6.39269940404e-05
1249000000,-5.38660353897e-05
1261000000,-4.79455074757e-05
1269000000,-3.9667418624e-05
1280000000,-3.22907678679e-05
1288000000,-2.5750815153e-05
1299000000,-2.00536077937e-05
1308000000,-1.51957785878e-05
1322000000,1.8597771511e-06
1331000000,4.39368277954e-06
1339000000,6.21387219397e-06
1350000000,4.26778933083e-05
1361000000,4.11790227635e-05
1372000000,3.90326282914e-05
1381000000,3.63619888576e-05
1386000000,9.71232544364e-05
1397000000,8.96532866241e-05
1410000000,8.1654093199e-05
1417000000,7.3370563622e-05
1428000000,0.000150240516228
1438000000,0.000137021979681
1451000000,0.000123414494889
1459000000,0.000109813897229
1468000000,0.000217837157567
1478000000,0.000197943014068
1487000000,0.000177664925165
1501000000,0.000157638129768
1511000000,0.000277193379622
1520000000,0.000249446567518
1528000000,0.000399104837623
1540000000,0.000362115550781
1551000000,0.000324699321426
1561000000,0.000287788463851
1563000000,0.000252132269054
1564000000,0.000218306014399
1591000000,0.000389702518958
1601000000,0.000348502450932
1621000000,0.0003080993004
1621000000,0.000269213654386
1621000000,0.000232399255467
1621000000,0.000198000243554
1646000000,0.000166380536206
1661000000,0.000683925458073
1671000000,0.000625553961863
1675000000,0.00056545540674
1687000000,0.000505307088469
1701000000,0.000446443718332
1712000000,0.000622419072629
1722000000,0.000553825605939
1755000000,0.000487294644767
1755000000,0.000423855283463
1772000000,0.000364244661211
1772000000,0.000258428813674
1788000000,0.000212661937127
1792000000,0.000457077020228
1802000000,0.000746474321469
1813000000,0.000675373538533
1823000000,0.000911503728725
1832000000,0.000822462927735
1842000000,0.000733800138287
1853000000,0.000647408998232
1864000000,0.000564744939827
1872000000,0.000795590741922
1884000000,0.000703906012027
1890000000,0.000615864129015
1909000000,0.000859166937183
1909000000,0.000773603110787
1921000000,0.000680587213581
1928000000,0.000591975290084
1939000000,0.000840058049571
1949000000,0.000743175284382
1958000000,0.000650216118646
1965000000,0.000562415673088
1978000000,0.000480607898084
1982000000,0.000718622906667
1995000000,0.00063017977416
2009000000,0.000546356147122
2017000000,0.000761033153131
2021000000,0.000671295329109
2026000000,0.000585631508032
2049000000,0.000505077228791
2050000000,0.000687238971789
2070000000,0.000601951731503
2078000000,0.000521308472101
2089000000,0.000665338126786
2100000000,0.000583298807932
2111000000,0.000505747242312
2122000000,0.000433465980293
2128000000,0.000366902108896
2140000000,0.000481818762684
2153000000,0.000417560309859
2161000000,0.000357668224671
2168000000,0.000302609488713
2181000000,0.000359581261679
2192000000,0.000308081086986
2202000000,0.000260823508408
2205000000,0.000217898787643
2237000000,0.000179390432538
2237000000,0.000145215828535
2237000000,0.000115260817723
2249000000,0.000128520452819
2258000000,6.69129397911e-05
2272000000,4.75527282807e-05
2281000000,3.14698676243e-05
2285000000,1.83368708119e-05
2293000000,7.8412634308e-06
2310000000,-0.000135284588015
2317000000,-0.000133690632393
2334000000,-0.000359229484277
2342000000,-0.000339692631026
2352000000,-0.000316344443985
2361000000,-0.000290577775119
2372000000,-0.000263430582516
2381000000,-0.000235814527261
2391000000,-0.000513054696968
2397000000,-0.000467282869605
2409000000,-0.000420262105054
2421000000,-0.000373312772394
2429000000,-0.000764687461661
2439000000,-0.000697056892386
2450000000,-0.00062781255745
2462000000,-0.00109982853343
2470000000,-0.00099998795478
2479000000,-0.00089841625782
2479000000,-0.00079771743987
2493000000,-0.000700010119103
2509000000,-0.000606963397918
2521000000,-0.00110374895595
2521000000,-0.000983956712453
2521000000,-0.000867040394366
2551000000,-0.000755011181904
2551000000,-0.00146311401328
2564000000,-0.00131798008742
2564000000,-0.00117363222619
2589000000,-0.00192678329999
2599000000,-0.00174261652665
2607000000,-0.00155792604608
2622000000,-0.00235810764461
2632000000,-0.00212937772821
2641000000,-0.00190075543574
2651000000,-0.00167748831959
2657000000,-0.00248074210336
2673000000,-0.00221518356254
2682000000,-0.00195589579751
2690000000,-0.00170730664098
2691000000,-0.00147272032146
2710000000,-0.0024015167114
2721000000,-0.00213186469901
2743000000,-0.00187123961939
2743000000,-0.00162360227607
2752000000,-0.00139171601592
2762000000,-0.00238706009333
2772000000,-0.00212388936554
2785000000,-0.00315134447031
2815000000,-0.00283061672862
2815000000,-0.00220811777026
2833000000,-0.00191727116231
2833000000,-0.00164487860755
2849000000,-0.00240178850081
2862000000,-0.00210862267351
2862000000,-0.001830027066
2873000000,-0.00316322580207
2880000000,-0.00282661746581
2906000000,-0.00249791237081
2906000000,-0.00218280972457
2906000000,-0.0031111734184
2917000000,-0.00276611597433
2924000000,-0.00243159912526
2924000000,-0.00211255464611
2949000000,-0.00181324424013
2964000000,-0.00269131820523
2966000000,-0.00236108591085
2980000000,-0.0134859812466
2984000000,-0.0125536311182
3002000000,-0.0115359128626
3002000000,-0.0104749050787
3002000000,-0.00940354714505
3025000000,-0.00834825470143
3040000000,-0.0107893883101
3045000000,-0.00959128929953
3058000000,-0.00843186002234
3070000000,-0.0087099013468
3079000000,-0.00758397546712
3082000000,-0.00652629310889
3082000000,-0.00554629786517
3111000000,-0.00564400065974
3119000000,-0.00476664352831
3124000000,-0.00396824186477
3134000000,-0.00324991018763
3151000000,-0.00371164842561
3161000000,-0.00307731729913
3164000000,-0.0025083704425
3177000000,-0.00200387166707
3191000000,-0.00270518734299
3201000000,-0.00224690843941
3202000000,-0.00183551587345
3222000000,-0.00256947986578
3232000000,-0.00218882299648
3241000000,-0.00184017158938
3241000000,-0.00152460150394
3262000000,-0.00124218188104
3270000000,-0.00185215970878
3282000000,-0.00157735312642
3292000000,-0.00132613539358
3299000000,-0.00109909705101
3311000000,-0.00146891136745
3320000000,-0.00125318425287
3331000000,-0.00105598587075
3340000000,-0.00113363584668
3349000000,-0.000959287927901
3361000000,-0.00080159610884
3369000000,-0.000660603215529
3381000000,-0.000535990320015
3391000000,-0.000284303477121
3401000000,-0.000199834312422
3411000000,-0.000130224701137
3423000000,-7.39765839437e-05
3430000000,0.000653932876819
3444000000,0.000643864483938
3448000000,0.000619681582208
3461000000,0.000584744496408
3469000000,0.0153524567816
3481000000,0.0143955609089
3492000000,0.0133172946584
3502000000,0.0121674789282
3511000000,0.0220633429244
3522000000,0.0201612763689
3532000000,0.0182088332064
3540000000,0.0162605675094
3550000000,0.0143594703285
3561000000,0.0211623859477
3572000000,0.0189030117528
3580000000,0.0235078777543
3591000000,0.0210211002853
3602000000,0.0185894227454
3610000000,0.0162548735223
3621000000,0.0196003366617
3632000000,0.0172125562468
3643000000,0.0149436540494
3651000000,0.0128192000475
3662000000,0.0143687786532
3671000000,0.0123658754215
3679000000,0.0105087874332
3691000000,0.0088086490174
3699000000,0.00727033994063
3707000000,0.00890453115902
3716000000,0.00748985624397
3729000000,0.0062058016537
3739000000,0.0050536588602
3750000000,-0.0116890269734
3759000000,-0.0115593301617
3772000000,-0.0111994507974
3781000000,-0.013433380012
3791000000,-0.0126171459804
3799000000,-0.0116927887165
3800000000,-0.0107039062093
3809000000,-0.0096863104435
3819000000,-0.00866883634968
3837000000,-0.00767404787183
3849000000,-0.00494915893338
3856000000,-0.000987758100438
3868000000,-0.000455719745228
3879000000,-2.78478241462e-05
3890000000,0.000308814108383
3900000000,0.000566037557701
3910000000,0.000755128177208
3920000000,0.000886272734434
3931000000,0.00333239908345
3939000000,0.00652447747912
3949000000,0.00615486553245
3959000000,0.00572493117891
3970000000,0.00525705131352
3970000000,0.00476991734201
3987000000,0.00694209581799
3997000000,0.00630201128178
4012000000,0.00565577708452
4020000000,0.00788079481612
4031000000,0.00707558885289
4037000000,0.0062821132366
4037000000,0.00551572374756
4037000000,0.00478799378536
4039000000,0.00410701202889
4080000000,0.0066684152983
4092000000,0.00590728815274
4102000000,0.0083950983221
4109000000,0.00749171503948
4121000000,0.0066120710366
4128000000,0.00577095687278
4140000000,0.00808203240911
4148000000,0.00717350805182
4161000000,0.00629688067959
4170000000,0.00546542553901
4178000000,0.00748082387849
4190000000,0.00658532985995
4192000000,0.00573288031737
4205000000,0.00493349848834
4221000000,0.00663843657889
4221000000,0.00580606303071
4242000000,0.00502116439322
4244000000,0.00429142328025
4252000000,0.00566943138671
4261000000,0.00494167215479
4282000000,0.00425883886008
4292000000,0.00362686307109
4295000000,0.00304917294907
4309000000,0.00252743283023
4318000000,0.00354982228046
4331000000,0.00305731471893
4336000000,0.00260314833494
4351000000,-0.00995745265649
4357000000,-0.00958493634307
4368000000,-0.00907466141836
4373000000,-0.018788158623
4384000000,-0.0174970215239
4400000000,-0.0160851112235
4409000000,-0.0146095769871
4413000000,-0.0131174119276
4430000000,-0.0209209285267
4439000000,-0.0189786031608
4440000000,-0.0170205347325
4461000000,-0.0150936163728
4470000000,-0.0203049912596
4471000000,-0.0183534781522
4486000000,-0.0162271897692
4502000000,-0.0141859370633
4511000000,-0.0122571969246
4521000000,-0.0173456415195
4531000000,-0.0152340406674
4538000000,-0.0132261833447
4550000000,-0.0165339070144
4556000000,-0.0144900498428
4568000000,-0.012553001612
4581000000,-0.0107432981653
4592000000,-0.0141427591379
4598000000,-0.01229751522
4598000000,-0.0105656622329
4599000000,-0.00896187786716
4617000000,-0.0074949427164
4627000000,-0.00938531087916
4639000000,-0.00801647492067
4639000000,-0.00675639258598
4671000000,-0.00880784522237
4681000000,-0.00759840620319
4692000000,-0.00647282098067
4699000000,-0.00711132530157
4711000000,-0.00606617451793
4721000000,-0.00510538369602
4729000000,-0.00423251619391
4738000000,0.0148236130941
4750000000,0.0143268038448
4759000000,0.01361629278
4771000000,0.0127533677292
4774000000,0.0117894296601
4789000000,0.0141531172949
4798000000,0.0128824732506
4808000000,0.0115941020608
4819000000,0.008870131766
4826000000,0.00767455934959
4838000000,0.00659663403849
4849000000,0.00560090407835
4861000000,0.00588318067402
4869000000,0.00503185976479
4881000000,0.00422096846967
4890000000,0.00348856078765
4900000000,0.000879720511795
4911000000,0.000416672807604
4914000000,4.36007762964e-05
4928000000,-0.00025055632106
4938000000,-0.000475990588113
4948000000,-0.00351892737482
4957000000,-0.00344318807191
4970000000,-0.0033056137972
4980000000,-0.00633195822193
4989000000,-0.00590720562181
4999000000,-0.00543964046341
5011000000,-0.00494900868954
5016000000,-0.00780694052869
5032000000,-0.00722735810979
5041000000,-0.00652835190578
5046000000,-0.00583095717502
5046000000,-0.0051504239158
5071000000,-0.00794468530177
5080000000,-0.00711859993566
5080000000,-0.00630818297277
5080000000,-0.00552833873074
5080000000,-0.00479003619512
5080000000,-0.00410110100244
5080000000,-0.00346645181967
5141000000,-0.0061836632015
5147000000,-0.00544480557465
5162000000,-0.00887522931937
5173000000,-0.00796114723994
5181000000,-0.00706313417287
5192000000,-0.00619805103466
5201000000,-0.00768094962566
5208000000,-0.00677079424001
5217000000,-0.00818407801956
5231000000,-0.00723496623757
5238000000,-0.00632606964963
5251000000,-0.00546935573512
5260000000,-0.00661487126754
5271000000,-0.00576239385578
5279000000,-0.00496311687571
5291000000,-0.004223759864
5302000000,-0.00498745299252
5313000000,-0.00428506910102
5320000000,-0.00363745225381
5325000000,-0.0030477448176
5339000000,0.0101448664437
5351000000,0.00987352332308
5360000000,0.00943602163858
5372000000,0.0088778864159
5379000000,0.0188310887552
5388000000,0.0175026540158
5403000000,0.01606130744
5411000000,0.0145631663963
5417000000,0.0130539059674
5427000000,0.0200248001315
5428000000,0.0180745177366
5448000000,0.0161306584162
5457000000,0.0213751713894
5471000000,0.0191125168576
5481000000,0.0168987993897
5502000000,0.0147734229641
5502000000,0.012765083888
5502000000,0.0108943194434
5521000000,0.00917405672863
5528000000,0.00761073530163
5541000000,0.0118953474029
5552000000,0.0103291008699
5556000000,0.0151988032273
5572000000,0.0134595560852
5581000000,0.0117851504207
5590000000,0.0141323740314
5601000000,0.0124164509415
5611000000,0.0107841461315
5620000000,0.0121543358133
5621000000,0.010663772515
5640000000,0.0091790846773
5645000000,0.00780140925229
5658000000,0.00653949220187
5668000000,0.00783978646547
5683000000,0.00665423262211
5683000000,0.00556919919562
5698000000,0.00458758975273
5711000000,0.00482166911249
5720000000,0.00397103152614
5731000000,0.00321053792456
5742000000,0.00352792131967
5751000000,0.00287535716259
5760000000,0.00229547365411
5762000000,0.00178574282899
5779000000,0.000979820748024
5789000000,0.000620978384504
5801000000,0.000323385703844
5812000000,8.08964786429e-05
5822000000,-0.000624308532133
5829000000,-0.000744440541251
5839000000,-0.000823258600294
5849000000,-0.000867597088032
5861000000,-0.00199773343323
5872000000,-0.00193022330357
5881000000,-0.00183424743622
5885000000,-0.0017178733386
5886000000,-0.00158800727432
5911000000,-0.00145039452947
5922000000,-0.00289563075427
5930000000,-0.00265189427955
5940000000,-0.00240048152446
5949000000,-0.00395157832334
5962000000,-0.0036015107531
5969000000,-0.00625870963319
5978000000,-0.00572789815276
5992000000,-0.00518115313193
6002000000,-0.00463395510326
6003000000,-0.00409860113382
6004000000,-0.00358459063059
6004000000,-0.00309887610309
6033000000,-0.00264627588981
6047000000,-0.00233182003678
6062000000,-0.00194675275887
6070000000,-0.0010609333078
6079000000,-0.000781103174903
6090000000,-0.000542341424597
6101000000,-0.000341322328648
6110000000,0.000403654183634
6118000000,0.000507556822064
6126000000,0.00057908868232
6126000000,0.000623588620046
6151000000,0.000930710843743
6156000000,0.00091924195286
6170000000,0.00089066734754
6181000000,0.00084941493282
6189000000,0.000835350549734
6200000000,0.000776836228279
6212000000,0.000714846785533
6219000000,-0.0107879345637
6228000000,-0.0105618815906
6242000000,-0.00986554981807
6248000000,-0.00909436544269
6266000000,-0.00828142887522
6287000000,-0.0156115577712
6287000000,-0.0142577539437
6292000000,-0.0128699154099
6301000000,-0.0170871593051
6311000000,-0.0154170297685
6318000000,-0.0137543159695
6324000000,-0.0121347023272
6324000000,-0.0105853190497
6324000000,-0.00912574151867
6358000000,-0.011832735826
6364000000,-0.0103335946325
6365000000,-0.00891929395045
6391000000,0.00685745412202
6398000000,0.00719632841554
6411000000,0.00730343103899
6422000000,0.0103252188747
6440000000,0.00990939407734
6447000000,0.00936154879392
6450000000,0.0087220174282
6462000000,0.00739007014602
6473000000,0.00669740653198
6482000000,0.00600325062871
6491000000,0.00532348649537
6501000000,0.0024393772959
6510000000,0.00195610582045
6515000000,0.00153347861216
6584000000,0.0011678183522
6584000000,0.000855084550431
6584000000,0.000591196272445
6584000000,0.000371737021252
6584000000,-0.00213799808284
6584000000,-0.00215417869485
6600000000,-0.00211685068776
6600000000,-0.00203809541247
6613000000,-0.00529667539501
6620000000,-0.025847675779
6634000000,-0.0241622185108
6643000000,-0.0222912790837
6653000000,-0.0203161915681
6660000000,-0.0183031712494
6674000000,-0.0269018731422
6680000000,-0.0242830439683
6691000000,-0.0275361198489
6702000000,-0.0246671245816
6709000000,-0.0218522682729
6721000000,-0.0191438503097
6726000000,-0.0165799383593
6739000000,-0.0141873868691
6747000000,-0.011984018688
6748000000,-0.00997901995934
6771000000,-0.00962816273415
6780000000,-0.00793224809751
6789000000,-0.00585904291602
6799000000,-0.00455907459448
6803000000,-0.00343245563979
6819000000,-0.0024680204182
6828000000,0.000958644289634
6841000000,0.00146695112583
6848000000,0.00183429087214
6860000000,0.00628609203485
6870000000,0.00615971154165
6880000000,0.00592162152299
6890000000,0.00560068729754
6903000000,0.00522158826951
6912000000,0.00952587783213
6921000000,0.00878684305799
6929000000,0.00800662890059
6940000000,0.012345900791
6947000000,0.0112757181248
6961000000,0.0101791720683
6971000000,0.00908593636854
6981000000,0.00327225274148
6989000000,0.00251684632793
7001000000,0.00186362099252
7012000000,0.001305344759
7021000000,-0.000642219033669
7030000000,-0.000953225168252
7040000000,-0.00117892653293
7040000000,-0.00133228347041
7062000000,-0.0014253270285
7072000000,-0.000764784966081
7081000000,-0.00081563206664
7096000000,-0.00083986411858
7100000000,0.0198799216609
7111000000,0.0187062261424
7121000000,0.017359840749
7129000000,0.0159079279761
7142000000,0.0144052617862
7150000000,0.0264550074359
7162000000,0.0240713562567
7172000000,0.0216514836064
7182000000,0.0288576038
7190000000,0.0259875422772
7202000000,0.0231417030341
7211000000,0.0203788929815
7220000000,0.0177431094971
7230000000,0.0213917964807
7239000000,0.0186878877756
7252000000,0.0161364003818
7257000000,0.0137627837277
7270000000,0.0159988308191
7279000000,0.0137307300592
7290000000,0.0116340283235
7298000000,0.00971922781378
7311000000,0.0101910854045
7320000000,0.00852222408202
7326000000,0.00701485453832
7339000000,0.00566870425722
7351000000,-0.0142333471095
7361000000,-0.0140490154171
7370000000,-0.0135906944667
7379000000,-0.0129265999156
7390000000,-0.0157491941018
7400000000,-0.0146411590311
7408000000,-0.013441727232
7422000000,-0.0121968336459
7431000000,-0.0109440252471
7441000000,-0.00812160186216
7451000000,-0.00703110845818
7460000000,-0.00342227730549
7469000000,-0.0026614444473
7479000000,-0.00200333665894
7486000000,-0.00144096208237
7501000000,-0.000966631620663
7502000000,-0.000572378681531
7519000000,0.00244557363664
7528000000,0.00253859541527
7536000000,0.00255400382013
7552000000,0.00521813822808
7562000000,0.0049737479475
7571000000,0.00466870529853
7581000000,0.00713262101251
7591000000,0.0065787864919
7594000000,0.00599434084316
7607000000,0.00539885476921
7621000000,0.00480819665576
7631000000,0.00719427225762
7641000000,0.00648130871016
7651000000,0.00577390822487
7663000000,0.00508671486704
7663000000,0.00443102634303
7680000000,0.00681350501386
7692000000,0.00604613414176
7701000000,0.00897823255547
7710000000,0.00805059260197
7726000000,0.00713934117229
7737000000,0.00626149299168
7746000000,0.00542977817779
7758000000,0.00465316573974
7758000000,0.00944803388363
7766000000,0.00848054169291
7766000000,0.00752872743734
7791000000,0.00661080978938
7798000000,0.0063758647154
7806000000,0.00551997388857
7821000000,0.00269259334705
7833000000,0.00208479341941
7842000000,0.00156030395946
7849000000,0.00111330009023
7861000000,0.000737439763285
7863000000,0.000426189498498
7886000000,0.000172993924777
7892000000,0.00345344642128
7902000000,-0.00449695598516
7913000000,-0.00443709229848
7923000000,-0.0042899741895
7943000000,-0.00407610858339
7943000000,-0.00381435468277
7952000000,-0.0129360138067
7962000000,-0.0120705327525
7972000000,-0.0111155958762
7983000000,-0.0181415478079
7992000000,-0.0166291014975
8002000000,-0.0150627574022
8002000000,-0.0134890250678
8017000000,-0.0119443841025
8035000000,-0.0104571775866
8041000000,-0.0159188575409
8051000000,-0.0213231339626
8052000000,-0.0192425208925
8052000000,-0.0171717974509
8084000000,-0.0151533127128
8101000000,-0.0132209943873
8118000000,-0.0113996720538
8118000000,-0.0097065247936
8118000000,-0.00815216473105
8133000000,-0.0119229187237
8144000000,-0.0163312801749
8151000000,-0.0144483219179
8158000000,-0.0126388052393
8168000000,-0.0109274423522
8181000000,-0.00933176725399
8190000000,-0.011185782583
8196000000,-0.00965498309743
8211000000,-0.00823071502741
8217000000,-0.00692217707476
8232000000,-0.0093275314531
8241000000,-0.00804990030203
8250000000,-0.0068607493103
8258000000,-0.00576793951655
8271000000,-0.00671293334103
8282000000,-0.00570120219518
8287000000,-0.00658200897779
8293000000,-0.0056427529879
8310000000,-0.00477440099953
8318000000,-0.00398169355202
8329000000,-0.00326626434258
8341000000,-0.00262782124854
8347000000,-0.00206491222525
8361000000,-0.00207370396847
8370000000,-0.00161862899571
8386000000,-0.00128746138965
8397000000,-0.00094346571975
8397000000,-0.000650269433689
8412000000,-0.000403645982702
8419000000,-0.000199648433557
8429000000,-3.38825626372e-05
8438000000,0.000137041738506
8452000000,0.00023716143334
8460000000,0.000310935451988
8470000000,0.00189233115547
8482000000,0.00183110847364
8489000000,0.00174188106616
8500000000,0.00163243218898
8511000000,0.00713269324151
8521000000,0.00664910297286
8529000000,0.00611888378813
8541000000,0.00556373646664
8550000000,0.00946178370038
8562000000,0.00863229643684
8573000000,0.00778485744023
8580000000,0.00694223781249
8595000000,0.00989616027912
8602000000,0.00889064368646
8611000000,0.00789837038413
8618000000,0.010232709457
8632000000,0.00913161753533
8642000000,0.00805860944636
8646000000,0.00703183721624
8662000000,0.00606442277002
8671000000,0.00815618445788
8682000000,0.00714724083845
8682000000,0.00619114161858
8701000000,0.00529798935843
8711000000,0.00693877489903
8721000000,0.00603725893809
8732000000,0.00519058432373
8741000000,0.00700760971679
8748000000,0.00611611751355
8761000000,0.00527545256663
8769000000,0.00449360066567
8778000000,0.00377562182129
8791000000,0.00559316175791
8799000000,0.00486376560589
8810000000,0.00417886123389
8818000000,0.00581143041509
8828000000,0.0051065351219
8840000000,0.00443571467577
8850000000,0.00380642484983
8861000000,0.0032242082858
8870000000,0.00497929057664
8879000000,0.0043461094176
8890000000,0.00374848209298
8901000000,0.00496067226748
8911000000,0.00435082676666
8920000000,0.00377125587666
8931000000,0.00322900410867
8941000000,0.00272825853508
8950000000,0.00227139042833
8960000000,0.00383922644815
8968000000,0.00334454535056
8980000000,0.002878585591
8989000000,0.00397190307391
9002000000,0.00348518530416
9010000000,0.00302250004297
9023000000,0.00258909673041
9027000000,0.0038485012654
9041000000,0.00338732164678
9041000000,0.00294683042988
9055000000,0.0025325400824
9069000000,0.00344971810076
9081000000,0.00301796025137
9082000000,0.0026091624988
9083000000,0.00222759231307
9109000000,0.00306517084395
9119000000,0.00266882319888
9120000000,0.0022957320808
9120000000,0.00194932354228
9147000000,0.00264860924693
9161000000,0.0022960105792
9170000000,0.0019659017761
9181000000,-0.00743010474892
9196000000,-0.00713809452235
9196000000,-0.00674897061381
9210000000,-0.00629214340316
9222000000,-0.00579208161595
9228000000,-0.00526915044798
9238000000,0.00163239790678
9259000000,0.00176335930976
9267000000,0.00182609368535
9271000000,0.00183382403217
9281000000,0.00589381568479
9298000000,0.005551805127
9302000000,0.00810838614483
9312000000,0.00751999325047
9320000000,0.00688762569548
9323000000,0.00623434026432
9349000000,0.00557930223793
9349000000,0.00493757078919
9360000000,0.00587718227202
9370000000,0.0052047054966
9370000000,0.00455773425321
9390000000,0.00504587116815
9399000000,0.00440839226456
9399000000,0.00380687771155
9399000000,0.00324728101401
9399000000,0.00273325888043
9440000000,0.00263050151451
9450000000,0.0021915494425
9460000000,0.00184276199618
9471000000,0.00148807501606
9479000000,0.00117502518539
9491000000,0.000901936952214
9502000000,0.000666468446128
9516000000,0.000465933292415
9523000000,0.000297460873938
9539000000,-0.000158262530412
9539000000,-0.000251409967396
9552000000,-0.000990678534456
9560000000,-0.000995535939832
9571000000,-0.000976891227334
9580000000,-0.000940170917441
9590000000,-0.00164301017283
9600000000,-0.00153322684587
9601000000,-0.00141218823223
9614000000,-0.00128494065284
9632000000,-0.00216016866914
9639000000,-0.00197293693028
9648000000,-0.00178082860342
9658000000,-0.00158927123943
9668000000,-0.00257052126059
9682000000,-0.00231670435217
9682000000,-0.00206437009081
9702000000,-0.00275485423738
9707000000,-0.00246892313962
9719000000,-0.00218787858962
9729000000,-0.00191704475945
9741000000,-0.00271080332933
9751000000,-0.00240632149809
9764000000,-0.00211196197761
9770000000,-0.00183218409434
9791000000,-0.00229061790144
9801000000,-0.00200304600695
9801000000,-0.00173115390044
9811000000,-0.00147763569165
9820000000,-0.0021882991525
9831000000,-0.00191800707696
9841000000,-0.00166147899886
9852000000,-0.00142145630651
9860000000,-0.00174532397509
9870000000,-0.00150763293788
9882000000,-0.00128607348423
9888000000,-0.00108215883962
9898000000,-0.00151698455861
9911000000,-0.00131622348087
9922000000,-0.0011279643643
9930000000,-0.000953656265896
9939000000,-0.00126297659204
9947000000,-0.00109169257551
9962000000,-0.000931743289091
9970000000,-0.00078433837227
9979000000,-0.000650017717083
9991000000,-0.000869038659176
10007000000,-0.000740302375356
10007000000,-0.000621675432982
10023000000,-0.000513871772798
10032000000,-0.000575440669899
10044000000,-0.0004795360189
10059000000,-0.000392686153239
10097000000,-0.00031494741867
10097000000,-0.000133535353457
10097000000,-8.90742866729e-05
10112000000,6.8572578975e-05
10120000000,9.34952321152e-05
10131000000,0.000111446187976
10140000000,0.000172307330072
10151000000,0.000176864713116
10161000000,0.000176884484058
10163000000,0.000173251809834
10174000000,0.000179559581524
10190000000,0.000170309821386
10198000000,0.00015960010641
10199000000,0.000147977045424
10221000000,0.000549680097871
10231000000,0.000513141335237
10239000000,0.000473072891692
10239000000,0.000431156543791
10239000000,0.000388687032691
10270000000,0.000711050543034
10279000000,0.000649095125178
10291000000,0.000586061036268
10310000000,0.00111695566974
10314000000,0.00102121845061
10322000000,0.000923074999537
10329000000,0.000825198017547
10344000000,0.00130199313054
10350000000,0.00117697418101
10363000000,0.00105232145657
10363000000,0.00093072811514
10363000000,0.000814111370468
10363000000,0.000704064949822
10414000000,0.000601630211602
10414000000,0.000507507436049
10414000000,0.00109609346809
10431000000,0.00175859079693
10441000000,0.00159604897927
10451000000,0.00143220810149
10456000000,0.00199075764234
10468000000,0.00179014203584
10478000000,0.00159196955484
10488000000,0.00140012528884
10496000000,0.00121762321056
10512000000,0.00186071181953
10513000000,0.00164929912752
10531000000,0.00144570171388
10541000000,0.00125283930788
10548000000,0.00180478273172
10560000000,0.00159479946785
10567000000,0.00139351454062
10579000000,0.00120368280595
10589000000,0.00186340557007
10595000000,0.00165085248114
10609000000,0.00144629365755
10619000000,0.00125255605703
10630000000,0.00107180589928
10640000000,0.00159653584354
10650000000,0.00140246704716
10659000000,0.00199858755172
10670000000,0.00178000823176
10681000000,0.00156781410492
10685000000,0.00136534638871
10700000000,0.00117514324584
10708000000,0.0016181313297
10718000000,0.00141785050272
10724000000,0.00122823535803
10726000000,0.00105117237398
10750000000,0.00154171906711
10760000000,0.00135208973442
10764000000,0.00117226211832
10766000000,0.00100418793843
10789000000,0.00145707747602
10805000000,0.00127689096628
10805000000,0.00110624535355
10819000000,0.00142278026087
10836000000,0.00124932434961
10842000000,0.0010844009151
10851000000,0.000930171898766
10858000000,0.00131528768953
10871000000,0.0011563807566
10880000000,0.00100536252707
10889000000,0.000863646160671
10901000000,0.000732576750458
10910000000,0.000938340113159
10921000000,0.00080848469259
10932000000,0.000687932130812
10939000000,0.000577493087113
10950000000,0.000826957755706
10962000000,0.000714989473087
10966000000,0.000610711385187
10981000000,0.000764674504388
10990000000,0.000663620244886
11000000000,0.00056897188298
11012000000,0.000481644174657
11020000000,0.000402098416831
11031000000,0.000588466707421
11039000000,0.00050730418851
11045000000,0.000431950968613
11057000000,0.000362888744974
11071000000,0.000400752992933
11082000000,0.000338286671727
11083000000,0.000281571756268
11101000000,0.000230617887776
11111000000,0.000308418763584
11122000000,0.000260342410636
11131000000,0.000216587763777
11140000000,0.000177391686508
11152000000,0.000154732537485
11160000000,0.000123343253561
11165000000,9.59728423061e-05
11180000000,7.22006571015e-05
11189000000,8.25375108795e-06
11201000000,-6.09695641379e-06
11204000000,-1.70677233509e-05
11221000000,-2.51086723945e-05
11230000000,-1.64479949212e-06
11240000000,-6.90138727944e-06
11245000000,-1.07414393359e-05
11258000000,-1.32679843614e-05
11270000000,-0.00318805252422
11279000000,-0.00298129108071
11282000000,-0.00275136883214
11286000000,-0.00250824336316
11306000000,-0.00407145839346
11321000000,-0.00371139941238
11330000000,-0.00334434570777
11337000000,-0.00297996189376
11344000000,-0.00262586404261
11357000000,-0.00350099116815
11366000000,-0.00311010416894
11367000000,-0.00273204326815
11387000000,-0.00237259016915
11402000000,-0.0020360411329
11411000000,-0.00223203354476
11420000000,-0.00191694127939
11431000000,-0.0020367380241
11441000000,-0.00174402894618
11450000000,-0.00147397302724
11450000000,-0.00122780516956
11463000000,-0.00100618548651
11481000000,-0.000808806979563
11491000000,-0.000547293908503
11500000000,-0.000401705101948
11512000000,-0.000126526431336
11525000000,-3.22650360015e-05
11540000000,4.30264644717e-05
11541000000,0.000101557728037
11541000000,0.000210426995402
11541000000,0.000215588430022
11591000000,0.000501348816393
11601000000,0.000478281384072
11618000000,0.00104060102365
11631000000,0.000974053878738
11631000000,0.000899851884327
11644000000,0.00275672401001
11657000000,0.00255771263232
11658000000,0.00234379055504
11681000000,0.00191524417905
11684000000,0.00170699501922
11684000000,0.00150475346758
11708000000,0.00131176618229
11720000000,0.000828513778773
11723000000,0.000680078572185
11737000000,0.000548094217785
11751000000,0.000480023532237
11761000000,0.000376174388547
11771000000,0.000286011070711
11780000000,-0.000678875270095
11788000000,-0.000686464465663
11798000000,-0.000677005760609
11809000000,-0.000654228098803
11819000000,-0.000908732792271
11831000000,-0.000850541313638
11840000000,-0.000785590736378
11850000000,-0.000716751533034
11862000000,-0.000786866549733
11872000000,-0.000707759769544
11882000000,-0.000629466650997
11889000000,-0.000553570447438
11899000000,-0.000335431075916
11910000000,-0.000277212374773
11919000000,-0.000225100486889
11930000000,-0.000178922829707
11940000000,2.09266113046e-05
11947000000,4.57461045426e-05
11958000000,6.44889512784e-05
11968000000,-0.0024914170292
11980000000,-0.00233895875598
11991000000,-0.00216601791574
11998000000,-0.00198110504873
11998000000,-0.00179095354491
11998000000,-0.00160088388236
12031000000,-0.00141502901471
12039000000,-0.0025074637444
12051000000,-0.00226103132677
12059000000,-0.00201612282543
12068000000,-0.00177787189908
12076000000,-0.00212174856609
12090000000,-0.00187248870972
12100000000,-0.00163398324687
12107000000,-0.00140934439788
12120000000,-0.001159671043
12129000000,-0.000971062865916
12136000000,-0.000553088399235
12147000000,-0.000415111831669
12160000000,-0.00029713324774
12165000000,-0.000197438422837
12165000000,-0.000114428387377
12186000000,0.000783922886511
12199000000,0.000786395418803
12209000000,0.000770663473589
12220000000,0.000740955621661
12230000000,0.00147830424131
12242000000,0.00137911026216
12245000000,0.00127002908689
12256000000,0.00115550264274
12268000000,0.00103931566699
12278000000,0.00189482842971
12288000000,0.00175888061288
12301000000,0.00158839109621
12310000000,0.00242075534521
12319000000,0.00219063846832
12324000000,0.00196007511028
12336000000,0.00173432631246
12351000000,0.0024369469866
12356000000,0.00217915543382
12366000000,0.00192694467647
12379000000,0.00168482541703
12390000000,0.00145610148007
12401000000,0.0020889957922
12401000000,0.00184464407751
12420000000,0.00161046991854
12430000000,0.00138966289134
12443000000,0.00201145763255
12451000000,0.00176887577324
12460000000,0.00153777388674
12470000000,0.00132105598217
12481000000,0.00188253594335
12488000000,0.00165435391394
12502000000,0.00143732562761
12513000000,0.00123383881227
12522000000,0.0016760935933
12530000000,0.00146379815453
12541000000,0.00126353590745
12552000000,0.00107740051492
12561000000,0.0013942842057
12569000000,0.00120644252747
12580000000,0.00103116505691
12590000000,0.00133654237648
12602000000,0.00116295115386
12611000000,0.000999923497108
12620000000,0.000849079237467
12630000000,0.000710940712277
12640000000,0.000881515993704
12652000000,0.000750072757711
12660000000,0.000629631206256
12670000000,0.000669589975778
12682000000,0.00056194445935
12691000000,0.000464611437084
12698000000,0.000377511912314
12708000000,0.000326364195286
12715000000,0.000256878378773
12720000000,0.000196112192582
12734000000,0.000144389754934
12751000000,8.44272008927e-05
12756000000,4.81063134329e-05
12765000000,1.87482892822e-05
12771000000,-0.000348744228169
12791000000,-0.000348732033351
12801000000,-0.000341155931486
12807000000,-0.000327058231372
12821000000,-0.000308835310733
12830000000,-0.000292554987007
12842000000,-0.000268552351875
12843000000,-0.000244209054246
12861000000,-0.000219312751816
12868000000,-0.000961445285428
12878000000,-0.000886203597428
12890000000,-0.000807366034966
12894000000,-0.00114928139139
12906000000,-0.00104176064081
12914000000,-0.000933837815795
12930000000,-0.00124763931047
12941000000,-0.00112206989873
12951000000,-0.000997801260947
12959000000,-0.000877041794688
12972000000,-0.000762557088781
12981000000,-0.00122544457427
12989000000,-0.00109133071412
13000000000,-0.000961496024249
13008000000,-0.00083740442801
13021000000,-0.00072096506505
13032000000,-0.00102352407826
13041000000,-0.000900278298937
13049000000,-0.000782662597992
13062000000,-0.00116888742919
13072000000,-0.00103994071161
13078000000,-0.0009146186602
13083000000,-0.000795406394207
13100000000,-0.000682936903693
13112000000,-0.00105699104038
13120000000,-0.000930110387581
13126000000,-0.000808632209851
13141000000,-0.0014112242674
13151000000,-0.00126669896653
13156000000,-0.00112444519644
13177000000,-0.000986462282439
13179000000,-0.00119149523945
13191000000,-0.001050334873
13199000000,-0.000914996535086
13199000000,-0.000787778230424
13199000000,-0.000669742026598
13199000000,-0.000561517478964
13199000000,-0.00046337199358
13199000000,-0.000375082088628
13266000000,-0.00147981224857
13266000000,-0.00134524259851
13280000000,-0.00207591123631
13280000000,-0.0018890907723
13299000000,-0.00169924585147
13311000000,-0.00216037881634
13321000000,-0.00193796557341
13331000000,-0.00171939918423
13340000000,-0.002155413649
13352000000,-0.00191406460747
13360000000,-0.00168127711241
13372000000,-0.00205014326718
13376000000,-0.00181044014011
13388000000,-0.00158058407696
13396000000,-0.0013639700715
13406000000,-0.00116243112407
13422000000,-0.000977061310536
13422000000,-0.000809155644238
13440000000,-0.00114520921351
13451000000,-0.000979719246103
13459000000,-0.000826926602155
13471000000,-0.00127680786701
13475000000,-0.00111387659299
13490000000,-0.0015395652195
13500000000,-0.0013643827628
13511000000,-0.00119555932292
13520000000,-0.00103554710896
13531000000,-0.000886085322505
13542000000,-0.00126393445844
13552000000,-0.00110665176815
13561000000,-0.000957584202333
13574000000,-0.000818380974608
13581000000,-0.00132008536952
13590000000,-0.00116396428165
13600000000,-0.00101472651345
13609000000,-0.000874140557242
13620000000,-0.00122011001137
13631000000,-0.00107360083143
13641000000,-0.000933867221144
13650000000,-0.000802717767516
13662000000,-0.00128766915951
13671000000,-0.00116130716305
13683000000,-0.00102061583194
13685000000,-0.000886735482217
13686000000,-0.000761089828967
13715000000,-0.00109081720962
13719000000,-0.000957164391004
13738000000,-0.000830256268268
13744000000,-0.00136979501082
13749000000,-0.0012234242778
13749000000,-0.00108050544377
13764000000,-0.000943378973632
13781000000,-0.000814028924431
13786000000,-0.00111650552914
13796000000,-0.000978320006892
13813000000,-0.000847406441717
13822000000,-0.00139481536458
13830000000,-0.00123785852585
13837000000,-0.00108593118055
13846000000,-0.000941800087717
13862000000,-0.00125298377708
13869000000,-0.00110216056187
13881000000,-0.000958650013797
13881000000,-0.000823798861296
13882000000,-0.000699717367421
13908000000,-0.000585677250948
13909000000,-0.00117644135306
13919000000,-0.00104215722078
13937000000,-0.00091203277104
13937000000,-0.000789338138698
13958000000,-0.000965936550026
13970000000,-0.000842947374907
13981000000,-0.00160570887849
13988000000,-0.00144606872276
13999000000,-0.00128848913508
14005000000,-0.0011342594491
14018000000,-0.000987726665935
14032000000,-0.000715097961091
14040000000,-0.000597450951744
14043000000,-0.000490844250379
14060000000,-9.47639383567e-05
14066000000,-2.87938593485e-05
14073000000,2.47231586255e-05
14083000000,6.61533208731e-05
14099000000,9.74737094459e-05
14111000000,-0.000538616523657
14120000000,-0.00048301404995
14124000000,-0.000427670632644
14125000000,-0.00037507171876
14149000000,-4.99167793596e-05
14152000000,-1.92928791703e-05
14162000000,5.01540119282e-06
14178000000,2.44429239626e-05
14178000000,-0.000576218628455
14201000000,-0.000549527324868
14210000000,-0.000502040315096
14219000000,-0.000454629789596
14231000000,-0.000365781848581
14238000000,-0.000320982126901
14245000000,-0.000277990811673
14245000000,-0.000239891435319
14271000000,-0.000803644398631
14281000000,-0.000735210081591
14283000000,-0.000666213798312
14301000000,-0.000595284212535
14311000000,-8.06956788055e-05
14321000000,-4.20132188955e-05
14324000000,-1.24140098654e-05
14324000000,1.17146765697e-05
14350000000,-0.000838226537676
14359000000,-0.000770351507288
14365000000,-0.000699320207259
14365000000,-0.000627453489501
14385000000,0.000927697166362
14397000000,0.000910229749524
14404000000,0.00087416523046
14417000000,0.000827780967302
14430000000,0.00138033743368
14438000000,0.00127912114976
14443000000,0.00117211481292
14452000000,0.00106085099231
14472000000,0.000680754009524
14476000000,0.00058616199622
14491000000,0.000499948917314
14501000000,0.000420466149613
14510000000,0.0011236934799
14520000000,0.00101130410283
14531000000,0.000899047643282
14542000000,0.000790856007874
14552000000,0.00011666122998
14560000000,5.56153095159e-05
14570000000,6.34178056218e-06
14579000000,0.000169895480777
14590000000,0.000127391460572
14600000000,9.04421731796e-05
14608000000,5.94024473591e-05
14618000000,3.20046601766e-05
14629000000,9.91379444582e-06
14639000000,-0.000384665049729
14652000000,-0.000374409717226
14662000000,-7.89058731667e-05
14672000000,-7.40383358886e-05
14682000000,-6.8787687924e-05
14687000000,-6.34831422797e-05
14696000000,-5.93678209854e-05
14715000000,-5.37213952595e-05
14719000000,-0.000709485082184
14720000000,-0.000664622056306
14738000000,0.000180795517174
14751000000,0.000187584504098
14751000000,0.000188886393304
14770000000,0.000183868320478
14781000000,0.000318922827596
14791000000,0.000299423255884
14801000000,0.000276339860416
14807000000,0.000252973244885
14827000000,0.000203672485346
14838000000,0.0001784905546
14851000000,0.00015490415279
14857000000,0.00059420831378
14872000000,0.000542331515551
14883000000,0.000489637751405
14894000000,0.000650395925879
14894000000,0.000876396833561
14914000000,0.000792334110268
14934000000,0.000708160219283
14934000000,0.000626005270755
14946000000,0.000546830688744
14957000000,0.00047199676088
14965000000,0.000402377111268
14979000000,0.000742157318747
14994000000,0.000658999249988
14994000000,0.000578225525841
15005000000,0.000501615374059
15012000000,0.000632147208962
15043000000,0.000873898268599
15043000000,0.000683628096522
15053000000,0.000594237135528
15060000000,0.000510337382115
15070000000,-0.00172421904393
15081000000,-0.00167739634765
15087000000,-0.00160324585623
15099000000,-0.00150943031083
15112000000,-0.00140183043194
15123000000,0.000294287512532
15133000000,0.000313260053731
15143000000,0.000320825067838
15153000000,0.00130589279978
15162000000,0.00124116125146
15165000000,0.00116171929601
15182000000,0.00107293383122
15191000000,0.0011510509469
15196000000,0.00104344987736
15199000000,0.00093524668349
15199000000,0.000828461275282
15199000000,0.000725930065676
15245000000,0.000628729344012
15245000000,0.00082102550986
15245000000,0.000719206328797
15270000000,0.00116142369585
15284000000,0.00104194782344
15284000000,0.00092347884757
15285000000,0.000809542705633
15312000000,0.000557813260883
15321000000,0.00046576789247
15332000000,0.000383061199201
15342000000,0.000731746194594
15353000000,0.000640878331591
15361000000,0.000554089321045
15364000000,0.000473154493185
15382000000,0.00046295630919
15394000000,0.000390994933787
15399000000,0.000325763935183
15402000000,0.000266717897764
15421000000,0.000215035242699
15429000000,0.000462525010613
15440000000,0.000402937211696
15451000000,0.000347560738957
15463000000,0.000172655821842
15471000000,0.000132386995289
15480000000,9.76683062861e-05
15490000000,6.8124140536e-05
15499000000,0.000602002419386
15510000000,0.000549141696066
15518000000,0.000495597785082
15524000000,0.000442875581917
15541000000,0.000390183165703
15550000000,-0.000221078420045
15559000000,-0.00025472623525
15570000000,-0.000259864561656
15579000000,-0.000130060040885
15586000000,-0.000132089453675
15602000000,-0.000129744316411
15611000000,-0.000126342575947
15621000000,-0.000120372443978
15632000000,-0.000959752105716
15641000000,-0.000896258952298
15651000000,-0.000826549656612
15661000000,-0.0011838730476
15661000000,-0.00108264154079
15661000000,-0.000979205601826
15688000000,-0.000875822371434
15700000000,-0.00067921306445
15705000000,-0.000584276455521
15720000000,-0.000498122246801
15730000000,-0.000419758684227
15741000000,-0.000712049757336
15750000000,-0.000626645033204
15760000000,-0.000545936453939
15767000000,-0.000469870218537
15781000000,-0.000399514280537
15795000000,-0.000176205600206
15797000000,-0.00012836718343
15807000000,-8.74400509119e-05
15820000000,-5.25975768368e-05
15821000000,-0.000117196684654
15840000000,-8.91836423e-05
15841000000,-6.54076841208e-05
15859000000,0.000656718796919
15872000000,0.000634810116609
15882000000,0.000603390794465
15884000000,0.000565860229366
15899000000,0.000522723198883
15912000000,0.00043442999724
15919000000,0.000390455282704
15924000000,0.000347916061202
15935000000,0.000306296375766
15951000000,0.000709791216125
15960000000,0.000644208317982
15964000000,0.000577667979643
15964000000,0.000512423916327
15964000000,0.000449518924818
15999000000,-0.000302456057581
16003000000,-0.000312420996481
16005000000,-0.000313433185255
16032000000,-0.000532750702238
16040000000,-0.000507050957546
16041000000,-0.000475573947811
16061000000,-0.000537220879676
16068000000,-0.000493691363928
16080000000,-0.000447901164051
16092000000,-0.000402001523961
16092000000,-0.000356567689733
16111000000,-0.000455893807595
16111000000,-0.000405263982388
16111000000,-0.000356117100906
16112000000,-0.000309446811216
16152000000,-0.00034153918218
16157000000,-0.000296602198231
16164000000,-0.000254377550961
16181000000,-0.000258782054175
16192000000,-0.000220562914399
16200000000,-0.000185378068508
16202000000,-0.000153475605001
16219000000,-0.000124727117023
16229000000,-0.0001926545004
16240000000,-0.000164123559179
16244000000,-0.000137796194141
16260000000,-0.000113926492552
16270000000,0.000740119298022
16281000000,0.000712695376126
16290000000,0.000675114338154
16300000000,0.000630371174502
16310000000,0.0007748389028
16320000000,0.000711084066128
16322000000,0.000644959913219
16340000000,0.000578644510143
16348000000,-0.000271651507298
16357000000,-0.000282075336362
16368000000,-0.000284156602141
16381000000,-0.000860971565141
16391000000,-0.000817268169525
16401000000,-0.000764584351299
16412000000,-0.000705558344657
16421000000,-0.000643263610039
16426000000,-0.000885203458814
16441000000,-0.000804015812041
16450000000,-0.000721773434216
16460000000,-0.000640578590543
16466000000,-0.000601982562836
16480000000,-0.000524969471902
16491000000,-0.000452503415914
16501000000,-0.000385137834469
16510000000,-0.000663098373115
16514000000,-0.000585259375803
16531000000,-0.000510421514109
16540000000,-0.000440139119476
16548000000,-0.00027506739781
16562000000,-0.000221412507558
16566000000,-0.000174185538627
16581000000,-0.000353641260314
16588000000,-0.000306411806649
16591000000,-0.000261771282675
16591000000,-0.000220751494503
16591000000,-0.000183740026853
16591000000,-0.000149878869572
16643000000,-5.17194655923e-06
16645000000,1.43468957889e-05
16645000000,2.87006669411e-05
16666000000,3.97897620288e-05
16704000000,4.77579848642e-05
16704000000,-0.000109473604718
16704000000,-9.679732965e-05
16711000000,-8.47393434932e-05
16719000000,0.000222813277462
16731000000,0.000216869185973
16743000000,0.000207324280202
16750000000,0.000195521055945
16760000000,-6.01305622882e-06
16767000000,-9.2306603732e-06
16783000000,-1.1318077298e-05
16787000000,-1.2781342714e-05
16800000000,0.000593270000637
16811000000,0.000557821702669
16822000000,0.000517542995616
16827000000,0.000748533415679
16836000000,0.000686025643638
16849000000,0.00062154210268
16861000000,0.000556789229701
16868000000,0.000493448107328
16874000000,0.000444112953313
16884000000,0.000385355739716
16896000000,0.000330542833198
16910000000,0.000279388145466
16920000000,0.00049933981888
16930000000,0.000440655764372
16937000000,0.000384962292285
16949000000,-9.14545303702e-05
16962000000,-0.00011396065738
16965000000,-0.00012833814263
16980000000,-6.16330104642e-06
16991000000,-1.65866791728e-05
17000000000,-2.4241005147e-05
17012000000,-2.91008506445e-05
17020000000,-3.43891160499e-05
17026000000,-0.00112761423582
17039000000,-0.0010653967877
17052000000,-0.000995078156368
17060000000,-0.00091623500812
17084000000,-0.000830839199325
17084000000,-0.000745278748123
17094000000,-0.000661901957988
17094000000,-0.000587100717651
17094000000,-0.000509214564003
17117000000,-6.32465666581e-05
17130000000,-2.66874474978e-05
17137000000,0.00311760381851
17143000000,0.00297297319789
17159000000,0.00279605578917
17171000000,0.00258305731103
17174000000,-0.000958213994253
17180000000,-0.00099379813641
17197000000,-0.00100598346515
17211000000,-0.000981472561732
17218000000,0.00303871494635
17231000000,0.00283357744399
17239000000,0.00259548796139
17242000000,0.00235524132545
17255000000,0.00211622122049
17256000000,0.00187124876278
17281000000,0.00537793302964
17295000000,0.00491558764015
17306000000,-0.00056372234921
17306000000,-0.00091714199596
17317000000,-0.00105499457942
17329000000,-0.00113162411127
17337000000,-0.00117544612684
17349000000,-0.00117923524298
17361000000,-0.000230955963785
17366000000,-0.000241815170732
17366000000,-0.000260096435319
17397000000,-0.000250056401024
17397000000,-0.000242571191338
17397000000,-0.00325321649683
17397000000,-0.0030547613776
17397000000,-0.00283376302912
17397000000,-0.00259203439318
17397000000,-0.00236586846856
17468000000,0.00300013342435
17478000000,0.00295867404269
17490000000,0.00776875734364
17500000000,0.00958674486916
17507000000,0.00893749066366
17521000000,0.00823170938105
17524000000,0.00747094419479
17525000000,0.00670810145684
17525000000,0.00596634850966
17559000000,-0.0101715009805
17561000000,-0.00986866297975
17561000000,-0.00940221163168
17589000000,0.00480819639928
17601000000,0.00461749418735
17606000000,0.00434668482605
17619000000,0.00405533200642
17629000000,0.00372510492188
17639000000,0.00462389158087
17645000000,0.00421169935215
17655000000,0.0037871015177
17658000000,0.00337187124731
17681000000,0.00108384055426
17685000000,0.0008216625464
17686000000,0.00059487122045
17711000000,0.00918266151057
17717000000,0.00848584922203
17722000000,0.00774067463139
17740000000,0.00698814585638
17750000000,-0.00490803522678
17762000000,-0.00502885566517
17763000000,-0.00500232804599
17763000000,-0.00489042772092
17788000000,-0.00229321170774
17797000000,-0.00216953352461
17797000000,-0.00201721023451
17797000000,-0.00187783763562
17799000000,-0.00172236530144
17799000000,-0.00154841834665
17851000000,-0.0117170913841
17856000000,-0.00406172155169
17869000000,-0.00365085081722
17881000000,-0.00324211081352
17891000000,-0.0165382606345
17899000000,-0.0154189604439
17912000000,-0.0141750050163
17918000000,-0.012893745659
17930000000,-0.0115862193733
17937000000,-0.0102886387164
17951000000,0.0130036789401
17958000000,0.0136045127771
17971000000,0.0132427791505
17982000000,0.0195291266849
17990000000,0.0183725480979
18000000000,0.0170550524676
18010000000,0.0156428021399
18019000000,0.0141795444162
18019000000,0.0126984996287
18039000000,0.0112397651152
18047000000,0.0108844221013
18060000000,0.00949127390235
18067000000,0.00818344365959
18078000000,0.0129165533157
18086000000,0.0114601741128
18094000000,0.0100494336518
18109000000,0.00870490058288
18117000000,0.00330972009176
18126000000,0.00243163843739
18137000000,0.00168487150823
18151000000,0.00343782750152
18160000000,0.00278128883988
18170000000,-0.00153161941399
18180000000,-0.00183319223639
18191000000,-0.00202322000495
18196000000,-0.00213084951722
18210000000,-0.00216960707956
18217000000,-0.00214792719682
18229000000,-0.00208417322659
18241000000,0.00447792043883
18251000000,0.00421465992593
18260000000,0.006239644711
18271000000,0.00578100518454
18280000000,0.00528901468767
18291000000,0.00478292147791
18299000000,0.00427619336969
18311000000,0.00378008822567
18323000000,0.00528743543719
18331000000,0.00471366938075
18338000000,0.00415533764548
18350000000,0.00362336462785
18359000000,0.00405787638533
18368000000,0.00352923887762
18382000000,0.0030323337562
18391000000,0.00516259200798
18399000000,0.00457087588425
18413000000,0.00400178058262
18423000000,0.00346692179004
18433000000,0.00348700216415
18440000000,0.00298755170858
18446000000,0.002525710468
18446000000,0.00211373145948
18470000000,0.0017358853949
18480000000,0.00461296183163
18490000000,0.00411101161803
18501000000,0.001793230997
18512000000,0.00143741236644
18521000000,0.00112372670793
18528000000,0.000862886682128
18539000000,0.000629883530718
18552000000,0.00667299966437
18562000000,0.00615574692688
18571000000,0.00559794739407
18579000000,0.0050339470851
18579000000,0.000273272507055
