%time,field
2000000,0.0
16000000,1.03848347526e-27
26000000,-1.81042315512e-26
35000000,7.58431097896e-25
42000000,2.85711056922e-24
59000000,-1.29987508046e-25
82000000,-3.83868213546e-25
82000000,-1.16686411515e-24
118000000,2.92751192734e-25
118000000,-2.46101303153e-24
123000000,-3.90387633991e-24
139000000,4.3401126029e-19
151000000,-5.79034552576e-15
169000000,5.02808225013e-14
169000000,5.17651661717e-07
172000000,1.00306881332e-06
182000000,2.00077700854e-06
192000000,1.57407206618e-06
202000000,2.56456631646e-06
205000000,1.97412156626e-06
220000000,2.80565983744e-06
231000000,0.000661468137828
242000000,0.0012900433014
251000000,0.00188439610586
251000000,0.00248842830365
276000000,0.00304247874658
282000000,0.00354555567431
282000000,0.00399703835972
282000000,0.00439784702876
297000000,0.00474912522652
297000000,0.00505478983069
297000000,0.00517003062229
297000000,0.0049264177968
329000000,0.00466508510099
360000000,0.00435806005207
365000000,0.00403132867517
365000000,0.00371986276715
391000000,0.00336481550437
399000000,0.00299944592767
410000000,0.00265842643128
420000000,0.00233439365226
430000000,0.00203243546367
440000000,0.00176112252826
450000000,0.00151930436905
456000000,0.00130415265499
469000000,0.00111465544407
473000000,0.000952709398977
492000000,0.000816146130308
501000000,0.000702643643542
511000000,0.00059989029391
520000000,0.000515056021695
530000000,0.000447135919732
539000000,0.000394064025803
550000000,0.000346174472092
558000000,0.000302288075003
559000000,0.000268755571245
565000000,0.000244131654737
592000000,0.00021527385819
598000000,0.000190595832728
610000000,0.000172146743986
620000000,0.000159018462441
631000000,0.00015037894594
647000000,0.000133887959515
651000000,0.000121147807938
661000000,0.000109544229246
673000000,9.26255530987e-05
682000000,7.86801135033e-05
691000000,6.73916007829e-05
701000000,5.4400687632e-05
708000000,4.32648504341e-05
720000000,3.42044376372e-05
729000000,2.69789001291e-05
737000000,1.72599946476e-05
748000000,9.18419599349e-06
760000000,2.58324517864e-06
769000000,-2.70731609552e-06
781000000,-8.04990674676e-06
792000000,-1.50614798997e-05
800000000,-2.09659439899e-05
810000000,-2.586574295e-05
821000000,-2.98648333595e-05
831000000,-3.68409827118e-05
839000000,-4.28868361873e-05
849000000,-4.80676751192e-05
859000000,-5.24500783423e-05
865000000,-5.61044942984e-05
877000000,-5.91043048178e-05
884000000,-6.48159244028e-05
902000000,-7.01719328067e-05
903000000,-7.5718470867e-05
920000000,-8.41408999484e-05
924000000,-9.16924969149e-05
939000000,-9.83780322625e-05
946000000,-0.000105647704282
954000000,-0.000113426744832
955000000,-0.000120290010571
955000000,-0.000126277964372
963000000,-0.000131444332742
994000000,-0.000135846714558
994000000,-0.000141124828535
994000000,-0.000147211483172
1025000000,-0.000154104436899
1038000000,-0.000162483888206
1050000000,-0.000169937000556
1061000000,-0.000177014144615
1071000000,-0.000185239151097
1083000000,-0.000192504360325
1091000000,-0.000198849535621
1091000000,-0.000204327794567
1092000000,-0.000209000197007
1121000000,-0.000214422518425
1122000000,-0.000220537251976
1122000000,-0.000225858384403
1151000000,-0.000230717974396
1161000000,-0.000237339359212
1171000000,-0.000243159017343
1180000000,-0.000248216319342
1191000000,-0.000254475420332
1197000000,-0.000260425703495
1200000000,-0.000265611670645
1200000000,-0.000270079247343
1228000000,-0.000274465834265
1234000000,-0.000279550956487
1249000000,-0.000283958726419
1260000000,-0.00028873805096
1268000000,-0.000293293379055
1280000000,-0.000297222079413
1289000000,-0.000300568924181
1300000000,-0.00030338397808
1311000000,-0.000305717157429
1319000000,-0.000308462435677
1330000000,-0.000310769305508
1340000000,-0.000312678667555
1350000000,-0.000314337327199
1361000000,-0.000315699982671
1370000000,-0.000316778930395
1381000000,-0.000317612300048
1388000000,-0.0003174678552
1400000000,-0.0003171829929
1405000000,-0.000316793432972
1417000000,-0.000316330257505
1431000000,-0.000314932410256
1441000000,-0.000312986257299
1451000000,-0.000311132448486
1460000000,-0.000309387438194
1469000000,-0.000306742754064
1478000000,-0.000302796356021
1488000000,-0.000299149983548
1501000000,-0.00029582220087
1511000000,-0.000289525666571
1520000000,-0.000283757286565
1529000000,-0.000277218339629
1540000000,-0.000268313581959
1550000000,-0.000260211340187
1562000000,-0.000252923209714
1563000000,-0.000246440656727
1566000000,-0.000240739153595
1592000000,-0.000233674183998
1600000000,-0.000224310298294
1608000000,-0.000215923219843
1608000000,-0.000208493165128
1608000000,-0.000201983560042
1634000000,-0.000196346020036
1634000000,-0.000191522885861
1661000000,-0.000180565326626
1671000000,-0.000162833686463
1676000000,-0.000146666263375
1687000000,-0.000132091169867
1702000000,-0.000119096972282
1710000000,-0.000101567048589
1723000000,-8.52148061443e-05
1755000000,-7.07036947136e-05
1755000000,-5.7971262029e-05
1772000000,-4.69270874049e-05
1772000000,-2.9431948474e-05
1788000000,-2.27313270236e-05
1792000000,-1.47204645293e-05
1802000000,2.50962108871e-06
1813000000,2.2619122083e-05
1823000000,4.72339727724e-05
1832000000,7.21870474012e-05
1842000000,9.45950220778e-05
1862000000,0.000114495017943
1864000000,0.000131972125915
1873000000,0.000132880049418
1883000000,0.000126525339992
1885000000,0.000119527755794
1900000000,0.000112459221535
1900000000,0.000107805792945
1918000000,0.000103074809354
1924000000,9.83738160085e-05
1939000000,9.88576157887e-05
1950000000,0.000104172684808
1960000000,0.000109094185939
1968000000,0.000113594114408
1977000000,0.000117658063341
1985000000,0.000129553252799
1998000000,0.000142581008626
2008000000,0.000154507655601
2015000000,0.000169868478901
2024000000,0.000188275419484
2024000000,0.000204982198653
2049000000,0.000219973539784
2055000000,0.000240138820178
2068000000,0.00025900615938
2080000000,0.00027581034343
2088000000,0.000293109122769
2098000000,0.000312001497695
2109000000,0.000328704639921
2122000000,0.000343308456543
2128000000,0.000355928492033
2141000000,0.000367684781416
2153000000,0.000381514986187
2166000000,0.000393503216845
2170000000,0.000403770863423
2178000000,0.000414814019422
2192000000,0.000425272655769
2202000000,0.000434207269425
2205000000,0.000441737778897
2212000000,0.000447993321435
2212000000,0.000453102360422
2212000000,0.000457192317636
2250000000,0.000461731594039
2262000000,0.000465764137356
2267000000,0.000469104364711
2282000000,0.000471750834146
2291000000,0.000473789545789
2301000000,0.000475302194315
2308000000,0.000475664833194
2319000000,0.000474098743007
2332000000,0.000471511762601
2342000000,0.00046549363326
2352000000,0.000459710359767
2361000000,0.000454237629324
2371000000,0.000449130887737
2384000000,0.000444424922992
2392000000,0.000436075001423
2397000000,0.00042669876958
2409000000,0.000418132362833
2421000000,0.00041039818367
2432000000,0.000402654976289
2443000000,0.000388437224772
2450000000,0.000375489547026
2461000000,0.000358763163312
2472000000,0.000338675341987
2479000000,0.000320480410293
2479000000,0.000304186644025
2500000000,0.000289757789409
2509000000,0.000277116864283
2520000000,0.000255003532828
2524000000,0.000235142047009
2524000000,0.000217499147413
2549000000,0.000202001734487
2562000000,0.00018271772593
2568000000,0.000157066854101
2578000000,0.000134109680206
2592000000,0.000110570826931
2597000000,7.72208109961e-05
2610000000,4.72444427634e-05
2620000000,1.72037409953e-05
2632000000,-2.26457513926e-05
2641000000,-5.838787984e-05
2650000000,-9.00898195575e-05
2658000000,-0.000130316250903
2671000000,-0.00017130050079
2682000000,-0.000207667418399
2690000000,-0.000239581589208
2697000000,-0.000267269581257
2712000000,-0.000300580018047
2722000000,-0.000339005765941
2743000000,-0.000372874848884
2743000000,-0.000402397599316
2752000000,-0.000427834675376
2762000000,-0.00045343938859
2772000000,-0.000490759823385
2785000000,-0.000533948730365
2815000000,-0.000582323368986
2815000000,-0.000663469251826
2815000000,-0.000696620070639
2815000000,-0.000725189545947
2837000000,-0.000760914822886
2849000000,-0.000796826374506
2849000000,-0.000828128799675
2873000000,-0.000867188403953
2882000000,-0.00091329832045
2906000000,-0.000954171325211
2906000000,-0.000990000896307
2912000000,-0.0010245162207
2919000000,-0.00106786447137
2920000000,-0.00110604097076
2925000000,-0.0011393071139
2949000000,-0.00116796426848
2959000000,-0.00120865052091
2959000000,-0.00124443585169
2979000000,-0.00129922224232
2991000000,-0.00144047461652
3001000000,-0.00157043846566
3001000000,-0.00168859388959
3017000000,-0.00179479609819
3032000000,-0.001889203209
3040000000,-0.00200993720969
3042000000,-0.00211753358305
3061000000,-0.00221236663366
3071000000,-0.00230849056589
3080000000,-0.00239375992971
3083000000,-0.00246739146309
3083000000,-0.00253020373628
3106000000,-0.0025924511995
3121000000,-0.00264514132039
3124000000,-0.00268909520229
3136000000,-0.00272517750607
3151000000,-0.00276173911854
3161000000,-0.00279247996534
3163000000,-0.00281727258588
3182000000,-0.00283682012647
3192000000,-0.00285792329949
3199000000,-0.00287537419025
3202000000,-0.00288900179432
3221000000,-0.00289971738116
3230000000,-0.00291113786926
3241000000,-0.00291990208213
3242000000,-0.00292637675712
3257000000,-0.00293088988348
3270000000,-0.0029335118655
3275000000,-0.00293475174873
3290000000,-0.00293489463838
3295000000,-0.00293416941167
3304000000,-0.00292853306705
3313000000,-0.00292162783477
3327000000,-0.002914720917
3337000000,-0.00290292399849
3349000000,-0.00288677884362
3349000000,-0.00287162841985
3368000000,-0.00285760254722
3377000000,-0.00284322549237
3382000000,-0.00281609854545
3392000000,-0.00279116505093
3402000000,-0.00276850098596
3419000000,-0.0027481265074
3428000000,-0.00271177965237
3440000000,-0.0026742717957
3441000000,-0.0026403756971
3457000000,-0.00261009313445
3461000000,-0.00238738779672
3475000000,-0.00213027472782
3486000000,-0.00189289403928
3486000000,-0.00167637792921
3486000000,-0.00132648834125
3486000000,-0.00100670101763
3531000000,-0.000718182344119
3531000000,-0.000460781536203
3531000000,-0.000233649183732
3561000000,3.6649116225e-05
3571000000,0.000305945051837
3580000000,0.000549352088635
3592000000,0.000816530964746
3602000000,0.00105116684155
3610000000,0.00125488693697
3621000000,0.00144544483563
3631000000,0.00162373785486
3643000000,0.00177564846206
3651000000,0.00190336430249
3661000000,0.00198764463246
3669000000,0.00203258155433
3679000000,0.00206284970861
3688000000,0.00208087342511
3694000000,0.00208885475114
3707000000,0.00205468218751
3722000000,0.00201249774241
3729000000,0.00196799909236
3738000000,0.0019226674836
3750000000,0.00177708063297
3755000000,0.00162794615597
3771000000,0.00148839708607
3780000000,0.00135551788754
3791000000,0.00122505771485
3800000000,0.00110696189761
3810000000,0.00100125125286
3821000000,0.000907665088762
3830000000,0.000825725244022
3835000000,0.000754795399047
3844000000,0.000708704391315
3860000000,0.00067533418867
3871000000,0.000665515387978
3876000000,0.000661069142401
3876000000,0.000660954653441
3883000000,0.000664254593905
3883000000,0.00067016739722
3898000000,0.000678006884028
3926000000,0.000694096039213
3941000000,0.000727714339961
3952000000,0.000761628994797
3955000000,0.000793884803226
3983000000,0.000824110906918
3983000000,0.000852057952208
3991000000,0.000880861836481
3999000000,0.000911784336447
4007000000,0.000939711098207
4020000000,0.000973184935753
4029000000,0.00100322915018
4034000000,0.00102989845056
4045000000,0.00105331143505
4045000000,0.00107362846826
4045000000,0.00109104752365
4080000000,0.00110862843434
4092000000,0.00112775020971
4101000000,0.00114823197397
4108000000,0.00116645161652
4122000000,0.00118212328274
4129000000,0.00119543158822
4141000000,0.00120680261568
4150000000,0.00121709338761
4161000000,0.00122555950028
4165000000,0.00123239917698
4183000000,0.00123558695603
4191000000,0.00123712071553
4198000000,0.00123776539674
4212000000,0.00123768487761
4218000000,0.00123133181718
4231000000,0.00122348965387
4241000000,0.00121580096844
4250000000,0.00120840877944
4261000000,0.00119668916312
4265000000,0.00117881286119
4281000000,0.001162197844
4285000000,0.00114694074754
4286000000,0.0011330905887
4286000000,0.00112065776722
4321000000,0.00110796789831
4329000000,0.00108220671253
4340000000,0.00105873317784
4350000000,0.000911136038455
4360000000,0.000691189854214
4378000000,0.00048721519118
4379000000,0.000239296702196
4388000000,-4.68421093237e-05
4398000000,-0.000307380513255
4401000000,-0.000541901198013
4422000000,-0.000750665688296
4431000000,-0.000947476835837
4439000000,-0.00117042874361
4445000000,-0.00136707857478
4446000000,-0.00153859212782
4446000000,-0.00169249735911
4479000000,-0.00184765955915
4479000000,-0.00198083838958
4480000000,-0.00209371971048
4508000000,-0.00218807987378
4522000000,-0.0022658293214
4529000000,-0.00232866221814
4542000000,-0.00237832602067
4550000000,-0.00241182582305
4556000000,-0.00242885793759
4566000000,-0.00243818188113
4579000000,-0.00244122072875
4592000000,-0.00241972723769
4598000000,-0.00239073315833
4611000000,-0.00236041447925
4620000000,-0.00232972655126
4632000000,-0.00229943170506
4638000000,-0.0022610783293
4652000000,-0.00220411566103
4658000000,-0.0021507782573
4670000000,-0.00209476236378
4681000000,-0.00201721573432
4691000000,-0.00194611467288
4700000000,-0.00185312801869
4708000000,-0.00176159833365
4721000000,-0.001679028348
4732000000,-0.00160536286183
4740000000,-0.00155305841482
4750000000,-0.00150964452824
4761000000,-0.00147306716252
4772000000,-0.00144269644386
4782000000,-0.00141790015578
4792000000,-0.00140187124735
4800000000,-0.00138994164374
4810000000,-0.00138150597915
4816000000,-0.00137576694011
4830000000,-0.00137033819154
4841000000,-0.00136704016816
4852000000,-0.00136549894367
4859000000,-0.00136078456709
4870000000,-0.00131720457532
4881000000,-0.00127722892499
4891000000,-0.00124098628982
4901000000,-0.00119942455134
4911000000,-0.00115314056069
4921000000,-0.00111158676208
4930000000,-0.00107469587644
4940000000,-0.00104228921873
4951000000,-0.00100149997253
4960000000,-0.000965454296514
4971000000,-0.000933955158027
4981000000,-0.00089194965028
4990000000,-0.000854795832709
5001000000,-0.000822342367667
5005000000,-0.000794306337134
5022000000,-0.000768390705846
5032000000,-0.000729023544446
5040000000,-0.00069426096051
5045000000,-0.000663910719444
5058000000,-0.000637722448054
5071000000,-0.000600604179222
5079000000,-0.000558294067231
5085000000,-0.000520793996862
5085000000,-0.00048792020897
5085000000,-0.00045942737027
5085000000,-0.000435030440241
5085000000,-0.000414413085
5142000000,-0.000368869289051
5146000000,-0.000328151569193
5156000000,-0.000266646945129
5169000000,-0.00019460209559
5181000000,-0.000129579941303
5192000000,-7.15533013841e-05
5201000000,4.39011306372e-07
5210000000,7.33423476833e-05
5220000000,0.000152903356428
5231000000,0.000245362897296
5237000000,0.00032804484881
5251000000,0.000401171566565
5262000000,0.000492974090282
5269000000,0.000586078532803
5280000000,0.000668474569283
5291000000,0.00074057499413
5302000000,0.000841625385833
5312000000,0.000935907344236
5321000000,0.00101891323039
5325000000,0.0010911701897
5342000000,0.0012405105456
5348000000,0.00150436593174
5360000000,0.00174574577863
5369000000,0.00196400831063
5379000000,0.00220624086592
5392000000,0.00246952529297
5403000000,0.00270506118366
5415000000,0.00291344567443
5424000000,0.0030957588355
5425000000,0.00326974064979
5425000000,0.00343039533338
5452000000,0.00356817736096
5463000000,0.00367183071976
5471000000,0.0037515683887
5479000000,0.00381517348316
5487000000,0.00386463582271
5515000000,0.00390184110551
5515000000,0.00392854909857
5521000000,0.00394638198267
5528000000,0.00395681557557
5539000000,0.0039522370129
5551000000,0.00390845045168
5559000000,0.00381734824577
5572000000,0.00368408003167
5574000000,0.00355786199372
5590000000,0.00340933840822
5600000000,0.00324195898023
5608000000,0.00308821654653
5622000000,0.00294206506375
5632000000,0.00275083929159
5643000000,0.00257778165427
5651000000,0.00242292406568
5660000000,0.00228586826349
5669000000,0.00210204318807
5680000000,0.00193822856668
5681000000,0.00179384659321
5701000000,0.00166801499819
5712000000,0.00149642192425
5722000000,0.00134484040963
5731000000,0.00121242254203
5741000000,0.00105113536093
5753000000,0.000904371723359
5760000000,0.000776550472041
5765000000,0.000666522692358
5778000000,0.000549902023456
5785000000,0.000415996925556
5800000000,0.000299406657492
5812000000,0.000199053562807
5820000000,9.46839130982e-05
5829000000,-1.33706034584e-05
5839000000,-0.000106532716675
5852000000,-0.000185864764187
5860000000,-0.000256726820754
5872000000,-0.000352776872522
5878000000,-0.00043601056938
5885000000,-0.000507290056437
5885000000,-0.000567556504906
5910000000,-0.000617793915295
5921000000,-0.000682921045567
5924000000,-0.000741145014967
5933000000,-0.000790464527619
5949000000,-0.000840121346005
5962000000,-0.000901196450586
5967000000,-0.000878444732294
5981000000,-0.000742001375029
5989000000,-0.000610428990202
6002000000,-0.00048563527812
6004000000,-0.000368969983117
6004000000,-0.000261319919609
6031000000,-0.00016319465092
6031000000,-7.47760496558e-05
6047000000,2.96116813329e-05
6062000000,0.000133962631915
6070000000,0.000226252048825
6079000000,0.000305943636633
6084000000,0.000375269264647
6084000000,0.000434863922078
6107000000,0.000478890683938
6121000000,0.000489504129643
6126000000,0.000494687818644
6126000000,0.000495482695113
6151000000,0.000485846025872
6156000000,0.000446822199861
6170000000,0.000407941274064
6181000000,0.000370034261233
6192000000,0.000298899323921
6193000000,0.000231758332042
6212000000,0.000169445343283
6218000000,4.29500363791e-05
6231000000,-0.000238348665156
6242000000,-0.000500049769494
6248000000,-0.000739889482897
6259000000,-0.000957126983812
6269000000,-0.00126258787594
6269000000,-0.00155112845947
6292000000,-0.00180989618648
6301000000,-0.00205905719203
6314000000,-0.00232355553475
6318000000,-0.00255724006448
6327000000,-0.00276140924422
6341000000,-0.0029377451899
6352000000,-0.0030881932335
6357000000,-0.00322554400771
6364000000,-0.00334513729036
6372000000,-0.00344435547952
6391000000,-0.00346840815138
6398000000,-0.00342416702403
6413000000,-0.00337300590825
6421000000,-0.00331236915969
6435000000,-0.00324772363786
6440000000,-0.00318315097147
6449000000,-0.0031200799595
6462000000,-0.00306407914725
6473000000,-0.00302864305971
6482000000,-0.00299578186395
6495000000,-0.0029656808903
6501000000,-0.00295101844047
6508000000,-0.00295073390177
6515000000,-0.00295162344926
6528000000,-0.00295342135355
6541000000,-0.00295588261924
6553000000,-0.00295880130188
6561000000,-0.00296200921247
6570000000,-0.00296713486241
6570000000,-0.00298767271545
6570000000,-0.00300710963512
6570000000,-0.00302524983373
6570000000,-0.00304809958586
6620000000,-0.00296676317273
6629000000,-0.00284432150922
6640000000,-0.00272971822461
6641000000,-0.00262386093964
6659000000,-0.00252726975648
6669000000,-0.0023423708152
6680000000,-0.00214892373002
6690000000,-0.00195611867129
6700000000,-0.00171684268631
6709000000,-0.00150008640952
6720000000,-0.00130593653763
6726000000,-0.00113395493579
6739000000,-0.000983306336295
6747000000,-0.00085284205673
6747000000,-0.000741179587188
6771000000,-0.000599132340744
6780000000,-0.000455761944036
6789000000,-0.000277554767218
6801000000,-0.000120118145909
6801000000,1.7412824918e-05
6820000000,0.00013616964729
6830000000,0.000269275226274
6841000000,0.000387909149291
6851000000,0.000489628878297
6854000000,0.000597793527388
6869000000,0.000692776654281
6880000000,0.000773253344437
6888000000,0.000840483479327
6901000000,0.000895785497557
6910000000,0.000950852985019
6915000000,0.000995975592052
6929000000,0.0010321960526
6940000000,0.00106347230341
6949000000,0.00109923176224
6960000000,0.00112822639015
6971000000,0.0011512457204
6979000000,0.00113458015875
6989000000,0.000981076116726
6998000000,0.000834275016521
7009000000,0.000696037976531
7017000000,0.000563487296728
7027000000,0.000405400912421
7040000000,0.000260813052325
7050000000,0.000130114047742
7061000000,1.32893364072e-05
7069000000,-7.95007090499e-05
7081000000,-0.00015994002657
7086000000,-0.00022885029585
7102000000,-0.000235564454787
7111000000,-0.000118378531841
7121000000,-3.17979194635e-06
7131000000,0.000107880293955
7141000000,0.000213193272294
7151000000,0.000404206691405
7161000000,0.000581967201839
7172000000,0.000745296179157
7182000000,0.000910074866108
7191000000,0.0010962112292
7202000000,0.00126400144557
7204000000,0.00141357692683
7205000000,0.00154544666329
7231000000,0.00167985082568
7240000000,0.00179716826666
7249000000,0.00189838498192
7255000000,0.00198464387508
7270000000,0.00205743680046
7277000000,0.0021178116317
7292000000,0.00216702363999
7292000000,0.00220633145622
7305000000,0.00223334041452
7318000000,0.00224481705684
7326000000,0.00225057894784
7326000000,0.00225171081689
7351000000,0.00219259574959
7361000000,0.00212792260192
7367000000,0.00206539700524
7380000000,0.00200596083459
7386000000,0.00194975466625
7398000000,0.00189311650806
7405000000,0.00184126393414
7421000000,0.00179434134743
7431000000,0.00175235036771
7441000000,0.00172024160388
7451000000,0.00169739548448
7461000000,0.00168845148502
7472000000,0.00168228392964
7473000000,0.00167841201113
7492000000,0.00167643204027
7492000000,0.00167598277467
7492000000,0.00167674651149
7524000000,0.00168210617885
7524000000,0.0016903263844
7548000000,0.00169864963377
7548000000,0.00170741576682
7560000000,0.00171802874797
7571000000,0.0017280705874
7581000000,0.00173568762335
7590000000,0.00174247682014
7600000000,0.00174861996654
7601000000,0.00175411986666
7621000000,0.00175898764322
7629000000,0.00176217626231
7648000000,0.00176062537686
7648000000,0.00175885408991
7654000000,0.0017569493339
7654000000,0.00175498499022
7676000000,0.00174373305674
7692000000,0.00173306624058
7700000000,0.000546559393524
7710000000,-0.00133368360382
7726000000,-0.00308519026577
7727000000,-0.00469601826236
7727000000,-0.00615989874158
7727000000,-0.00747518406257
7727000000,-0.00956386974245
7766000000,-0.0135485763292
7766000000,-0.0172076875746
7766000000,-0.0205282565404
7795000000,-0.0267020363651
7806000000,-0.0323465537238
7820000000,-0.0392788221596
7833000000,-0.046749473178
7842000000,-0.0534913161854
7848000000,-0.0595078215174
7861000000,-0.0648179338601
7875000000,-0.0694523904593
7886000000,-0.0734505600713
7891000000,-0.0780955938633
7901000000,-0.0835918176758
7913000000,-0.0907026373163
7923000000,-0.0970415893908
7943000000,-0.102630098025
7943000000,-0.107501926675
7952000000,-0.112104787363
7962000000,-0.116650642501
7971000000,-0.1205597704
7983000000,-0.124185071895
7992000000,-0.127451663432
8010000000,-0.130197615122
8016000000,-0.132471528171
8025000000,-0.134322350619
8030000000,-0.135798328357
8042000000,-0.137090474218
8052000000,-0.138129413977
8065000000,-0.138436405842
8075000000,-0.138552298823
8084000000,-0.138514632221
8101000000,-0.138356523071
8118000000,-0.138107079927
8118000000,-0.137791366747
8123000000,-0.137430786511
8133000000,-0.136385969649
8142000000,-0.134201936591
8151000000,-0.132022394693
8158000000,-0.129985133581
8170000000,-0.12810560902
8180000000,-0.126392703473
8188000000,-0.124142472595
8198000000,-0.121069067624
8211000000,-0.118270576184
8215000000,-0.115750515544
8230000000,-0.112899813108
8239000000,-0.109466096642
8250000000,-0.106383471005
8261000000,-0.103646910923
8271000000,-0.0995959687461
8276000000,-0.0952716352833
8286000000,-0.0910691881911
8295000000,-0.0860446196767
8308000000,-0.0815456540337
8319000000,-0.0775620483754
8331000000,-0.0740742044003
8341000000,-0.0710559439378
8347000000,-0.0684752436706
8361000000,-0.0644931674642
8365000000,-0.0605445128396
8386000000,-0.0568961183462
8397000000,-0.0521486406289
8397000000,-0.0479353539166
8397000000,-0.0442381670692
8397000000,-0.0410309589076
8427000000,-0.0382802790819
8441000000,-0.0358249738085
8449000000,-0.0326612163632
8461000000,-0.029918948254
8470000000,-0.0263141885495
8482000000,-0.0223314765357
8492000000,-0.0188174288467
8499000000,-0.0157503358733
8511000000,-0.0119191078
8519000000,-0.00825518986854
8529000000,-0.00504906227611
8541000000,-0.00227611328997
8546000000,0.0012122432609
8560000000,0.00498898162138
8572000000,0.00830619071342
8579000000,0.0111880185347
8590000000,0.0140126814853
8602000000,0.0169521940744
8607000000,0.019492042417
8619000000,0.0221301007875
8631000000,0.0254676940375
8641000000,0.0283962914559
8651000000,0.0309380777636
8655000000,0.0331183709822
8666000000,0.0353134650533
8681000000,0.0374094853341
8681000000,0.0391923206099
8701000000,0.0406877140151
8711000000,0.0425291140302
8722000000,0.04450129246
8730000000,0.0462020588817
8739000000,0.0479953283806
8752000000,0.0495363337365
8761000000,0.0508434649573
8769000000,0.0519364288456
8775000000,0.052835450019
8785000000,0.0537735866963
8791000000,0.0548566593879
8810000000,0.0557737414446
8821000000,0.0565546178861
8826000000,0.0573324835301
8840000000,0.0579784766679
8845000000,0.058505439418
8846000000,0.0589269904059
8875000000,0.059187450203
8886000000,0.0593720459066
8892000000,0.0594925417622
8892000000,0.0595648016169
8910000000,0.0596136437997
8921000000,0.059625011919
8921000000,0.0596064851757
8935000000,0.0595651214776
8935000000,0.0595066321467
8959000000,0.0591410426377
8969000000,0.0587128543867
8978000000,0.0583041589133
8986000000,0.0578463542887
9001000000,0.0573131685766
9008000000,0.0568213246144
9019000000,0.0563730156055
9029000000,0.0558243795568
9039000000,0.0549992482691
9051000000,0.0542463212873
9051000000,0.0535669021245
9068000000,0.0526726278013
9079000000,0.0517446917112
9085000000,0.0509119783156
9097000000,0.0501728115233
9109000000,0.0490772405684
9120000000,0.0479850036038
9121000000,0.0470099029831
9131000000,0.046148781764
9148000000,0.0449336356905
9158000000,0.0437360572857
9170000000,0.0426725479345
9181000000,0.0413505681596
9196000000,0.040010191061
9196000000,0.0388213876511
9210000000,0.0377785737936
9213000000,0.0368740544709
9235000000,0.0360985456745
9235000000,0.0350071305705
9248000000,0.033767286598
9267000000,0.0326721673581
9271000000,0.0317155527799
9282000000,0.0300238031747
9285000000,0.0285058908561
9302000000,0.0270865548003
9312000000,0.0252038086504
9321000000,0.0235203175689
9325000000,0.0220314710696
9325000000,0.020729339741
9325000000,0.0196035133124
9349000000,0.0183684529122
9379000000,0.0166783594226
9379000000,0.015181606844
9387000000,0.0134628422193
9388000000,0.0116757628737
9399000000,0.0100971123627
9399000000,0.00871810680234
9399000000,0.00752745032625
9438000000,0.00632209060452
9452000000,0.00454905424886
9461000000,0.00264205298832
9470000000,0.000621588673499
9481000000,-0.00117083827102
9493000000,-0.00274335659692
9502000000,-0.00410721148243
9502000000,-0.00527611377737
9516000000,-0.00626567135794
9539000000,-0.00778818147168
9541000000,-0.00929149881043
9551000000,-0.0111494728191
9563000000,-0.0130265641807
9569000000,-0.0146854535859
9579000000,-0.016135115293
9592000000,-0.0181176189686
9602000000,-0.0198729203814
9612000000,-0.0214099909719
9621000000,-0.0227406488259
9627000000,-0.0241453371277
9639000000,-0.0257466491939
9648000000,-0.0271442799729
9661000000,-0.02835045585
9668000000,-0.0297828543044
9680000000,-0.0311265627891
9690000000,-0.0322887092935
9702000000,-0.0333474311957
9712000000,-0.034823448609
9721000000,-0.0361182177253
9730000000,-0.0372413685607
9740000000,-0.0384106345541
9750000000,-0.0395540120111
9761000000,-0.0405404314807
9770000000,-0.0413809410436
9791000000,-0.0424695021798
9801000000,-0.043573230765
9802000000,-0.0445320094196
9812000000,-0.0453554398586
9822000000,-0.0462341957188
9831000000,-0.047105302005
9841000000,-0.0478537125775
9852000000,-0.0484885661009
9862000000,-0.0494178087769
9873000000,-0.0502723547299
9882000000,-0.0510134448686
9890000000,-0.0516486597827
9900000000,-0.0522093722147
9911000000,-0.0528822247544
9921000000,-0.0534608885578
9930000000,-0.0539522484097
9940000000,-0.0544937934465
9948000000,-0.0551459058904
9958000000,-0.0557132640892
9971000000,-0.0562011754421
9978000000,-0.0566155269447
9991000000,-0.0571011247913
10007000000,-0.0576076003386
10007000000,-0.0580444483444
10020000000,-0.0584167708613
10029000000,-0.0588665967507
10037000000,-0.0593435290461
10059000000,-0.059757652784
10059000000,-0.0601129289974
10059000000,-0.0608713726026
10097000000,-0.0610380186212
10110000000,-0.0613559270946
10122000000,-0.0618482526081
10124000000,-0.0622882112252
10141000000,-0.0622965252
10148000000,-0.0607952396728
10162000000,-0.0593641296576
10170000000,-0.0580204918695
10179000000,-0.0559261189364
10190000000,-0.0520554418541
10195000000,-0.0484701729078
10206000000,-0.0451901009428
10218000000,-0.0410339095313
10231000000,-0.0355221038441
10239000000,-0.0305053724632
10247000000,-0.0259911947821
10259000000,-0.0219741953663
10272000000,-0.0173355092482
10274000000,-0.0115877696674
10291000000,-0.00644656042192
10300000000,-0.000942439451756
10311000000,0.00533345882276
10322000000,0.0109201296466
10324000000,0.0158384145736
10344000000,0.020895974944
10350000000,0.0264445856436
10363000000,0.0313167031977
10374000000,0.0355466585969
10390000000,0.0391757748907
10400000000,0.0422497840031
10400000000,0.0448172936057
10400000000,0.0469279951565
10414000000,0.0495236121184
10431000000,0.0526169880375
10439000000,0.0557944747898
10451000000,0.0585419412635
10460000000,0.0609904724202
10473000000,0.0631060689564
10481000000,0.0648768371326
10488000000,0.0663361554275
10498000000,0.0675174339457
10535000000,0.0679417431327
10535000000,0.0681274166848
10535000000,0.0681661863896
10543000000,0.0680877586033
10548000000,0.0675944098369
10559000000,0.0667365318321
10569000000,0.0658722848498
10580000000,0.0650225723177
10591000000,0.0634928414228
10596000000,0.0613545512941
10598000000,0.0593574668536
10598000000,0.0575160375636
10598000000,0.0558383350221
10602000000,0.0534433553343
10649000000,0.0508922836337
10662000000,0.0478794879325
10671000000,0.044119926867
10679000000,0.0407100811215
10685000000,0.0376517387305
10700000000,0.0349386360668
10712000000,0.0315370997783
10720000000,0.0280859851135
10731000000,0.0250272065907
10731000000,0.0223465461199
10750000000,0.0187079773237
10759000000,0.014931314026
10765000000,0.0115852838724
10778000000,0.00865361159204
10791000000,0.00468820504366
10799000000,0.000827530611551
10810000000,-0.00257523620268
10831000000,-0.00585042529474
10836000000,-0.00990122248573
10844000000,-0.0134781078367
10844000000,-0.0166014744427
10858000000,-0.0194808129655
10871000000,-0.0235623149728
10881000000,-0.0271675532376
10891000000,-0.0303169566204
10901000000,-0.0330378371558
10910000000,-0.0364794205579
10921000000,-0.0394874308182
10930000000,-0.0420859945101
10941000000,-0.0443032572466
10949000000,-0.0477079654334
10961000000,-0.0510766281765
10971000000,-0.0540318670528
10981000000,-0.0568000865237
10990000000,-0.0599875473059
11000000000,-0.0627746152119
11012000000,-0.0651832552675
11019000000,-0.067239179604
11031000000,-0.0705792344737
11038000000,-0.0735282027298
11045000000,-0.0761034956116
11055000000,-0.0783268015063
11071000000,-0.080900282479
11080000000,-0.0832972540229
11091000000,-0.0853640544553
11100000000,-0.0871236951275
11111000000,-0.0897213646081
11122000000,-0.0919974385125
11123000000,-0.0939692402216
11139000000,-0.0956569996504
11153000000,-0.0977738680394
11161000000,-0.0996099087427
11171000000,-0.101182878653
11181000000,-0.102513476695
11190000000,-0.104092938513
11201000000,-0.10556032704
11205000000,-0.10681173834
11206000000,-0.107864545585
11231000000,-0.109310809097
11241000000,-0.110560021693
11242000000,-0.111625727794
11255000000,-0.112523607289
11268000000,-0.113455036111
11281000000,-0.114239086048
11290000000,-0.114888725638
11290000000,-0.11541753388
11310000000,-0.116183292435
11322000000,-0.116977811138
11330000000,-0.117658351168
11337000000,-0.118234053929
11342000000,-0.118714238498
11358000000,-0.119101233683
11368000000,-0.119406981885
11380000000,-0.119645394246
11390000000,-0.119825028708
11402000000,-0.119954395786
11412000000,-0.12015947445
11420000000,-0.120398910868
11431000000,-0.120487930336
11443000000,-0.120519328542
11463000000,-0.120526310407
11463000000,-0.120513619976
11474000000,-0.120485597425
11481000000,-0.120446279805
11491000000,-0.120350734909
11500000000,-0.120252727791
11512000000,-0.11983557707
11520000000,-0.119405171792
11540000000,-0.119002460812
11540000000,-0.118630444416
11540000000,-0.117469814012
11591000000,-0.117258763155
11604000000,-0.116608250763
11613000000,-0.115816710412
11622000000,-0.114823124532
11631000000,-0.113300261889
11639000000,-0.111903297037
11651000000,-0.110379086702
11661000000,-0.108833832272
11671000000,-0.107445220257
11681000000,-0.105940402543
11692000000,-0.104535177489
11696000000,-0.103294392677
11710000000,-0.102210846461
11718000000,-0.100979907071
11732000000,-0.0998723865238
11741000000,-0.0989134560679
11755000000,-0.0979282513925
11762000000,-0.0967054258321
11772000000,-0.0956325790434
11781000000,-0.0942529086388
11793000000,-0.0929843731825
11798000000,-0.0918721414383
11809000000,-0.0909080154874
11816000000,-0.0895443382025
11831000000,-0.0882094891556
11840000000,-0.0870356299671
11850000000,-0.0860147109039
11859000000,-0.0846764145798
11872000000,-0.083448548155
11879000000,-0.0823766590072
11889000000,-0.081451769318
11902000000,-0.0801045226426
11907000000,-0.0788555967967
11922000000,-0.0777620647978
11927000000,-0.0768153605634
11936000000,-0.0755342550562
11951000000,-0.074354964228
11951000000,-0.0733261589168
11968000000,-0.0723398518279
11980000000,-0.0711038168929
11989000000,-0.070018395781
11989000000,-0.0690758478321
11989000000,-0.0682669338066
11989000000,-0.0675815348483
11989000000,-0.0670089308725
12033000000,-0.0662252973881
12044000000,-0.0653453841174
12058000000,-0.0645794641212
12070000000,-0.0639203703016
12076000000,-0.0631298203849
12084000000,-0.0622938334712
12084000000,-0.0615648783029
12109000000,-0.0608782008987
12116000000,-0.059758001805
12128000000,-0.0587596391533
12139000000,-0.0571875003324
12147000000,-0.0541955247059
12161000000,-0.0514532348128
12171000000,-0.0489692783896
12176000000,-0.0467446729957
12188000000,-0.0424457280698
12197000000,-0.0375576275132
12211000000,-0.0331206929812
12221000000,-0.0291385932164
12229000000,-0.0223117230022
12242000000,-0.0161164895879
12242000000,-0.0105579318884
12259000000,-0.00562579969376
12263000000,-0.00129781649908
12281000000,0.0030956929454
12291000000,0.0094999544699
12298000000,0.0152084362253
12314000000,0.0227856662392
12319000000,0.0301843934836
12329000000,0.0367622561965
12339000000,0.0425457703803
12349000000,0.0481885739427
12360000000,0.0544849868769
12372000000,0.0599989707732
12379000000,0.0647727137602
12380000000,0.0688560579789
12397000000,0.0727162155479
12397000000,0.0769117223323
12398000000,0.0805015956125
12398000000,0.0835335582271
12440000000,0.0869599545619
12440000000,0.0899727905655
12471000000,0.0925111061526
12471000000,0.0946186006353
12481000000,0.0963431939659
12483000000,0.0977296549385
12492000000,0.0988135799864
12510000000,0.099634509303
12521000000,0.100141112319
12524000000,0.100440140045
12541000000,0.100586832895
12552000000,0.10061040292
12562000000,0.0994749805414
12564000000,0.0983279467882
12577000000,0.0971969807449
12591000000,0.0957803766378
12598000000,0.0937018085436
12604000000,0.0917565362598
12604000000,0.089960163691
12631000000,0.0883217670631
12639000000,0.0849276069485
12652000000,0.0818082905155
12659000000,0.0789750964632
12669000000,0.0749953894618
12678000000,0.0712317837358
12678000000,0.0678520892106
12697000000,0.0648512562899
12710000000,0.060267673061
12717000000,0.0559363010444
12720000000,0.0520753250515
12741000000,0.0486713886441
12750000000,0.0449322852597
12751000000,0.0405213477819
12764000000,0.036614474926
12781000000,0.0329853355972
12782000000,0.0280128349597
12798000000,0.0235908315179
12803000000,0.0197015095146
12821000000,0.0163194535577
12830000000,0.011723652326
12841000000,0.00725843764648
12843000000,0.00333789677951
12862000000,-6.705795715e-05
12871000000,-0.00446377747594
12879000000,-0.00832610311383
12889000000,-0.0116805005563
12891000000,-0.016537092677
12908000000,-0.0210484154882
12916000000,-0.0250081408066
12930000000,-0.0286915668273
12942000000,-0.032831174727
12952000000,-0.0364453956187
12963000000,-0.0395644976998
12973000000,-0.0422229899775
12983000000,-0.045383297065
12989000000,-0.0490058662862
12990000000,-0.0521657757131
13008000000,-0.0548913843796
13014000000,-0.0572139604077
13031000000,-0.0595963011457
13040000000,-0.0622454238895
13049000000,-0.064525362288
13063000000,-0.0666191246531
13070000000,-0.0697632324841
13078000000,-0.0725308459688
13094000000,-0.0749400527512
13100000000,-0.0770129081502
13111000000,-0.079548752575
13118000000,-0.0817539939766
13126000000,-0.0836467545423
13140000000,-0.0853522803624
13149000000,-0.0876820606809
13155000000,-0.0897138765216
13161000000,-0.0914654138162
13172000000,-0.0931074137846
13172000000,-0.0950895046668
13201000000,-0.0968083016022
13201000000,-0.0982804660704
13201000000,-0.0995259715669
13201000000,-0.100565418896
13201000000,-0.101419239558
13201000000,-0.102107429302
13201000000,-0.102715529164
13258000000,-0.103450325376
13281000000,-0.104417572011
13292000000,-0.105601016595
13299000000,-0.106637984665
13310000000,-0.107544441607
13322000000,-0.108319302449
13330000000,-0.108972540674
13340000000,-0.109781486364
13348000000,-0.11058579685
13362000000,-0.111276028008
13369000000,-0.111844537335
13380000000,-0.112170821852
13392000000,-0.112420695586
13402000000,-0.112604420994
13412000000,-0.112731536724
13428000000,-0.112810786077
13430000000,-0.112850238732
13440000000,-0.112903873923
13451000000,-0.112934394612
13464000000,-0.112941763506
13468000000,-0.112673820746
13482000000,-0.112343974605
13492000000,-0.111965093691
13497000000,-0.111373831231
13511000000,-0.110819289902
13522000000,-0.110306113617
13532000000,-0.109836904251
13539000000,-0.109097223903
13549000000,-0.108287463215
13562000000,-0.107551149454
13571000000,-0.106888966545
13580000000,-0.105933633513
13588000000,-0.104917962699
13600000000,-0.104004177894
13612000000,-0.103190986181
13621000000,-0.102752959225
13628000000,-0.103474125855
13641000000,-0.104196941982
13651000000,-0.104904743258
13658000000,-0.105804296355
13671000000,-0.108578488783
13681000000,-0.111176694217
13681000000,-0.113577828828
13705000000,-0.115769755063
13712000000,-0.119134454147
13718000000,-0.123104722169
13736000000,-0.126716525304
13742000000,-0.130389627745
13749000000,-0.135334379438
13749000000,-0.139800884646
13750000000,-0.143790369191
13781000000,-0.147314536543
13786000000,-0.151751181141
13794000000,-0.155832565863
13811000000,-0.159420107205
13819000000,-0.163684825118
13830000000,-0.167439736715
13837000000,-0.170708746497
13846000000,-0.173521623737
13862000000,-0.176065268148
13870000000,-0.178436962205
13877000000,-0.180434108459
13880000000,-0.182090942573
13882000000,-0.183442190036
13882000000,-0.184522356233
13919000000,-0.185274606899
13919000000,-0.185767696364
13923000000,-0.186093866583
13923000000,-0.186280103158
13960000000,-0.185775516576
13970000000,-0.184972172592
13981000000,-0.18362174376
13989000000,-0.181533504562
14002000000,-0.179551064296
14011000000,-0.177696487554
14021000000,-0.175982841844
14029000000,-0.173091213089
14039000000,-0.170431754205
14043000000,-0.168014863202
14062000000,-0.16489594683
14071000000,-0.160673228486
14079000000,-0.156836454694
14080000000,-0.153388355664
14099000000,-0.150322800689
14111000000,-0.146376028904
14120000000,-0.142333095782
14120000000,-0.138738388085
14132000000,-0.135577873486
14149000000,-0.131593000844
14157000000,-0.126861332575
14161000000,-0.122644943534
14179000000,-0.118928499167
14179000000,-0.115279793309
14199000000,-0.110479060501
14200000000,-0.106222255803
14214000000,-0.10249034955
14231000000,-0.0973207268167
14242000000,-0.0919209559889
14252000000,-0.0871299502334
14261000000,-0.0829256615455
14264000000,-0.0784275898354
14280000000,-0.0732572639786
14281000000,-0.0687030220925
14299000000,-0.0647368338385
14308000000,-0.0599180757049
14317000000,-0.0547805340943
14318000000,-0.0502618103171
14334000000,-0.0463321852078
14350000000,-0.0415584128564
14350000000,-0.0367965928562
14371000000,-0.0326354685197
14380000000,-0.0290397507181
14386000000,-0.0254643135496
14397000000,-0.0212530778859
14409000000,-0.0175846325987
14418000000,-0.0144267573432
14426000000,-0.0100159849025
14441000000,-0.00572261239352
14450000000,-0.00196630163874
14460000000,0.00128389858352
14470000000,0.00478287209024
14480000000,0.00811019237656
14490000000,0.0109742550354
14501000000,0.0134084322133
14511000000,0.0167538899875
14518000000,0.0202101819621
14531000000,0.0232256161742
14542000000,0.0258264773763
14548000000,0.0286813446516
14558000000,0.0313001065831
14572000000,0.0335444015178
14582000000,0.0363843164668
14586000000,0.0392454770657
14600000000,0.0417341945751
14612000000,0.0438741305702
14618000000,0.045691336666
14629000000,0.0472131614052
14640000000,0.0489053996621
14652000000,0.0503791202438
14661000000,0.0519129080898
14671000000,0.0536547979141
14680000000,0.0551527338194
14685000000,0.0564249094591
14694000000,0.0574904464503
14712000000,0.0583687339926
14719000000,0.0592848438623
14728000000,0.0601735061168
14735000000,0.0609929061748
14735000000,0.0617926299455
14736000000,0.0624587839212
14771000000,0.0630046017624
14781000000,0.0635421870071
14791000000,0.0639787879951
14800000000,0.0643254919843
14807000000,0.0645934296968
14826000000,0.0649361329789
14826000000,0.0650297241102
14851000000,0.0650823930436
14851000000,0.0647437038693
14878000000,0.0643992516131
14878000000,0.0640576810311
14894000000,0.0636707149791
14903000000,0.0629041346522
14914000000,0.0621821636674
14934000000,0.0615134605434
14934000000,0.0609014373027
14946000000,0.0603475284807
14957000000,0.0598515682986
14965000000,0.0594123873287
14979000000,0.0589363661165
14994000000,0.058478582271
14994000000,0.0580773547945
15005000000,0.0577294831845
15012000000,0.0567296412358
15043000000,0.0550319170197
15043000000,0.0518891292829
15053000000,0.0505423053644
15061000000,0.0493439801359
15070000000,0.0482397105159
15081000000,0.0468396645757
15085000000,0.0455977716645
15098000000,0.0445082490638
15112000000,0.0435629834681
15121000000,0.0424638464041
15123000000,0.0414358487479
15143000000,0.0405451557076
15151000000,0.0394593831372
15160000000,0.037775809025
15171000000,0.0362668014154
15182000000,0.0349288771289
15190000000,0.0328649121813
15199000000,0.0310107207282
15210000000,0.0293633047824
15219000000,0.0279157562598
15229000000,0.0266581879126
15239000000,0.025578603075
15251000000,0.0239682693913
15260000000,0.0222546634799
15273000000,0.020546783838
15291000000,0.0182677328105
15294000000,0.0162303791361
15295000000,0.0144292403418
15312000000,0.0120379887578
15322000000,0.00991004406103
15331000000,0.00803684373148
15341000000,0.00593860450917
15352000000,0.0039005320719
15360000000,0.00211747099622
15365000000,0.000575429166657
15382000000,-0.0011574589349
15391000000,-0.00306886506963
15398000000,-0.00473922423379
15411000000,-0.00618246931781
15420000000,-0.00741451872213
15431000000,-0.00900394600764
15442000000,-0.0104434862012
15451000000,-0.0116829257848
15463000000,-0.0131616907139
15471000000,-0.0147217300201
15482000000,-0.0160824496163
15491000000,-0.0172557418985
15498000000,-0.0183807788153
15510000000,-0.0198201295358
15515000000,-0.0210767614308
15523000000,-0.0221610131128
15539000000,-0.0230852790192
15553000000,-0.0239641344863
15559000000,-0.0251053340585
15572000000,-0.0260961970422
15579000000,-0.0275071093231
15590000000,-0.0287538341112
15599000000,-0.0298430018972
15605000000,-0.0307835596459
15614000000,-0.031586309463
15632000000,-0.0325314265596
15638000000,-0.0334111986229
15649000000,-0.0341653615449
15659000000,-0.0350717260129
15669000000,-0.0361176802086
15680000000,-0.0370335473864
15691000000,-0.0378266639749
15699000000,-0.03855440136
15707000000,-0.0393719620989
15719000000,-0.0400782631526
15730000000,-0.0406808894685
15747000000,-0.0413241770001
15752000000,-0.0421820560376
15760000000,-0.0429340558585
15770000000,-0.0435860169149
15770000000,-0.0441446006978
15793000000,-0.0448079080393
15796000000,-0.045381028285
15806000000,-0.0458700712681
15819000000,-0.0462816958225
15831000000,-0.0467160893715
15841000000,-0.0472936552234
15842000000,-0.0477963050743
15859000000,-0.0482592925983
15872000000,-0.048774726055
15881000000,-0.0492210059703
15884000000,-0.0496026134551
15897000000,-0.0499246557591
15906000000,-0.0502815094574
15919000000,-0.0506423038753
15928000000,-0.0509503184558
15941000000,-0.0512097436195
15951000000,-0.0514998069417
15958000000,-0.0517536391189
15968000000,-0.0519664091394
15979000000,-0.0521421660796
15987000000,-0.0522848847761
15997000000,-0.0523861764758
16002000000,-0.0524612239241
16021000000,-0.0525148922467
16031000000,-0.0525673960971
16041000000,-0.0526202459474
16047000000,-0.0526585054353
16052000000,-0.0526584070403
16061000000,-0.0525903077522
16080000000,-0.0525191011091
16092000000,-0.0524469525031
16098000000,-0.0523755903638
16111000000,-0.0522825005058
16111000000,-0.0521882452722
16111000000,-0.0521000290784
16141000000,-0.0520185288839
16142000000,-0.0519089301552
16159000000,-0.0517285998485
16163000000,-0.0515626699416
16178000000,-0.0513653777452
16191000000,-0.0511408111125
16200000000,-0.0509371903031
16210000000,-0.0507546098797
16219000000,-0.0505926617806
16225000000,-0.0503238690708
16241000000,-0.0500673296674
16259000000,-0.0498379171951
16259000000,-0.0496349940222
16267000000,-0.0494043222122
16279000000,-0.048993614184
16290000000,-0.0486214422239
16301000000,-0.048287939349
16309000000,-0.0480499339587
16318000000,-0.0478693581864
16330000000,-0.0477178565553
16340000000,-0.0475926199741
16351000000,-0.0472484357982
16355000000,-0.0469396433748
16367000000,-0.0466656216622
16379000000,-0.0463238833186
16394000000,-0.0458700967443
16406000000,-0.0454622060849
16412000000,-0.0450995930929
16418000000,-0.0447806868969
16431000000,-0.044393657929
16442000000,-0.0439451577092
16453000000,-0.043546737069
16460000000,-0.0431967138387
16468000000,-0.0427139065877
16479000000,-0.0421686274489
16491000000,-0.0416824724513
16499000000,-0.041253716069
16507000000,-0.0406851790423
16521000000,-0.040158852751
16530000000,-0.039695082027
16540000000,-0.0392910302941
16548000000,-0.0387055107972
16561000000,-0.0381605531151
16570000000,-0.0376810150687
16581000000,-0.0372265510793
16590000000,-0.0366877804216
16599000000,-0.0362144681683
16611000000,-0.0358033831661
16620000000,-0.0354506004739
16632000000,-0.0351516254506
16639000000,-0.034787245799
16641000000,-0.0343596135742
16646000000,-0.0339862619331
16646000000,-0.0336640769756
16663000000,-0.033389475888
16683000000,-0.0330867280517
16683000000,-0.0327201582178
16707000000,-0.032400558665
16714000000,-0.0321041640362
16717000000,-0.0316666849577
16717000000,-0.0312792821705
16743000000,-0.0309400725663
16760000000,-0.0305350168086
16769000000,-0.0301326474626
16769000000,-0.0297799372477
16790000000,-0.0294741732666
16800000000,-0.0309410682389
16809000000,-0.0362776663575
16822000000,-0.0412922215411
16834000000,-0.0527296114333
16835000000,-0.0650211854091
16849000000,-0.0763387988327
16856000000,-0.0866353953363
16857000000,-0.0958967350866
16857000000,-0.108704188423
16890000000,-0.124703453927
16898000000,-0.139172050109
16913000000,-0.1521104133
16920000000,-0.171736884726
16929000000,-0.189455296184
16939000000,-0.20525323568
16951000000,-0.221108388538
16963000000,-0.235533221607
16969000000,-0.248118866794
16981000000,-0.258973352664
16989000000,-0.268220502071
17000000000,-0.275993343711
17010000000,-0.282429655833
17020000000,-0.28766815017
17026000000,-0.291845196573
17039000000,-0.295092260897
17054000000,-0.297533951013
17068000000,-0.299286457886
17084000000,-0.299986159818
17084000000,-0.299676351335
17094000000,-0.299210375134
17094000000,-0.298631485893
17112000000,-0.297976686965
17118000000,-0.297277060256
17122000000,-0.296558208632
17142000000,-0.295839601198
17145000000,-0.295135836183
17161000000,-0.294458629646
17170000000,-0.293817132164
17181000000,-0.293218308937
17190000000,-0.292666983971
17199000000,-0.29216614775
17211000000,-0.291715978564
17220000000,-0.291314132098
17230000000,-0.290958151939
17242000000,-0.290645757984
17251000000,-0.290374864094
17261000000,-0.290143317718
17271000000,-0.289948876338
17282000000,-0.289788206955
17295000000,-0.289656023228
17302000000,-0.289547644998
17314000000,-0.289459732376
17322000000,-0.289389986606
17337000000,-0.289336787723
17344000000,-0.289298866788
17352000000,-0.289274525377
17366000000,-0.289259925519
17397000000,-0.289251334799
17397000000,-0.289245229611
17415000000,-0.289246970036
17415000000,-0.289252327192
17420000000,-0.28926156624
17431000000,-0.289272692554
17442000000,-0.289282772065
17450000000,-0.289290476806
17461000000,-0.289295810904
17469000000,-0.289299779565
17480000000,-0.28930371504
17491000000,-0.289148804178
17497000000,-0.289052441725
17498000000,-0.289074738549
17515000000,-0.28909536481
17516000000,-0.289113563184
17536000000,-0.289129855102
17546000000,-0.289145413563
17553000000,-0.287187838438
17553000000,-0.284868653663
17577000000,-0.282713279037
17587000000,-0.278164209045
17600000000,-0.272279846893
17611000000,-0.266857638387
17620000000,-0.261922042514
17630000000,-0.257482015097
17640000000,-0.246151316575
17652000000,-0.235742225617
17661000000,-0.226289592767
17670000000,-0.217800618137
17677000000,-0.203927061737
17691000000,-0.191354786616
17697000000,-0.180091049757
17707000000,-0.163845267238
17717000000,-0.146591538035
17729000000,-0.131096751313
17729000000,-0.11733283944
17751000000,-0.103897607007
17752000000,-0.0868959567142
17770000000,-0.0717940377012
17781000000,-0.0585295792652
17788000000,-0.0396483765355
17801000000,-0.0220448938061
17808000000,-0.00650182958053
17820000000,0.00707005508644
17830000000,0.0187837903773
17842000000,0.0287690614638
17850000000,0.0393412445518
17864000000,0.0569134406061
17868000000,0.0731059185887
17877000000,0.0873695042145
17891000000,0.10047077386
17899000000,0.114441780462
17911000000,0.126601928316
17920000000,0.137060176726
17920000000,0.14594134876
17920000000,0.153381490382
17949000000,0.159678726789
17959000000,0.166190621278
17969000000,0.171578425919
17981000000,0.176928247222
17987000000,0.182271350944
18000000000,0.186704671426
18009000000,0.190321971215
18019000000,0.193215839523
18027000000,0.19547454251
18039000000,0.197181006349
18049000000,0.198281539233
18061000000,0.19897193051
18066000000,0.199334014026
18082000000,0.199606836592
18086000000,0.19991666894
18122000000,0.200033452951
18122000000,0.199994523837
18122000000,0.198893067606
18132000000,0.197753638595
18142000000,0.196608660084
18155000000,0.19505720279
18166000000,0.19315612807
18167000000,0.190934630384
18177000000,0.187883427107
18187000000,0.185058337692
18200000000,0.182473625742
18211000000,0.180135341193
18212000000,0.178043187839
18212000000,0.176191572581
18241000000,0.173859285039
18252000000,0.170746586909
18261000000,0.167297291438
18271000000,0.162715724356
18278000000,0.158568510193
18290000000,0.154855983808
18299000000,0.151568648985
18311000000,0.148689421364
18321000000,0.144136096428
18331000000,0.139828364531
18338000000,0.136007767733
18349000000,0.132656288387
18362000000,0.127341109729
18370000000,0.12232494049
18382000000,0.117872417521
18391000000,0.111324288732
18399000000,0.105451573567
18413000000,0.100242498094
18425000000,0.0956729327955
18427000000,0.088961540831
18440000000,0.0826640540223
18440000000,0.0770965136865
18440000000,0.0722284800655
18470000000,0.068020585566
18482000000,0.0625168951153
18490000000,0.0574864219981
18501000000,0.0502402833463
18512000000,0.0430811894561
18521000000,0.0367305884678
18522000000,0.0311589513305
18522000000,0.026325924712
18549000000,0.021143952803
18562000000,0.0142632241048
18571000000,0.00818063301731
18579000000,0.00286217935094
18590000000,-0.00450553415945
