%time,field.layout.data_offset,field.data0,field.data1
41000000,0,-429.95943108,-429.95943108
124000000,0,-429.95943108,-429.95943108
151000000,0,-397.130110987,-397.130110987
204000000,0,-320.557316559,-320.557316559
247000000,0,-228.943753825,-228.943753826
284000000,0,-143.764882309,-143.764882342
327000000,0,-62.8989445258,-62.8989445257
360000000,0,-58.48364345,-58.4833569448
405000000,0,-55.7499894594,-55.749421042
447000000,0,-15.7623591698,-15.7614102584
490000000,0,19.1484992805,19.1497700929
529000000,0,47.5204273194,47.5219597397
562000000,0,73.295060998,73.2968719588
607000000,0,94.6331748327,94.6352215714
647000000,0,101.5653895,101.567620148
685000000,0,108.504936739,108.507393596
727000000,0,113.465714912,113.468333476
768000000,0,99.8999601999,99.9027228411
806000000,0,87.3743601968,87.3772425926
848000000,0,58.4899294493,58.4929135524
891000000,0,32.9923160828,32.9953868392
921000000,0,11.7665802133,11.7697231048
960000000,0,-8.40697662431,-8.40377257401
986000000,0,-27.0521570936,-27.0488970673
1049000000,0,-36.7776670239,-36.7743699564
1085000000,0,-44.9388320462,-44.9355036082
1124000000,0,-52.3714156667,-52.3680586588
1166000000,0,-36.9674594936,-36.9640947865
1202000000,0,-20.4962267759,-20.4928552725
1241000000,0,-10.4657675847,-10.4624085358
1284000000,0,-3.82409856032,-3.82075029217
1328000000,0,2.47385897488,2.47719702031
1368000000,0,5.62482568029,5.62813481319
1410000000,0,8.03768173978,8.04096591861
1447000000,0,5.86815227226,5.87139177861
1487000000,0,3.70396697306,3.707168416
1526000000,0,1.90236984943,1.90553960705
1562000000,0,-3.94967266375,-3.94655007108
1597000000,0,-9.02393409262,-9.02085168303
1609000000,0,-14.0552588646,-14.0522174164
1685000000,0,-18.9558893574,-18.9528903077
1725000000,0,-23.24781003,-23.2448481126
1755000000,0,-26.0449172133,-26.0419794954
1806000000,0,-27.2710347429,-27.2681327509
1846000000,0,-25.1669266471,-25.2162481369
1886000000,0,-23.2171032232,-23.2590775042
1923000000,0,-21.3802836656,-21.4153365527
1965000000,0,-17.8098996295,-17.8393561383
1998000000,0,-14.61144413,-14.6361315516
2026000000,0,-13.6615132124,-13.6820303856
2085000000,0,-12.931992716,-12.9491296661
2123000000,0,-12.322662406,-12.3369760322
2167000000,0,-10.0340110801,-10.0457026786
2205000000,0,-7.63375395219,-7.64326419353
2247000000,0,-5.95969350446,-5.96729871657
2284000000,0,-8.05894935137,-8.0649454368
2325000000,0,-9.80649531089,-9.81115186255
2369000000,0,-9.84444063876,-9.84794937784
2402000000,0,-9.71324915894,-9.71569691215
2445000000,0,-12.0871403605,-12.0886809758
2487000000,0,-14.3289761193,-14.3297068585
2525000000,0,-16.1409115388,-16.1409877063
2565000000,0,-14.803542423,-14.8030443805
2606000000,0,-13.3686228835,-13.3676338494
2646000000,0,-11.7199554247,-11.7185549696
2684000000,0,-10.2312845648,-10.2295154339
2727000000,0,-8.96778716344,-8.96570512211
2765000000,0,-8.00545893136,-8.00313082085
2815000000,0,-7.64617601095,-7.64374830642
2849000000,0,-6.61851250156,-6.61579992611
2886000000,0,-4.5246892743,-4.52187288307
2923000000,0,-0.862461595067,-0.859573933387
2970000000,0,-4.73314588202,-4.90523605208
3010000000,0,-8.81703503892,-8.96148778516
3044000000,0,-5.87451457141,-5.99833005281
3084000000,0,-3.13136898281,-3.23702949401
3124000000,0,-0.728950835457,-0.818711415341
3165000000,0,-2.21907615363,-2.295468672
3204000000,0,-3.57251968041,-3.63752496669
3246000000,0,-3.06709544915,-3.12258575232
3282000000,0,-2.49959771526,-2.54680776644
3320000000,0,-2.03964686916,-2.08014586172
3371000000,0,-3.53519713526,-3.57001912388
3403000000,0,-4.96452141804,-4.99429380168
3461000000,0,-4.73539595159,-4.76144844851
3561000000,0,-4.47011204374,-4.4929780735
3561000000,0,-4.21474949189,-4.23454822474
3573000000,0,-3.96473665339,-3.98223428312
3605000000,0,-3.73937866532,-3.75481616297
3643000000,0,-0.608952682339,-0.698914886749
3683000000,0,2.43345370377,2.35661273668
3736000000,0,4.95759833031,4.89164344146
3766000000,0,5.25653138512,5.19997434922
3804000000,0,5.3781118487,5.3299403856
3845000000,0,2.96681127837,2.9249952826
3881000000,0,0.625136902405,0.588943385118
3925000000,0,-1.58082320016,-1.61172009458
3964000000,0,-2.52858012043,-2.55464690814
4006000000,0,-3.12142606858,-3.14429123033
4080000000,0,-2.67287102137,-2.69251564104
4087000000,0,-2.23060600055,-2.24743961985
4123000000,0,-1.872154997,-1.88671032858
4163000000,0,-1.1749765128,-1.18740944
4206000000,0,-0.574189656424,-0.584894682177
4243000000,0,-0.40561363972,-0.414721828443
4285000000,0,-0.279319299868,-0.287062699651
4325000000,0,-0.171698472309,-0.178278873922
4360000000,0,0.92611717477,0.920627342658
4401000000,0,1.92719785286,1.92265807216
4445000000,0,2.93449431726,2.93061374263
4480000000,0,3.84793156697,3.8446428094
4533000000,0,4.64422003673,4.64144720474
4559000000,0,4.41852392107,4.41601258365
4602000000,0,4.18759392424,4.1853195999
4638000000,0,2.57755799525,2.57532969985
4686000000,0,1.09882980859,1.09663903716
4723000000,0,-0.0712107370113,-0.0733718188556
4766000000,0,-1.80897071901,-1.81119811595
4805000000,0,-3.36821793988,-3.37051359673
4846000000,0,-1.96778914094,-1.90281512995
4891000000,0,-0.605181477008,-0.55007766064
4918000000,0,0.588175903789,0.634635509247
4960000000,0,1.40487332788,1.44390138034
5005000000,0,2.07443498607,2.10712166476
5043000000,0,2.62946591382,2.65657283667
5082000000,0,3.07732408402,3.09990509054
5130000000,0,3.52316078632,3.54123630371
5162000000,0,2.80134325697,2.81647984371
5221000000,0,2.02658189759,2.03882521888
5245000000,0,2.44135280983,2.45109122431
5287000000,0,2.81750658293,2.82526375596
5330000000,0,3.16409651311,3.17002815856
5365000000,0,2.99771580344,3.00224374744
5408000000,0,2.80429780285,2.80751827152
5444000000,0,2.31376831051,2.31624892211
5528000000,0,1.83874073228,1.84052596607
5528000000,0,1.32093137545,1.32195860839
5565000000,0,0.909924254205,0.910813207571
5604000000,0,0.29165283364,0.292364066431
5648000000,0,2.29281712366,2.29354599033
5684000000,0,4.16487896849,4.165638302
5723000000,0,5.88980520468,5.89059260625
5762000000,0,4.06290984518,4.06379189215
5806000000,0,2.22711419981,2.22808166507
5844000000,0,1.4722823758,1.47333081697
5887000000,0,0.850755241905,0.851875107004
5920000000,0,0.308939368378,0.310121496096
5965000000,0,0.259965413351,0.261161181856
6009000000,0,0.24727594138,0.248481169585
6017000000,0,0.695433744051,0.696655717621
6086000000,0,1.14140550477,1.14264286625
6125000000,0,1.531982511,1.53323335041
6164000000,0,2.3378264165,2.33910565001
6206000000,0,3.6198858459,3.62121051883
6240000000,0,0.767590415201,0.768951021923
6269000000,0,-1.93959410481,-1.93820318642
6338000000,0,-4.02934961185,-4.02793529745
6371000000,0,-2.45565017303,-2.45440111243
6409000000,0,-0.766181643582,-0.76509567849
6440000000,0,0.416842556304,0.417647369276
6486000000,0,1.65488311436,1.65535270892
6560000000,0,2.56161644907,2.56184053187
6560000000,0,5.10465712711,5.10441109259
6605000000,0,6.87610278283,6.87553319746
6649000000,0,6.86880231103,6.86771825618
6686000000,0,6.8200067456,6.81845633835
6726000000,0,6.78045837555,6.77852999481
6765000000,0,6.28414585946,6.28186456055
6803000000,0,5.24448339243,5.24186086332
6842000000,0,3.61476339433,3.61184068416
6887000000,0,2.23950300119,2.23634647671
6929000000,0,1.09465422481,1.09130305402
6971000000,0,0.397826818087,0.410577564351
7011000000,0,-0.0912305678681,-0.0806801927948
7047000000,0,-0.936529812143,-0.928438229641
7087000000,0,-1.59813511099,-1.59184283184
7126000000,0,-2.14889482638,-2.14410039416
7167000000,0,-0.414146420071,-0.410618111156
7203000000,0,1.29131931537,1.29377338637
7244000000,0,2.23270309042,2.23433953804
7284000000,0,2.92910575319,2.93009403608
7320000000,0,3.55303987021,3.55344743587
7364000000,0,3.78311359352,3.78316592004
7403000000,0,3.89723254399,3.89700513708
7449000000,0,4.62437958108,4.62403636978
7486000000,0,5.27471252732,5.27427627933
7527000000,0,5.82888959847,5.82837406877
7565000000,0,5.02562399885,5.02511946037
7602000000,0,3.65048615184,3.65003561233
7643000000,0,3.19069823371,3.19041564161
7680000000,0,2.88482247822,2.88466800311
7721000000,0,2.56723897813,2.56721752227
7726000000,0,1.89379318081,1.89353968
7806000000,0,0.908632449225,0.907773373401
7845000000,0,-0.477456138153,-0.48260158415
7886000000,0,-1.29625400299,-1.30399997502
7926000000,0,-2.63842007019,-2.65042878592
7965000000,0,-2.02508060596,-2.04382123388
8010000000,0,-0.553289639879,-0.58098232132
8045000000,0,0.157103620518,0.113878362897
8084000000,0,0.33227305055,0.273781495319
8127000000,0,0.482215029471,0.41066384671
8166000000,0,1.7953345395,1.70346827255
8202000000,0,3.09235436462,2.98219395781
8245000000,0,4.32923631924,4.19704875614
8288000000,0,5.44685637114,5.29456180469
8323000000,0,6.35303343536,6.18443921086
8368000000,0,4.57743312522,4.39002353867
8397000000,0,3.19227811096,2.99156348877
8445000000,0,1.38624925212,1.16819124179
8485000000,0,1.2688429541,1.03626798079
8523000000,0,1.19672489761,0.951990982845
8560000000,0,1.59330746728,1.33735757933
8604000000,0,1.96571062691,1.70014756106
8645000000,0,3.88096477621,3.6087028098
8686000000,0,5.51010243459,5.23279194613
8722000000,0,7.24252975091,6.95985674754
8764000000,0,6.26618370246,5.98261757211
8805000000,0,5.24411419063,4.95988564164
8845000000,0,4.56572485918,4.2848980095
8882000000,0,3.98268249546,3.70501194456
8926000000,0,3.51015367498,3.23504561382
8964000000,0,3.05823622913,2.78953460316
9005000000,0,2.66921864686,2.4064052203
9046000000,0,2.03885623219,1.78520007706
9083000000,0,1.49517469046,1.24940221585
9125000000,0,1.04258750367,0.80337779142
9162000000,0,0.732430862001,0.502565403364
9204000000,0,0.489815454828,0.268236930275
9242000000,0,1.90609297762,1.69493835328
9284000000,0,3.00367006381,2.80041508375
9319000000,0,4.06775888993,3.87216184889
9365000000,0,4.04174834064,3.85357764284
9391000000,0,3.96729338037,3.78642042487
9442000000,0,3.78089218891,3.60966956976
9481000000,0,3.60607655739,3.44010156912
9523000000,0,3.46051477067,3.29890912345
9564000000,0,3.98279655328,3.82510462103
9602000000,0,4.9668433345,4.81254577977
9648000000,0,6.20205236997,6.04933069509
9696000000,0,7.17105962113,7.01949587756
9722000000,0,8.04382538993,7.89330755176
9770000000,0,5.59043054557,5.43867168202
9801000000,0,3.46751621952,3.31463921761
9848000000,0,3.38818635354,3.23158916362
9886000000,0,3.5735645541,3.41336341604
9927000000,0,3.72383345985,3.56071142462
9963000000,0,2.89920577895,2.73043550605
9998000000,0,2.2295599818,2.05650011301
10044000000,0,1.43197975895,1.25381004973
10059000000,0,1.20206404489,1.02242151844
10124000000,0,0.450444467319,0.262819819718
10162000000,0,2.09561951949,1.89794027235
10203000000,0,3.65315105227,3.44673055838
10245000000,0,4.40681831941,4.19028451219
10288000000,0,4.98641047647,4.7616102242
10329000000,0,5.4459407827,5.21458638919
10364000000,0,4.96421938629,4.72850241015
10400000000,0,4.37135386725,4.13268016943
10446000000,0,3.97220587459,3.73249099539
10484000000,0,3.88990537199,3.65137611237
10525000000,0,3.81813966778,3.58065151669
10563000000,0,2.36063126113,2.12872136413
10602000000,0,1.08089985206,0.853869059706
10644000000,0,0.2684198132,0.049295470117
10684000000,0,-0.364177883884,-0.576296496559
10725000000,0,-0.902958677101,-1.10910031532
10779000000,0,0.57816199581,0.379322407819
10805000000,0,1.88640599952,1.69387510593
10853000000,0,2.53972831002,2.35222159102
10898000000,0,3.03745001243,2.85414423889
10926000000,0,3.48344446984,3.3038553948
10966000000,0,4.30446574861,4.12524119456
11006000000,0,5.06436005141,4.88528700959
11054000000,0,5.04328698627,4.86002271208
11085000000,0,4.97337299688,4.78599672019
11123000000,0,4.91510680435,4.72431215961
11164000000,0,2.22765497348,2.02806927856
11202000000,0,-0.190603725041,-0.397990622496
11244000000,0,-0.502311597895,-0.764980631702
11283000000,0,-0.726580693368,-0.995201275365
11327000000,0,-0.922116719472,-1.1959110135
11346000000,0,0.265110376637,0.0129718083524
11404000000,0,1.37363352444,1.10579936658
11443000000,0,1.96394641841,1.6763965434
11485000000,0,2.52156412426,2.21380102627
11525000000,0,3.09876732452,2.77008139508
11600000000,0,3.54055103686,3.19585062186
11616000000,0,3.40029212446,3.04369285244
11651000000,0,3.56172161026,3.18677782357
11681000000,0,3.80945384915,3.4116477166
11717000000,0,4.01568216054,3.59884338951
11767000000,0,3.66343085571,3.23576067938
11806000000,0,3.3506710381,2.90078854855
11846000000,0,3.0488521266,2.5748385721
11886000000,0,2.77387665151,2.27761844214
11926000000,0,2.54571944465,2.03100522284
11966000000,0,1.65219638301,1.07859149397
12004000000,0,0.751483444896,0.165005769224
12040000000,0,0.925670649743,0.323926334895
12082000000,0,1.12327289872,0.507985918117
12127000000,0,1.28720484155,0.660688324685
12168000000,0,1.5356524194,0.898964523739
12197000000,0,1.77617501522,1.12654453867
12249000000,0,1.44489063727,0.783363219333
12281000000,0,1.15694430658,0.485481268469
12332000000,0,0.893191412935,0.212627526701
12371000000,0,0.779256639631,0.0936485916383
12401000000,0,0.681824140809,-0.00814761341593
12444000000,0,1.5797795551,0.891328310717
12486000000,0,2.3599815012,1.67310392482
12522000000,0,3.09981487827,2.41441928754
12564000000,0,3.94075001767,3.26307431425
12605000000,0,4.67578761878,4.00528106769
12645000000,0,4.17803371658,3.51901266048
12686000000,0,3.68303201007,3.03396451688
12723000000,0,3.24919970177,2.60883820879
12763000000,0,3.75244336151,3.12239285468
12800000000,0,4.27044614464,3.64938175824
12838000000,0,3.31622383627,2.70384282293
12884000000,0,2.42471615722,1.81946022525
12925000000,0,1.66484200355,1.06579954497
12959000000,0,2.19963785583,1.60328769452
13007000000,0,2.76271756253,2.16909565967
13045000000,0,3.19525423628,2.59954949508
13088000000,0,3.53753543198,2.94011006569
13120000000,0,3.87700469501,3.27788489309
13161000000,0,4.2321503194,3.62629650298
13212000000,0,4.5580924785,3.94584686261
13259000000,0,3.54476667168,2.91677014702
13280000000,0,3.08287090362,2.44807744178
13321000000,0,2.45988485377,1.815864437
13362000000,0,2.67021354536,2.01015262599
13407000000,0,2.8877570964,2.21443610131
13441000000,0,2.50565134239,1.81285770828
13485000000,0,2.11588888404,1.40602798749
13524000000,0,1.7760861395,1.05134513393
13563000000,0,1.51914081216,0.775786470052
13605000000,0,1.29792543963,0.536910515727
13649000000,0,2.52665573533,1.74343101396
13703000000,0,3.69608008654,2.89402233785
13732000000,0,4.74381211309,3.9248814849
13750000000,0,5.63252688882,4.79077053763
13806000000,0,6.39076971428,5.52913720098
13846000000,0,6.88625291665,5.99765556333
13882000000,0,7.33606410972,6.42202423537
13958000000,0,7.71792135678,6.78231022887
13976000000,0,9.04722750813,8.08052179788
14005000000,0,10.2039637298,9.21055058338
14055000000,0,6.69689113838,5.66875630644
14087000000,0,3.4162819253,2.35747086355
14120000000,0,0.947867668025,-0.134212814151
14158000000,0,-0.397192907404,-1.51286450661
14201000000,0,-1.30236725045,-2.445117537
14259000000,0,0.591389705381,-0.582541158396
14286000000,0,2.35533036303,1.15511993921
14324000000,0,3.78836422612,2.56660792313
14364000000,0,4.1672213961,2.92258953534
14405000000,0,4.3494359929,3.08340875874
14445000000,0,3.82044519628,2.53631899763
14484000000,0,3.33716365766,2.03723578397
14526000000,0,2.93443719791,1.62162162739
14565000000,0,3.49167760282,2.16812510119
14605000000,0,4.22837972124,2.89623106203
14645000000,0,4.44848940704,3.11142210553
14683000000,0,4.59443332542,3.25335103979
14724000000,0,4.70156931439,3.3576202095
14766000000,0,3.42903196773,2.08607274595
14801000000,0,2.27301702951,0.931300433087
14808000000,0,1.44915156764,0.108265422098
14887000000,0,2.28159985853,0.946688052298
14915000000,0,2.80021222315,1.4688842468
14965000000,0,3.37864895905,2.05295451766
15009000000,0,3.03289882969,1.71488472974
15053000000,0,3.56713542547,2.26067607152
15081000000,0,3.95936039851,2.66002107501
15123000000,0,4.37034099432,3.07846051535
15164000000,0,3.88410632076,2.60131750506
15205000000,0,3.38166539163,2.10724313296
15245000000,0,2.3938672078,1.12816831061
15279000000,0,1.53529291129,0.27683474112
15328000000,0,0.726450538016,-0.5251610777
15370000000,0,0.893089877543,-0.352389932155
15405000000,0,1.10727860742,-0.132633815515
15448000000,0,0.7458514029,-0.489905678066
15483000000,0,0.345683739546,-0.88623882199
15523000000,0,0.0745838807559,-1.15471695335
15562000000,0,0.279517453404,-0.948299092237
15605000000,0,0.560622486809,-0.666268282472
15643000000,0,2.19871289959,0.970499641034
15690000000,0,3.82171106648,2.5921790912
15726000000,0,5.07278645565,3.84220750292
15766000000,0,5.25161192281,4.01775759484
15805000000,0,5.12472079561,3.8876476533
15840000000,0,5.28206656964,4.03891806155
15886000000,0,5.42513111206,4.17680019686
15924000000,0,5.54139089165,4.28883828203
15961000000,0,5.45043894933,4.19066609017
16005000000,0,5.35571386939,4.08961637941
16049000000,0,3.79553762169,2.52089566868
16085000000,0,2.22521947643,0.94277683363
16120000000,0,0.856292746004,-0.432947432892
16162000000,0,-0.460538805026,-1.75879343996
16207000000,0,-1.67785658841,-2.98455556488
16269000000,0,0.37422323051,-0.941636236565
16281000000,0,2.96292568147,1.63761770626
16323000000,0,5.05521165846,3.72226713371
16365000000,0,4.98785193642,3.64516136866
16408000000,0,4.84404162013,3.49308509629
16447000000,0,2.91812075775,1.60204236948
16480000000,0,1.14547045394,-0.186166649355
16525000000,0,-0.330186869493,-1.67477811656
16568000000,0,0.646096377064,-0.712553856154
16615000000,0,1.67072599912,0.299610687527
16654000000,0,0.27640955593,-1.10740514902
16685000000,0,-1.11077862169,-2.50584285927
16737000000,0,-2.20838960046,-3.6123578898
16763000000,0,0.0619410841789,-1.35219444625
16809000000,0,2.29040801673,0.867241054353
16845000000,0,3.55575163954,2.12085351034
16883000000,0,4.56647234789,3.12149815051
16933000000,0,5.47201524335,4.01801484298
16963000000,0,5.88718574635,4.41292867173
17005000000,0,6.22460666599,4.73248152369
17054000000,0,5.46787992976,3.94149150774
17094000000,0,4.6136546739,3.05089570664
17125000000,0,4.11454505911,2.53095533303
17163000000,0,4.02277547899,2.39573896847
17202000000,0,3.98633196245,2.31860069247
17245000000,0,4.32870371758,2.60141881527
17289000000,0,4.65319978458,2.87474199788
17324000000,0,4.91692272194,3.09606881998
17361000000,0,3.84261401524,1.97562118407
17415000000,0,1.47221456921,-0.458314797327
17470000000,0,-0.689274112479,-2.67959622537
17486000000,0,-0.512841732724,-2.52493218982
17500000000,0,0.0442346073335,-2.02766185938
17548000000,0,-0.127714243156,-2.26375706311
17596000000,0,-0.303551987477,-2.49966072396
17630000000,0,1.97458090639,-0.283621785848
17685000000,0,3.93068534562,1.61499294874
17723000000,0,5.59994579675,3.24048802547
17766000000,0,8.22996172814,5.81647496381
17803000000,0,10.4256413823,7.97001019296
17846000000,0,12.806711979,10.3168035772
17877000000,0,14.8245440976,12.30408198
17934000000,0,16.6325053608,14.0879522698
17966000000,0,17.4501909552,14.8933267288
18004000000,0,18.1158279797,15.5521813946
18042000000,0,16.3113534021,13.7517054231
18082000000,0,14.4424769186,11.8893058278
18123000000,0,12.8140338054,10.2660480149
18164000000,0,12.9877533916,10.4583838908
18206000000,0,13.1771793019,10.6646551178
18245000000,0,14.0703315587,11.5848361147
18291000000,0,14.8633783094,12.4010521743
18323000000,0,15.5739109838,13.1323199896
18366000000,0,18.0055187466,15.5926695213
18406000000,0,20.1211989527,17.7330856787
18440000000,0,20.9566812597,18.59150475
18483000000,0,21.745920014,19.4089933848
18525000000,0,22.3648288243,20.0497851356
18564000000,0,24.4450053603,22.1503396512
18599000000,0,26.3610258819,24.0840652491
18599000000,0,24.4736450746,22.2120417968
