%time,field0,field1,field2,field3,field4,field5,field6,field7
118000000,0.00232368074895,0.0163625852738,0.00818129263691,0.00793016568097,1.9842201695e-27,5.55204786948,-3.73473676615e-20,0.00183995879616
118000000,0.0133498377205,0.0940051072821,0.0470025536411,0.0455597977416,-4.46159866597e-15,31.8972122603,-2.14565317459e-19,0.0105707943539
126000000,0.0173407649467,0.1221078865,0.0610539432499,0.0591798762049,-1.67506860268e-17,41.4328677127,-2.78709510457e-19,0.0137309279729
169000000,0.0173407649473,0.122107886498,0.0610539432499,0.0591798762026,-1.55120040975e-12,41.4328677127,-2.78709510457e-19,0.0137309279732
205000000,0.0178669104355,0.120380071922,0.0610767912476,0.0574181650751,-0.00133689502157,41.450797364,-2.7888057703e-19,0.0137168086843
247000000,0.0126823112585,0.0976103912273,0.0474454252611,0.0486724732909,0.00218733675057,32.1782795401,-2.16476404312e-19,0.0106886385765
311000000,-0.0174858004647,-0.121629223902,-0.0610600333381,-0.0586990211062,0.000389887142252,-41.4398366528,2.78757031067e-19,-0.0137459485477
346000000,-0.0191579357116,-0.116111862743,-0.0611304237001,-0.0531522751005,0.00487815045147,-41.5199984225,2.79304143512e-19,-0.0137030722067
371000000,-0.0184387245042,-0.118485285639,-0.0610993404711,-0.0555845063724,0.00295440560091,-41.4859108583,2.79069417844e-19,-0.0137239244797
408000000,-0.0180235817454,-0.119854767172,-0.0610811062156,-0.0570041236945,0.001852222458,-41.4670179084,2.78934111472e-19,-0.0137348363443
451000000,-0.0177847294814,-0.120642782774,-0.0610705887652,-0.0578226849523,0.00121775970134,-41.4561111692,2.78856271793e-19,-0.0137408129675
479000000,-0.0176204716104,-0.121184651224,-0.0610634888831,-0.0583777447893,0.000780000218577,-41.4484889195,2.78802672877e-19,-0.0137450928958
523000000,-0.0174926610789,-0.121606123759,-0.0610581078765,-0.0588008983155,0.000438777338377,-41.442528147,2.78760892866e-19,-0.0137486968439
571000000,-0.0174062406809,-0.121890947549,-0.0610545666427,-0.059080966338,0.000208080970208,-41.4385219847,2.78732594192e-19,-0.0137515775882
610000000,-0.017363292544,-0.122032337707,-0.0610528931037,-0.0592147181669,9.35762575267e-05,-41.4365636262,2.78718489974e-19,-0.0137538515016
651000000,-0.017368688881,-0.1220142912,-0.0610532527846,-0.059188397067,0.000108154258904,-41.4368501534,2.7872020475e-19,-0.0137554369745
691000000,-0.0173709003775,-0.122006767913,-0.0610534727429,-0.0591730390449,0.000114180609622,-41.4369859418,2.78720875573e-19,-0.0137582749156
728000000,-0.0173802355627,-0.121975795783,-0.0610539763172,-0.0591351329838,0.000139063483126,-41.4374317077,2.78723885157e-19,-0.0137619562498
769000000,-0.0173876910061,-0.121951058231,-0.0610543852376,-0.0591044410996,0.000158832572025,-41.4377763219,2.78726287936e-19,-0.0137668116653
804000000,-0.0173910365538,-0.121939899724,-0.0610546085352,-0.0590881600442,0.000167587069601,-41.4379227286,2.78727352543e-19,-0.0137728196229
864000000,-0.0173911117434,-0.12193954557,-0.0610546843776,-0.0590833347434,0.000167587881725,-41.4379131567,2.78727351502e-19,-0.0137799085774
903000000,-0.0173945173199,-0.121928222066,-0.0610548923316,-0.0590679667155,0.000176453125011,-41.4380522135,2.78728445923e-19,-0.0137878576556
937000000,-0.015003344917,-0.105136702503,-0.0526521328787,-0.0509333445539,-2.81777387993e-05,-35.7353421939,2.40375828841e-19,-0.0119069191306
981000000,-0.00887248368598,-0.0620048351456,-0.0310802591105,-0.0300322155073,-0.000222240782819,-21.0957341288,1.41906397376e-19,-0.00706507216197
1014000000,0.000117032898538,0.00130003885049,0.000571066795614,0.000652702306298,-0.000395739250544,0.383982321983,-2.57518251104e-21,4.31521554616e-05
1050000000,0.00975054532157,0.0690919917925,0.0344737695819,0.0335041843722,-0.0005710299614,23.3916127171,-1.57335212652e-19,0.00765699082161
1103000000,0.0173010147001,0.122241584644,0.061053361615,0.0592590927187,0.000137490422142,41.4284740087,-2.7869523713e-19,0.0136226755532
1139000000,0.0173036763494,0.1222328188,0.0610534370463,0.0592524621866,0.000129946193625,41.4286378247,-2.78696123727e-19,0.013611186995
1177000000,0.0173060648657,0.122224945214,0.0610535032365,0.05924657845,0.000123096612921,41.4287924806,-2.786969207e-19,0.0135996945633
1208000000,0.0173079955059,0.122218572303,0.061053552585,0.0592420397446,0.00011743186838,41.4289296157,-2.78697567711e-19,0.0135884200713
1249000000,0.0173095617051,0.122213392089,0.061053589444,0.0592385146675,0.000112707108464,41.429053383,-2.78698094841e-19,0.0135776162639
1295000000,0.0171825649083,0.121305113803,0.0606013807985,0.0587981609231,-2.32945468605e-05,41.122429258,-2.76629567937e-19,0.0134658931839
1334000000,0.0161271957879,0.113861883698,0.0568813310569,0.0551908861378,-0.000153462476132,38.598150161,-2.5964358164e-19,0.0126202422423
1374000000,0.0147019770793,0.103816382063,0.0518598237566,0.0503226473271,-0.000276647306712,35.1906560274,-2.3671666721e-19,0.0114832654393
1414000000,0.0130514836281,0.0921865176167,0.0460458350407,0.0446867658963,-0.000393044549569,31.2453518325,-2.10172282948e-19,0.0101695620825
1456000000,0.0118052968988,0.0834050094695,0.041655821428,0.040431476204,-0.000501989902195,28.2663841329,-1.9012852526e-19,0.00917809768806
1491000000,0.0109201492825,0.077168204924,0.0385377874447,0.0374097897533,-0.000603754941458,26.1506029804,-1.75891507379e-19,0.00847476514757
1527000000,0.0103148729912,0.0729027514438,0.0364053485389,0.0353435365429,-0.000699322360032,24.7036622746,-1.66153896376e-19,0.00799553734752
1565000000,0.0104422749706,0.0737936648071,0.0368515851463,0.0357757635188,-0.000789225713,25.0066739818,-1.68188115733e-19,0.00809890067106
1621000000,0.0111414248114,0.0787128933361,0.0393116232507,0.0381606903198,-0.000872755730966,26.6762913478,-1.79415450842e-19,0.00865780121367
1646000000,0.0123578895828,0.0872320396124,0.0435785840576,0.0422854152639,-0.000961867793602,29.5722158843,-1.98892267681e-19,0.00962618939919
1696000000,0.0140205438061,0.0989525845012,0.0494365872807,0.0479691761518,-0.00103036387938,33.5477327343,-2.25631351272e-19,0.0109555345026
1728000000,0.0160318463465,0.113120944155,0.056519693407,0.0548379857856,-0.00109592879254,38.3546321505,-2.57963241266e-19,0.0125636009488
1755000000,0.0173195191797,0.122180258032,0.0610537064753,0.0592223769622,7.9433069086e-05,41.4301450681,-2.78701522016e-19,0.0135990992717
1804000000,0.0173164145723,0.122190495576,0.0610535630616,0.0592333946178,8.75482222495e-05,41.4300154394,-2.78700514167e-19,0.013620457136
1848000000,0.0173140905167,0.122198281388,0.0610534577449,0.0592418985983,9.46070878662e-05,41.4298237171,-2.78699746283e-19,0.0136444041328
1888000000,0.0173174032703,0.122187506015,0.0610535905242,0.0592317232753,8.69093344891e-05,41.4298606596,-2.7870082516e-19,0.0136699997582
1932000000,0.0173166174672,0.122190216513,0.0610535492772,0.0592351605492,8.98383951435e-05,41.4297422139,-2.78700561483e-19,0.0136966333897
1967000000,0.0173148876109,0.122196008139,0.0610534679536,0.0592416814058,9.49860504231e-05,41.4296128527,-2.78699987826e-19,0.0137237435684
2014000000,0.0173142938824,0.122198041109,0.0610534328671,0.059244493134,9.69877334998e-05,41.4295468563,-2.78699788009e-19,0.0137508136848
2048000000,0.0173151242674,0.122195380886,0.0610534582169,0.059242559395,9.52334264815e-05,41.4295414776,-2.78700054851e-19,0.0137774973599
2102000000,0.0173166963009,0.122190284154,0.0610535162994,0.0592380986049,9.16070986704e-05,41.4295590834,-2.78700564013e-19,0.0138033037075
2128000000,0.0173184533138,0.122184587109,0.0610535838256,0.0592329515577,8.75943252475e-05,41.4295743608,-2.78701132707e-19,0.0138277956301
2168000000,0.0173197800939,0.12218031387,0.0610536344743,0.0592291659098,8.47945735495e-05,41.4295628075,-2.78701560409e-19,0.0138503032116
2212000000,0.0173207630992,0.122177178851,0.0610536709706,0.0592265120995,8.29540268401e-05,41.4295311458,-2.78701875225e-19,0.0138703433487
2243000000,0.0173206842111,0.122162449075,0.0610489596366,0.0592168246853,0.000225093058002,41.4261047482,-2.78685552616e-19,0.0138859819681
2298000000,0.0173228525397,0.122170500423,0.0610537502959,0.0592207028762,7.8975073084e-05,41.4294682398,-2.78702547577e-19,0.0139006093705
2327000000,0.0173235262146,0.122168383903,0.0610537750749,0.059218985223,7.7972550296e-05,41.4294204553,-2.78702761496e-19,0.0139098617536
2379000000,0.0173241162614,0.122166536538,0.0610537971637,0.0592174698638,7.71596608628e-05,41.4293714808,-2.7870294904e-19,0.0139147977898
2410000000,0.0173247926626,0.122164397925,0.0610538229724,0.0592156443316,7.6064491702e-05,41.4293316768,-2.78703165232e-19,0.0139144726974
2451000000,0.0173258961569,0.122160844392,0.0610538665625,0.0592123974328,7.37725627181e-05,41.429317405,-2.78703521565e-19,0.0139087840425
2493000000,0.0173269194907,0.122157542309,0.0610539061115,0.0592094072161,7.15935553275e-05,41.4293082461,-2.78703854316e-19,0.0138977680695
2525000000,0.0173281973914,0.122153389141,0.0610539560608,0.0592055641319,6.86289364441e-05,41.429321994,-2.78704270598e-19,0.0138798894869
2579000000,0.0173303925837,0.122146198676,0.0610540458935,0.059198580439,6.31255053721e-05,41.4293880758,-2.78704986438e-19,0.0138558989967
2615000000,0.0173329380187,0.122137832527,0.061054150916,0.0591903416651,5.65368941045e-05,41.4294845098,-2.78705819205e-19,0.0138257447806
2650000000,0.0173349839075,0.122131087767,0.0610542337232,0.0591837350724,5.10753413886e-05,41.4295763192,-2.78706493239e-19,0.0137894752862
2688000000,0.0173361088087,0.122127352784,0.0610542761243,0.0591801818133,4.78442381099e-05,41.4296462966,-2.78706870682e-19,0.0137470454404
2727000000,0.0173371658991,0.122123820608,0.0610543145974,0.0591768631599,4.46008898614e-05,41.4297329228,-2.78707227091e-19,0.0136992997863
2768000000,0.017339002681,0.122117700639,0.0610543854171,0.059170966171,3.91045204809e-05,41.4298752954,-2.78707836855e-19,0.0136462533305
2785000000,0.0173452651671,0.122096974858,0.0610546423602,0.0591504041907,2.16865665151e-05,41.4302354002,-2.78709893277e-19,0.013591139358
2849000000,0.0173413735394,0.122109706769,0.061054472944,0.0591634388134,3.10176472971e-05,41.4301710213,-2.78708615589e-19,0.0135302796201
2886000000,0.0172904892134,0.121726463964,0.060866828002,0.0589740269412,-3.04408002203e-05,41.3030631033,-2.77850559965e-19,0.0134234221314
2940000000,0.0170431579501,0.119967621619,0.0599901327197,0.0581191823003,-8.96349038167e-05,40.7083608946,-2.73846930784e-19,0.0131597900167
2977000000,0.0170161475522,0.119811232906,0.0599145569993,0.0580339532055,0.00308434196839,40.6530479735,-2.73610156276e-19,0.0130713774187
3017000000,0.0172183926109,0.121175419651,0.0606130585781,0.0586729549253,0.00563712853882,41.1238972421,-2.76887783137e-19,0.0131531506955
3053000000,0.0172532165853,0.121451998922,0.0607517178311,0.0588020982356,0.00776678546986,41.2153731636,-2.77593258906e-19,0.0131061083915
3081000000,0.0171438062764,0.120741603408,0.0603912609432,0.0584595552396,0.0095205932612,40.9687128656,-2.76006825641e-19,0.0129442002795
3125000000,0.0169181348081,0.119193589445,0.05961428346,0.0577094068574,0.010942661303,40.4399126134,-2.72508059724e-19,0.0126873520477
3165000000,0.016776894901,0.118216851018,0.0591260696656,0.0572335089617,0.0120896655516,40.1074821739,-2.70318583952e-19,0.0124960441587
3204000000,0.0167082912723,0.117742529881,0.058889974955,0.0570006557384,0.0130102790804,39.9464516061,-2.6927246286e-19,0.0123638951975
3241000000,0.0166173490838,0.117114090964,0.0585758305185,0.0566945084648,0.0137481895136,39.7326840484,-2.67863709415e-19,0.0122190149706
3292000000,0.0165015040805,0.116317496456,0.0581760315333,0.056308806739,0.0143322317941,39.4609795751,-2.66058506642e-19,0.0120618568173
3329000000,0.0163669168188,0.11539463987,0.0577118491597,0.0558634626058,0.0147936984869,39.1457366158,-2.63955062393e-19,0.0118989726683
3372000000,0.0163063106074,0.114992610417,0.0575078362229,0.0556710242995,0.0151525781472,39.0071843995,-2.63035762289e-19,0.0118058738749
3413000000,0.0163136952394,0.115068297635,0.0575426213279,0.0557104909402,0.0154225910055,39.0308007372,-2.63203546129e-19,0.0117805643187
3448000000,0.0163112363951,0.115071222042,0.0575407760819,0.0557151805292,0.0156446543601,39.0278282351,-2.63201451099e-19,0.011761028652
3487000000,0.0162785784719,0.115051833153,0.0574968923822,0.0557438260048,0.0158486523507,38.9975087871,-2.63003653064e-19,0.0117493792712
3487000000,0.0162480527153,0.114913468967,0.0574153331405,0.0556944273342,0.0159660102332,38.9421049373,-2.62634109267e-19,0.0117491301095
3573000000,0.0162133611049,0.114683434668,0.0572980575384,0.0555903231943,0.016030066719,38.8626141248,-2.62101140724e-19,0.0117599217235
3610000000,0.0161714699716,0.114386509449,0.0571499142829,0.0554501308444,0.0160584396966,38.762173106,-2.61426279743e-19,0.0117842011889
3648000000,0.0159963155128,0.113174899866,0.0565433528741,0.0548638407885,0.0171754227196,38.349160075,-2.58695432443e-19,0.0117205361059
3690000000,0.0156995794745,0.111077920233,0.0554983861123,0.0538432548292,0.0180688657494,37.6389800829,-2.53956186688e-19,0.0115702157436
3733000000,0.0153022777212,0.108295932861,0.0541069132038,0.0524942694948,0.0187864040753,36.6944387346,-2.47628884821e-19,0.0113506395869
3771000000,0.0149076017806,0.105475313902,0.0527047491681,0.0511176346653,0.0193498431433,35.7419263032,-2.4124812707e-19,0.0111331617936
3834000000,0.0145098369286,0.102709601507,0.0513171876803,0.0497808095396,0.0198029113892,34.7994315096,-2.34928541097e-19,0.0109205285697
3846000000,0.014222341043,0.100678071837,0.0503034337218,0.0487931810652,0.0201464826316,34.1109352114,-2.3031263878e-19,0.0107915623694
3913000000,0.0140329674453,0.0993544603402,0.049640662153,0.0481518656474,0.0204099146669,33.660759196,-2.27295850315e-19,0.0107408545209
3929000000,0.0139408875356,0.0986511667913,0.0492984445935,0.0478008686395,0.0205799713934,33.4282928029,-2.2574063698e-19,0.0107603100958
3970000000,0.0138841726592,0.0982346221434,0.0490932430572,0.047595481553,0.0206920093737,33.2888032531,-2.2480804693e-19,0.010807888346
4005000000,0.0138509203192,0.0979897132251,0.0489726816115,0.0474746014098,0.0207615355781,33.2067608916,-2.24260221434e-19,0.0108713158899
4045000000,0.0138004266126,0.0976326558693,0.0487944111902,0.0473011409799,0.0207903734385,33.0855743176,-2.23447338856e-19,0.0109169085379
4085000000,0.0137336480175,0.0971682721869,0.0485611776552,0.0470770732397,0.0207845634065,32.9271123454,-2.2238219344e-19,0.0109438769802
4128000000,0.0136549938,0.0966195466654,0.0482858132173,0.0468121573607,0.0207499271814,32.7400900644,-2.21123739321e-19,0.0109541862719
4170000000,0.0135526782109,0.0959002535594,0.0479257429598,0.0464640505991,0.020688466708,32.495619051,-2.19477768543e-19,0.0109367492861
4205000000,0.013430992457,0.095040461708,0.0474960414094,0.0460472726974,0.020605825521,32.2039243178,-2.17513296671e-19,0.0108936745363
4235000000,0.0133059993563,0.0941547842803,0.0470537762804,0.0456176093092,0.0205045993834,31.9037314106,-2.15490895755e-19,0.0108364910972
4300000000,0.0131792405411,0.0932549025455,0.0466046631301,0.0451808421719,0.0203883432909,31.5989172529,-2.1343676307e-19,0.0107654642483
4331000000,0.0130514705462,0.0923440356472,0.0461511932632,0.0447375875394,0.0202449664093,31.2926752994,-2.11362796711e-19,0.0106805223154
4366000000,0.0129019173092,0.0911360512517,0.045572221054,0.044127148756,0.0200657147028,30.9002927605,-2.08717206973e-19,0.0105535458457
4415000000,0.0127105431313,0.0897416791435,0.0448822772333,0.0434443576415,0.0199081178993,30.4322174953,-2.05563253407e-19,0.0103840995094
4453000000,0.0124824716606,0.0881512135504,0.0440840947733,0.0426768222699,0.0197615101655,29.8906537309,-2.01914166509e-19,0.010176492536
4497000000,0.0122276173981,0.0863742654338,0.04319231438,0.0418192515813,0.0196117015039,29.2855800192,-1.97837627227e-19,0.00993410035781
4529000000,0.0119520473161,0.084439444813,0.042223584398,0.0408831410655,0.0194551723065,28.6283963137,-1.93409901048e-19,0.00966343484255
4573000000,0.0116905712336,0.0825904938235,0.0412999754296,0.0399864283974,0.0192954333699,28.0018420959,-1.89188342807e-19,0.00939572659577
4607000000,0.0114414553928,0.0808311195628,0.0404207439664,0.0391335440863,0.0191366874681,27.4054045372,-1.85169356664e-19,0.00913323814363
4654000000,0.0112481299117,0.0794803241445,0.0397432393075,0.0384812739628,0.0189844704981,26.9458348138,-1.82071139351e-19,0.00891428452256
4688000000,0.0111048084054,0.0784966750547,0.0392468480599,0.0380094364319,0.0188388346698,26.6091280937,-1.79799579232e-19,0.00873670324645
4726000000,0.0110015217123,0.0777954699692,0.0388917309515,0.0376744249015,0.0186922183202,26.3686745287,-1.78173097462e-19,0.00859347956763
4772000000,0.0109582237573,0.0774866787501,0.0387376655279,0.0375246862116,0.0185433464586,26.2644922117,-1.77464887849e-19,0.00849976337273
4810000000,0.0109637413034,0.077532769953,0.0387592139833,0.0375487896363,0.0184011400139,26.2794281386,-1.77558303548e-19,0.0084507194095
4850000000,0.0109246713247,0.0772616958392,0.0386209017833,0.0374220570494,0.0175465050843,26.1868685902,-1.76897619328e-19,0.00837304365116
4890000000,0.0108422694536,0.076706599968,0.0383374423416,0.0371606086281,0.0168159834961,25.9956657516,-1.75578135543e-19,0.00827108106091
4932000000,0.0107278009886,0.0758951585069,0.037931056133,0.0367694596318,0.0161810014909,25.7209217671,-1.73701440437e-19,0.00815201862901
4967000000,0.0105917786781,0.0749203538623,0.0374450941534,0.0362968190019,0.01563129172,25.392034203,-1.71464650649e-19,0.00802667854136
5003000000,0.0104379368573,0.0738216190733,0.036897091783,0.0357640831186,0.015156676959,25.0209142099,-1.6894717628e-19,0.00790025730948
5057000000,0.0102695518325,0.072628091214,0.0363006070274,0.0351863418831,0.0147489401095,24.6167775746,-1.66210493363e-19,0.0077769896892
5109000000,0.0100901013709,0.0713645894498,0.0356679662129,0.0345757164467,0.0143958483464,24.188008939,-1.63310445792e-19,0.00765973182387
5142000000,0.00990651385264,0.070011548217,0.0350005667392,0.0339114052669,0.0140782078036,23.7356528322,-1.60254317123e-19,0.0075513564345
5178000000,0.00973801264875,0.0688593637157,0.0344182007106,0.0333599310304,0.0138191923502,23.3408067142,-1.5758623731e-19,0.0074747779694
5215000000,0.00959519150877,0.0678826485598,0.0339245139549,0.0328924433379,0.0135920574822,23.0060587119,-1.55324156767e-19,0.00743375448807
5258000000,0.00944337678215,0.0668371986875,0.0333973987826,0.0323906169498,0.0133921726859,22.6485564284,-1.52910486814e-19,0.00739946933056
5288000000,0.0092844375923,0.0657305206798,0.0328415197497,0.0318571801305,0.0132122983911,22.2714827361,-1.50366402947e-19,0.00737315052477
5330000000,0.00911994135705,0.0645696560519,0.032260561156,0.0312960232469,0.0130620639538,21.8760298761,-1.47708400797e-19,0.00735314299862
5368000000,0.00895539670243,0.0634832396936,0.031705069446,0.0307837057075,0.012934328119,21.4990649151,-1.451665565e-19,0.00735091136262
5412000000,0.00880843752072,0.0624202916064,0.0311778125797,0.0302664038479,0.0127937131854,21.1415475019,-1.42755550584e-19,0.00736605745135
5448000000,0.00868141714217,0.0614556472097,0.0307066233817,0.0297893819989,0.0126512725995,20.8220923314,-1.40601381632e-19,0.0074000457718
5502000000,0.00856845366375,0.0606005248237,0.0302884848796,0.0293666271181,0.0125204672285,20.5385261942,-1.38689499512e-19,0.00744895835068
5546000000,0.00846144592937,0.0598898341866,0.0299258643533,0.0290301904303,0.0124238254617,20.2925786326,-1.37029896752e-19,0.00750714426132
5576000000,0.00837891625305,0.0592292578376,0.0296082292758,0.0286976866304,0.0123006732788,20.0771145992,-1.35577326265e-19,0.00757104699815
5615000000,0.00831187633751,0.0587021981915,0.0293533956035,0.0284336694385,0.012186248029,19.9042986949,-1.34411230286e-19,0.0076376006267
5651000000,0.00819227547149,0.0578127872895,0.0289161337241,0.0279949728312,0.012075056392,19.6076709259,-1.32412289263e-19,0.00764915956356
5683000000,0.00802483910097,0.0565926116089,0.0283125150359,0.0273968886117,0.0119662733234,19.1981717964,-1.29653912631e-19,0.00760763249902
5727000000,0.00781456720056,0.0550759338005,0.0275597867462,0.0266560550787,0.0118606078047,18.6874112202,-1.26214829836e-19,0.00751403201691
5777000000,0.00765281952687,0.0539203218096,0.0269844604619,0.0260934797282,0.011759533605,18.2971126513,-1.23585394333e-19,0.00744127820635
5810000000,0.00753999892018,0.0531154929846,0.0265834614418,0.0257021114799,0.0116618683821,18.0249928614,-1.21751682238e-19,0.00738902602466
5852000000,0.00744653124135,0.0524627676252,0.0262559688714,0.0253870690059,0.0115678601072,17.8028537568,-1.20253368618e-19,0.00733583709854
5902000000,0.0073703531153,0.0519296279249,0.0259885883869,0.0251297131139,0.0114750434253,17.6214154875,-1.19029495367e-19,0.0072767897067
5942000000,0.00730882806563,0.0515000319458,0.0257729541836,0.0249225482013,0.0113823254249,17.4751875595,-1.18041877296e-19,0.00721356324148
5966000000,0.00725068532954,0.0510828333754,0.0255648309933,0.0247201123164,0.0113030668489,17.3325021932,-1.1708831377e-19,0.00713571026543
6003000000,0.00718747963286,0.0506924728019,0.0253604818792,0.0245399593459,0.0112256991661,17.193919641,-1.16151471161e-19,0.00704360168626
6039000000,0.00713034536199,0.0501765880119,0.0251209240126,0.0242713781015,0.0111053796212,17.0317359271,-1.1505636362e-19,0.00693049967874
6084000000,0.00705749451729,0.049610142768,0.0248462016387,0.0239885401924,0.0110030082316,16.8454579014,-1.13799945342e-19,0.00679809413616
6126000000,0.00697506491956,0.0489888554936,0.0245419636904,0.0236812932222,0.0109059607266,16.639026822,-1.12408648365e-19,0.00664590509715
6170000000,0.00687190638842,0.0482479230629,0.0241735977657,0.0233203731452,0.0108167834763,16.3890288918,-1.10724274196e-19,0.00646645844989
6208000000,0.00673750237777,0.0473065306117,0.0237023406696,0.0228646447284,0.0107191761789,16.0706639415,-1.08570342282e-19,0.00624987687455
6257000000,0.00668057100164,0.0468295654983,0.0234762180157,0.0226176876206,0.0106135932829,15.9174804364,-1.07536033555e-19,0.00607442081063
6291000000,0.0066813245832,0.0468311273584,0.0234775009667,0.0226138184335,0.0105290415516,15.9183721629,-1.0753875488e-19,0.00593517960538
6334000000,0.00672714392876,0.0471897788109,0.0236508004727,0.0227903432542,0.0104560117953,16.0359357396,-1.08326249648e-19,0.005822725644
6375000000,0.00673607590802,0.0472858294,0.0236930008985,0.022840554894,0.0103912675828,16.0638816705,-1.08515287135e-19,0.00567102793377
6410000000,0.00670228679775,0.0471163983971,0.0235970782501,0.0227685276192,0.0103266497161,15.9992411549,-1.08073785494e-19,0.00548262790093
6455000000,0.00664927855047,0.0467334326848,0.0234071888862,0.022580694482,0.010244793035,15.8709748425,-1.07204612117e-19,0.0052726919969
6485000000,0.00657095104834,0.0461497663405,0.0231205680735,0.0222925113234,0.0101619593662,15.6769761567,-1.05894318628e-19,0.00504426182475
6550000000,0.00647115231773,0.0454357520989,0.0227653466352,0.0219448156228,0.0100879571536,15.4363294178,-1.0427069226e-19,0.0048060459624
6571000000,0.0063102858907,0.0443453328531,0.0222131587151,0.021423619361,0.0100323905059,15.0619395646,-1.01747316013e-19,0.00453360077005
6611000000,0.00611297598891,0.0429880339879,0.021528818071,0.0207717916474,0.00998834864587,14.5967618757,-9.86206005465e-20,0.00424069788705
6649000000,0.00591560450059,0.0416576624046,0.0208537114602,0.0201374052334,0.00994947435637,14.1385144672,-9.55359603688e-20,0.00396362675526
6686000000,0.00572526592956,0.0403401930893,0.0201911518355,0.0195030631123,0.00990285639586,13.6890882079,-9.25093218073e-20,0.00370608435454
6725000000,0.00554312410331,0.0390293938438,0.0195402583542,0.0188634665003,0.00984735813212,13.2475616462,-8.95367339324e-20,0.00347007555926
6771000000,0.00538518090385,0.0377744217664,0.0189360847223,0.0182318512574,0.00976428370427,12.8379877936,-8.67792492532e-20,0.00326285610233
6818000000,0.00523739697064,0.0367412273545,0.018418146827,0.0177326710075,0.00972517538715,12.4865028432,-8.44133661171e-20,0.00309527592311
6850000000,0.00512571898325,0.0359703302997,0.018030077203,0.0173618742183,0.00969002850695,12.2232192905,-8.26403241467e-20,0.00297738481411
6892000000,0.00504497309924,0.035415525693,0.0177503523332,0.0170954808652,0.00965625959644,12.0334998769,-8.13619639776e-20,0.00290166605457
6932000000,0.00499019799635,0.0350368354802,0.0175597605852,0.0169133934576,0.00962348928225,11.9041823849,-8.04906234874e-20,0.00286137531514
6977000000,0.00495045032205,0.034764142565,0.0174223369075,0.0167827856039,0.00946208335183,11.8124940563,-7.98584178424e-20,0.00284840590367
7011000000,0.00493018697672,0.0345401308256,0.017323272217,0.0166612957746,0.00930939845105,11.7454776487,-7.94027334414e-20,0.00285543237953
7057000000,0.0049198107931,0.0344697247799,0.0172873074027,0.0166282569019,0.00919770753932,11.721102188,-7.92346268315e-20,0.00288942965835
7090000000,0.00492085155414,0.034506125585,0.017300127546,0.0166516972612,0.00911583352552,11.7288598956,-7.92890623236e-20,0.00294442709108
7136000000,0.00492930345536,0.0346341395629,0.0173526639026,0.0167258262454,0.00904657356341,11.764480102,-7.95248708825e-20,0.00301921299587
7171000000,0.00490845857555,0.0344892404779,0.0172797154274,0.0166564033587,0.00896876307175,11.7151409938,-7.91891339532e-20,0.00307791913527
7203000000,0.00485652326993,0.0340901184132,0.0170854664764,0.0164577887024,0.00888984356024,11.5835430382,-7.83004663981e-20,0.00312078798783
7268000000,0.00478621426255,0.0335612134042,0.0168263935314,0.0161961392306,0.00881770217478,11.4078822651,-7.71161140571e-20,0.00315933129156
7291000000,0.00470106838829,0.0329451876255,0.0165209188327,0.0158951105225,0.00875560386653,11.2006484234,-7.5719871929e-20,0.00319434495788
7326000000,0.0046029759828,0.0322527745964,0.0161749477923,0.0155593656407,0.00869908693537,10.9661975323,-7.4138792781e-20,0.00322497041814
7382000000,0.00450273724161,0.0315324155172,0.0158169186834,0.0152081297946,0.00864746223991,10.7230343257,-7.25028019354e-20,0.00325438728204
7437000000,0.00439887139587,0.0308127040425,0.0154549373489,0.0148615698035,0.00860488990053,10.4771679429,-7.08484810293e-20,0.00328166496874
7446000000,0.00428156685845,0.0300013448575,0.0150466693251,0.0144710612677,0.00856375088473,10.1999512571,-6.89828752776e-20,0.00329546739925
7507000000,0.00415406844949,0.029105522913,0.0145982541519,0.0140375360534,0.00852022593433,9.89553097155,-6.69342163388e-20,0.00329559165061
7535000000,0.00401807976859,0.0281409837046,0.0141169425239,0.0135692259969,0.00847545039914,9.5687882447,-6.47355506104e-20,0.00328253782492
7572000000,0.00389932687229,0.0272961336348,0.0136957457772,0.0131586435148,0.00843079109719,9.28282292515,-6.28113460769e-20,0.00327478433153
7604000000,0.00380816782328,0.0266476637665,0.013372394874,0.0128435805029,0.00838691950675,9.06323727366,-6.13337797783e-20,0.00327993372399
7645000000,0.00372655869047,0.0260691654923,0.0130835796554,0.0125628711642,0.00834319176595,8.86707630681,-6.00138048683e-20,0.00328201204683
7688000000,0.00365234088375,0.0255363298376,0.0128183225147,0.0123099666031,0.00829719904541,8.68699875585,-0.1,-0.0167211053839
7726000000,0.00362429789656,0.024914643178,0.0125805296221,0.0118260989307,0.00812343917411,8.52610548597,-0.1,-0.0367443736746
7726000000,0.00358582066484,0.02445880653,0.0123925525367,0.0112444543619,0.00801723998395,8.39467542476,-0.1,-0.0567832883695
7806000000,0.00351675130442,0.0242914798632,0.0122728837678,0.0106768117999,0.00803127628535,8.3068650511,-0.1,-0.0768423151503
7852000000,0.00336706721536,0.0246535958413,0.0122438588225,0.0103763384998,0.00834673029553,8.27674354277,-0.1,-0.0969087502098
7892000000,0.00291967296983,0.0261556333166,0.0122573765061,0.0110853822599,0.00951428606576,8.27104613103,-0.1,-0.1169303469
7929000000,0.00275875647227,0.026956058787,0.0123711124982,0.0108340219418,0.00997991414553,8.33614214528,-0.1,-0.136804665153
7971000000,0.0026024534689,0.0276321788033,0.0124415188084,0.0107267346033,0.0104609330911,8.37486959563,-0.1,-0.156479120402
8003000000,0.00249594943632,0.0278735407373,0.0124149512852,0.0106156788941,0.010777025363,8.35459429908,-0.1,-0.175878053339
8046000000,0.00231261495324,0.0282352092846,0.0123444789686,0.0104824764449,0.0113851872423,8.29963103179,-0.1,-0.194764770815
8091000000,0.00218210880141,0.0284036077893,0.0122626104667,0.0104192200132,0.0119450783773,8.241814248,-0.1,-0.213096306686
8128000000,0.00219255128198,0.02808576751,0.0121761154012,0.0100257228859,0.012185647588,8.1868084292,-0.1,-0.230690703893
8173000000,0.00210595558306,0.027865218516,0.0120034017115,0.00998948248788,0.0128102622517,8.06914187925,-0.1,-0.247419471981
8221000000,0.00207290309491,0.0272447174743,0.0117498560349,0.0099639126195,0.0133056711022,7.90718050709,-0.1,-0.263135768226
8250000000,0.00202713382426,0.0264562914013,0.0114235875024,0.00983964255838,0.0139630098189,7.68987748744,-0.1,-0.27779276222
8284000000,0.00208137505389,0.0251593906683,0.0110297100742,0.00973292574786,0.0143866979267,7.44015102281,-0.1,-0.291345083458
8340000000,0.00210960900645,0.0237939786264,0.0105881494608,0.0093792975855,0.0149673200874,7.14963988756,-0.1,-0.303657293196
8372000000,0.00225406769168,0.0223905511267,0.0102580113799,0.00924255488317,0.0154066527382,6.94454688409,-0.1,-0.314695333663
8428000000,0.00231321497249,0.0215242558924,0.0100144712854,0.00938049538175,0.0162319876623,6.79038233394,-0.1,-0.325114834991
8458000000,0.00241780828384,0.0208252418357,0.00988738926183,0.00936362458594,0.0170595257274,6.71657479894,-0.1,-0.333420044129
8496000000,0.00263581654761,0.0197980721178,0.00976634701362,0.00948081313905,0.0176871709126,6.65493946494,-0.1,-0.340438720089
8528000000,0.00279805469601,0.0189665942012,0.00965350534719,0.0095149056631,0.0185580721987,6.58925145607,-0.1,-0.346234895017
8574000000,0.00301986702088,0.0178750592311,0.0095175253549,0.00952946918163,0.0192507241477,6.51807273395,-0.1,-0.350778647132
8608000000,0.00311514509017,0.0171262777873,0.00936462718267,0.00938944400291,0.0203399705164,6.41993189106,-0.1,-0.354126900762
8660000000,0.00328207436865,0.0158220713278,0.00909829707204,0.00917592014721,0.0211373120304,6.25714296781,-0.1,-0.35636473904
8699000000,0.00324538349238,0.014899487369,0.00874002566462,0.0089114150796,0.0224423448558,6.01652286437,-0.1,-0.357667848737
8727000000,0.00327937770698,0.0134595483755,0.0082840816158,0.00845723513594,0.0234571488148,5.71946918266,-0.1,-0.357914711191
8774000000,0.00323735921643,0.0124386827062,0.00789167528478,0.00798825797137,0.0247184777181,5.45597526751,-0.1,-0.357240939485
8811000000,0.00323025102959,0.0114897395401,0.0075616717019,0.00761049297567,0.0259076493235,5.23787267835,-0.1,-0.355736212879
8852000000,0.00317692734536,0.0108078534574,0.00727480875334,0.00724422861211,0.0271979718288,5.04582599213,-0.1,-0.353480675654
8900000000,0.00309930033876,0.0103093715777,0.00702471035859,0.00689788220511,0.028557232264,4.87455293247,-0.1,-0.350611404442
8938000000,0.00303658835493,0.00984757943455,0.00680338184257,0.00660320377207,0.0298497589898,4.72551529671,-0.1,-0.347224098558
8978000000,0.00292896936027,0.00960867177097,0.00661086597517,0.00629220271207,0.0312386683849,4.59042004714,-0.1,-0.343386300443
9015000000,0.00285130729778,0.0093430887496,0.006441300679,0.00602807840169,0.0325072639961,4.47405810375,-0.1,-0.339214380605
9054000000,0.00274573328527,0.00927290161807,0.00630933676839,0.00577260646306,0.0338132442608,4.37969977669,-0.1,-0.334768608427
9091000000,0.00265645125705,0.00924273319673,0.00620850706032,0.00556184734464,0.0350380883456,4.30761530378,-0.1,-0.330149627712
9134000000,0.00255402667416,0.0093300544973,0.00613387110838,0.00537526411438,0.0362660011168,4.25184416561,-0.1,-0.32542539236
9170000000,0.00245316151211,0.00946482714277,0.00607668761813,0.00521725212063,0.0374429229842,4.2074072882,-0.1,-0.320671906134
9210000000,0.00235359852883,0.00963545353448,0.00603265194726,0.00510153958821,0.0385597449276,4.17312394414,-0.1,-0.315954862849
9248000000,0.00221953221558,0.00968751205321,0.00591100460504,0.00487918811366,0.039633210636,4.08554896382,-0.1,-0.311364293233
9285000000,0.00206105609526,0.00964462758936,0.0057304821853,0.00456582040918,0.0406807482211,3.95600416603,-0.1,-0.306926411901
9344000000,0.00190403558255,0.00943245931492,0.00549231798383,0.004230600455,0.0416210619279,3.79006533293,-0.1,-0.302730022254
9370000000,0.00173590898228,0.00926553412836,0.00525818989667,0.00386138175156,0.0425541692139,3.62423822581,-0.1,-0.298759034853
9437000000,0.00159696924647,0.00902220563862,0.00502919873777,0.00351916919119,0.0433520897766,3.46568276208,-0.1,-0.295096841528
9452000000,0.00144337351502,0.00885967376583,0.00481291341054,0.00314104057895,0.0441484511612,3.31250059707,-0.1,-0.29171772214
9491000000,0.00131656660551,0.00864479984325,0.00460660705073,0.00282461766304,0.0448344862941,3.16979369935,-0.1,-0.288699548294
9529000000,0.00106466838964,0.00887052904933,0.0044059137807,0.00285927052515,0.0458473332282,3.02611952197,-0.1,-0.286019952241
9571000000,0.0009280853914,0.00863678018336,0.00418314966641,0.00250436223836,0.0464782123187,2.87232604093,-0.1,-0.283743770353
9617000000,0.000774077645897,0.00831496792915,0.00390955183938,0.00213554441569,0.0471040138134,2.68311076225,-0.1,-0.281877816273
9643000000,0.000605620237268,0.00785861474472,0.00357267421602,0.00173084827006,0.0477146669271,2.45063113809,-0.1,-0.280432016821
9694000000,0.000434869349377,0.00726929231912,0.0031870402882,0.00130934109225,0.0482658109733,2.18804876188,-0.1,-0.279345936764
9731000000,0.000233695017419,0.00665523127832,0.00275924034475,0.000846664991792,0.0488663407423,1.89404766629,-0.1,-0.278618726892
9771000000,9.5908292543e-05,0.00622168423068,0.00246200686529,0.000555632327342,0.0493839441573,1.69268580696,-0.1,-0.278206621814
9810000000,-3.60000519327e-05,0.00609803965193,0.00227790892136,0.000370171026881,0.0499804441164,1.5648827305,-0.1,-0.278123605214
9847000000,-0.000143635489777,0.0059136425282,0.00209889034018,0.000217985692913,0.0505169642741,1.44386785014,-0.1,-0.278346123501
9894000000,-0.000271896799684,0.00577113533166,0.00191300064776,6.33003369294e-06,0.0511193140084,1.31559347965,-0.1,-0.278838319139
9929000000,-0.000378046031067,0.00554219046053,0.00171993095137,-0.000153333745712,0.0516631316474,1.185127839,-0.1,-0.279640746741
9974000000,-0.000480719481478,0.00542880016087,0.00157110752004,-0.000286915405369,0.0522494580689,1.08387948962,-0.1,-0.28067325045
10007000000,-0.000552211506749,0.00531730497735,0.00145800763906,-0.000419723417465,0.0527884444312,1.00836236446,-0.1,-0.281880164413
10044000000,-0.000618103280822,0.00530959065579,0.0013862096937,-0.000494345918843,0.0533664672409,0.960169398341,-0.1,-0.283313971699
10097000000,-0.000674365793886,0.00530528131839,0.00132654520753,-0.000557839759906,0.0539133343183,0.922276134141,-0.1,-0.284795575819
10123000000,-0.00063742387394,0.00512093531235,0.00130425939501,-0.000542225851473,0.0543109695191,0.911780770652,-7.42005464991e-21,-0.26655852335
10166000000,-0.000421860101532,0.00414262185071,0.0011958729926,-0.000433474490165,0.0542655667291,0.855779954308,-7.0429484017e-21,-0.24844759197
10207000000,-0.00016171367822,0.00280130532537,0.00101034106835,-0.00038907034854,0.0540811401688,0.752264060891,-6.33812444014e-21,-0.230428011135
10262000000,8.59421343239e-05,0.00139163127413,0.000790817091241,-0.000479904387244,0.0539318540842,0.6246558872,-5.47252408666e-21,-0.212474510884
10291000000,0.000261998914768,0.000129898268945,0.000545333487027,-0.000605321203839,0.0539653012237,0.475817104942,-4.4678205534e-21,-0.194595681506
10324000000,0.000362878983174,-0.000953718574898,0.000280532495349,-0.000778006405444,0.054196361547,0.308869951127,-3.34975388775e-21,-0.176803549856
10367000000,0.000401652470324,-0.00176704911246,4.24007990606e-05,-0.000938742148146,0.0546040114229,0.156393917844,-2.32913625255e-21,-0.159162077939
10414000000,0.000452829192025,-0.00254292890902,-0.000161127936121,-0.00133075853273,0.0549831559645,0.0241820547862,-1.4546458973e-21,-0.141726064679
10446000000,0.000349525387727,-0.00274862826813,-0.000348416658778,-0.00127481160984,0.0557951551071,-0.101850271939,-6.22662757434e-22,-0.124674381112
10489000000,0.000205315587711,-0.0028141305255,-0.00052902702715,-0.00127849751314,0.0566716123311,-0.224286806242,1.97531356084e-22,-0.1080586153
10533000000,5.48452841873e-05,-0.00284566248452,-0.00070341069694,-0.00135403011677,0.0575759762491,-0.346753053984,9.98235491725e-22,-0.0920228987966
10577000000,-6.21658172077e-05,-0.00278085224464,-0.000806599567025,-0.00138210626403,0.0583801562694,-0.417150961626,1.4709890338e-21,-0.0766535836826
10597000000,-0.000143524070221,-0.00264916968482,-0.000846497804992,-0.00144361306779,0.0591387148497,-0.448415368385,1.65665842594e-21,-0.0620786732158
10649000000,-0.00018193151809,-0.00254481963571,-0.000847604273125,-0.00149846733176,0.0597459898367,-0.449107814437,1.65703821474e-21,-0.0483386949401
10685000000,-0.000195005119637,-0.00243179749901,-0.000818614023949,-0.00154788617426,0.0603006070769,-0.431939192464,1.51756544187e-21,-0.0355635657019
10735000000,-0.000188057085742,-0.00231029077656,-0.000765374593895,-0.00153787778932,0.0607694127134,-0.394835976479,1.26119411267e-21,-0.0238720314841
10763000000,-0.000177945724039,-0.00240293530483,-0.000782240267537,-0.0016289955682,0.061149552392,-0.405419842737,1.32044948341e-21,-0.0132757411555
10810000000,-0.000172742868316,-0.00265550609735,-0.000860865961002,-0.00176347635486,0.0614814933317,-0.458612304934,1.65799432517e-21,-0.00384654931236
10840000000,-0.000180400087388,-0.00295622652606,-0.000970556275812,-0.00187582221893,0.0617654968447,-0.52894764141,2.13533275622e-21,0.00449556314895
10884000000,-0.000180949539783,-0.0033393036389,-0.0011024937429,-0.00201761133736,0.0620408445604,-0.618684126963,2.71246869807e-21,0.0116480303426
10923000000,-0.000207599428397,-0.00370138721655,-0.00125537101611,-0.00211533888775,0.0622881046872,-0.71645790814,3.38708537681e-21,0.0175771792153
10971000000,-0.000208457381279,-0.0042483957396,-0.00144382201084,-0.002330510061,0.0624949968634,-0.84343810681,4.21879075813e-21,0.0224000400879
11032000000,-0.000255302785512,-0.00474988896917,-0.00166703650475,-0.00249767532961,0.0627387068515,-0.989326331396,5.21520891939e-21,0.0260359256343
11045000000,-0.000278616310253,-0.00531546983298,-0.00188667064512,-0.00271467850858,0.0629793502854,-1.13634994134,6.19146273891e-21,0.0286832043759
11085000000,-0.000333094000151,-0.00576963734248,-0.0021020346872,-0.00287287768309,0.0632849043443,-1.27796183373,7.15467641082e-21,0.0303004606754
11125000000,-0.0003771488467,-0.00624327757109,-0.00231249744421,-0.00306064406317,0.0635984971633,-1.41822455147,8.094699645e-21,0.0309766157296
11172000000,-0.000406393992631,-0.00640526390171,-0.00239943376902,-0.00310603827922,0.0639918012274,-1.47465905735,8.47507253169e-21,0.0307820603969
11216000000,-0.000411773930778,-0.00632535914501,-0.00237614793155,-0.00304958072048,0.0644208952135,-1.45532581552,8.35366153084e-21,0.0298334641816
11245000000,-0.000415823936774,-0.00620369656323,-0.00233678327545,-0.00299134080988,0.0651164496353,-1.42795103797,8.15326599217e-21,0.0281180957499
11284000000,-0.000437285856206,-0.00600131334529,-0.00228782484401,-0.00290004503203,0.0658482285757,-1.39107636753,7.91270298529e-21,0.0257532250789
11338000000,-0.000446292372191,-0.00581175296062,-0.00222967364599,-0.00283795025535,0.0666014961098,-1.35102135599,7.6294617379e-21,0.022792758498
11397000000,-0.000493105984117,-0.00566035620194,-0.00222603808474,-0.00279195736714,0.0672843867485,-1.34541754349,7.60307295117e-21,0.0193221382266
11412000000,-0.000567008098047,-0.00556051459407,-0.00227140900016,-0.002753835649,0.0680876665218,-1.3755073844,7.80145605676e-21,0.0154247821623
11441000000,-0.000638194395039,-0.00554774695061,-0.00234130769673,-0.00279447456758,0.0689185751493,-1.41994976545,8.10786724505e-21,0.0112040264461
11489000000,-0.000708832073147,-0.00560408555318,-0.00243413567241,-0.0028854885674,0.0698302527236,-1.48196256121,8.51589427431e-21,0.006688486503
11525000000,-0.000799715892434,-0.00566320741995,-0.00255129763363,-0.00296168863222,0.0708743556113,-1.5621936018,9.03504368659e-21,0.00192513820719
11604000000,-0.000831042687126,-0.00597421853288,-0.00268391333565,-0.00326861818656,0.0717925109381,-1.65077234438,9.61182232094e-21,-0.00294407277085
11632000000,-0.000864164068275,-0.00626188407577,-0.00280962176234,-0.00354763222454,0.072728726074,-1.73119898929,1.01534983015e-20,-0.00781662145435
11655000000,-0.000955852361659,-0.0063703944929,-0.00294317844165,-0.0036356275642,0.0739053129643,-1.81949191728,1.07371416085e-20,-0.0126640314034
11681000000,-0.00108693962052,-0.00637447136147,-0.00308727283279,-0.00360343825647,0.075275946248,-1.91589878121,1.1371761738e-20,-0.0174274783534
11721000000,-0.00120893391149,-0.00642921855227,-0.00323823653777,-0.00360682274367,0.076694959591,-2.01730329763,1.20336534058e-20,-0.0220594119407
11766000000,-0.00131674985019,-0.00648272273817,-0.00337255481708,-0.00360907690492,0.078117035718,-2.10605293244,1.26158262669e-20,-0.0265115216065
11807000000,-0.00139966988644,-0.00657311475817,-0.00349107734729,-0.00365370379725,0.0795779667819,-2.18466893547,1.31199343277e-20,-0.030734995285
11846000000,-0.0014611561398,-0.00669281245396,-0.00359475299229,-0.00372248118117,0.0810726449923,-2.25159284767,1.3549186197e-20,-0.0347147844197
11886000000,-0.00150300323813,-0.0068381923003,-0.00368468302981,-0.00382606036279,0.082615505743,-2.30991814499,1.39104899058e-20,-0.0384102126403
11927000000,-0.00153310464754,-0.00699076294346,-0.00376367872972,-0.00392994301203,0.0841957860312,-2.35997367764,1.42170430508e-20,-0.04180778281
11966000000,-0.00154688205124,-0.00708044671475,-0.00380240663183,-0.0040060522224,0.0859947767788,-2.38313670629,1.43307143363e-20,-0.044885396912
11995000000,-0.00154615148372,-0.00710440422728,-0.00380253693516,-0.0040481113334,0.0878272711612,-2.38027988329,1.42658108528e-20,-0.0476225095509
12059000000,-0.00155458111307,-0.00711925119901,-0.00381003432406,-0.00406135925211,0.0897191826811,-2.38155550092,1.42325036874e-20,-0.0500193804895
12094000000,-0.00157128559526,-0.00712800228674,-0.00382547046427,-0.00406202619386,0.0916864787047,-2.39022096409,1.42353310052e-20,-0.0520869531416
12129000000,-0.00152630108763,-0.00734795770992,-0.00384978623035,-0.00393680537748,0.0935169437955,-2.39874294178,0.1,-0.0338220760989
12172000000,-0.00151271739685,-0.00749015968916,-0.0038850842504,-0.00371630783797,0.095472269734,-2.41688366976,0.1,-0.0152323596088
12209000000,-0.00155894281284,-0.0074710837385,-0.00393000448857,-0.00345828404512,0.0975856743019,-2.44169354499,0.1,0.00372134746825
12259000000,-0.00163841906515,-0.00730756105951,-0.00395908580854,-0.0032608635747,0.0998296497178,-2.45982896069,0.1,0.0230161727896
12291000000,-0.00179110395277,-0.00690482330324,-0.00396049611871,-0.00403703851797,0.10229926054,-2.47332444504,0.1,0.0425834860616
12336000000,-0.00201089577861,-0.00622561362887,-0.003966507007,-0.00370743705833,0.104959016344,-2.48341334888,0.1,0.0623874888754
12379000000,-0.00222501438669,-0.00555366957793,-0.00396680892374,-0.00343650099919,0.107603645609,-2.48977119915,0.1,0.0823300406446
12391000000,-0.00244197779627,-0.00485887564573,-0.00396279986558,-0.00316811084805,0.110280310179,-2.49578915268,0.1,0.102283620015
12467000000,-0.00267681686986,-0.00421510391964,-0.00399536172863,-0.00293076454006,0.112933807599,-2.5247526424,0.1,0.122086231472
12502000000,-0.0028422471919,-0.00388101469373,-0.00405838429968,-0.0028152115015,0.115404735587,-2.57495915446,0.1,0.141623334842
12539000000,-0.00299417511467,-0.00367945866523,-0.00415055748467,-0.00276859313469,0.117770930071,-2.64126149911,0.1,0.160693386956
12573000000,-0.00303146329383,-0.00393741487238,-0.00427521606528,-0.00287356590871,0.119818303802,-2.7281777265,0.1,0.179163497392
12619000000,-0.00304796960878,-0.004349211662,-0.00442867058277,-0.00303686322956,0.121718371625,-2.8299969138,0.1,0.196856435097
12652000000,-0.00291766745269,-0.00516431459655,-0.00456113530939,-0.0032808821623,0.123254514698,-2.91585285781,0.1,0.21370602829
12692000000,-0.00279686120969,-0.00589254598763,-0.00467396705746,-0.00347054670371,0.124748626824,-2.98558609371,0.1,0.229540705043
12735000000,-0.00257229304871,-0.00689487071104,-0.00476963432297,-0.00366212571534,0.125983702672,-3.04167250326,0.1,0.24428440356
12764000000,-0.00236261908543,-0.00790615027218,-0.00488515206852,-0.003850602721,0.127186084559,-3.11061742388,0.1,0.257820670484
12814000000,-0.00212446794351,-0.00906510693046,-0.00502118006067,-0.00404457611608,0.128254091913,-3.19075095426,0.1,0.270117321369
12857000000,-0.00184296139793,-0.0102460466701,-0.0051192919701,-0.00420002534546,0.129238661546,-3.24730075592,0.1,0.281116675601
12886000000,-0.00164155806263,-0.0110757150462,-0.00518255517158,-0.00426309334407,0.130350704402,-3.27786650681,0.1,0.290823649941
12926000000,-0.00131470950249,-0.0122080104646,-0.00521660689159,-0.00430595893691,0.131212077908,-3.28965747583,0.1,0.299174009291
12969000000,-0.00116426736935,-0.0128458775277,-0.00527182195898,-0.00426003215534,0.132408086049,-3.31602720505,0.1,0.306333111997
13021000000,-0.000910851126572,-0.0138659291355,-0.00534860882046,-0.00427618555015,0.133380283479,-3.35824921183,0.1,0.312100708744
13049000000,-0.000784117230599,-0.0145373939199,-0.00544094435691,-0.00429260146514,0.134600473211,-3.41164762431,0.1,0.316639630118
13095000000,-0.000569514514365,-0.0155217479491,-0.00554547518743,-0.00438730914319,0.135626359572,-3.4727894087,0.1,0.32010797791
13135000000,-0.000489061832516,-0.0161188339466,-0.00566166302915,-0.00446673007723,0.136952411297,-3.54614584489,0.1,0.322338987454
13171000000,-0.000373530894567,-0.0168648924227,-0.00579031956703,-0.00459452471162,0.13820106063,-3.62648445145,0.1,0.323571754038
13230000000,-0.000308607154639,-0.0174822465873,-0.00592994645362,-0.00473040783859,0.139598569837,-3.71835273233,0.1,0.323791029753
13271000000,-0.00035260054166,-0.0176347465153,-0.00603098936617,-0.00467488112,0.141339706867,-3.78717148608,0.1,0.32284216673
13283000000,-0.000266937768011,-0.0181550193432,-0.00611147443589,-0.00482892883935,0.142768532036,-3.83709189392,0.1,0.321451106645
13332000000,-0.000303492225067,-0.0182196127114,-0.00616726039567,-0.00491765688734,0.144519847913,-3.87424943367,0.1,0.319326540745
13366000000,-0.000285128685111,-0.0184756458088,-0.00623024023109,-0.00503067128882,0.14621603885,-3.91712989588,0.1,0.316568848005
13418000000,-0.000369527609232,-0.0184301124518,-0.00630046429661,-0.00511063722571,0.148172830313,-3.96676069426,0.1,0.313286540253
13454000000,-0.000415305602564,-0.0184610189908,-0.00635536766905,-0.00519089263233,0.150128449859,-4.00659156743,0.1,0.309548699019
13486000000,-0.000522748568998,-0.0182533917308,-0.00639477168538,-0.00523051906634,0.152286301237,-4.03761300203,0.1,0.305454403067
13531000000,-0.000618909491126,-0.0180431569004,-0.00642071039115,-0.00526991741791,0.154474573616,-4.05971506866,0.1,0.301095298244
13569000000,-0.000734697803168,-0.0177419615509,-0.00643622237263,-0.00530008497968,0.156773553527,-4.07572111123,0.1,0.29654683198
13611000000,-0.000979149504689,-0.0170113373886,-0.00644095391827,-0.00538366559029,0.15944209874,-4.09138969875,2.31057919031e-20,0.271893298034
13654000000,-0.000962396900712,-0.01724080817,-0.00649102027429,-0.00562851807276,0.161507538436,-4.12563036057,2.32581539571e-20,0.247172228782
13699000000,-0.000902874396523,-0.0177277345305,-0.0065836600195,-0.00591737432083,0.163501207201,-4.18665346111,2.35838612112e-20,0.222446610842
13735000000,-0.000901558927769,-0.0181374135252,-0.00671381173921,-0.00620048134662,0.165664394188,-4.27513853278,2.4093102448e-20,0.197791372276
13780000000,-0.000996196657354,-0.0183313684411,-0.00687513022923,-0.00645070728585,0.16811801075,-4.38891781659,2.47684570414e-20,0.173289187535
13807000000,-0.00119766989947,-0.0182639521155,-0.00706234021401,-0.00668373445803,0.170858851267,-4.52303106114,2.55911845428e-20,0.149039442432
13846000000,-0.00146131249924,-0.0180458077687,-0.00726546572411,-0.00690883188253,0.173832386605,-4.67146099499,2.65020784523e-20,0.125168250917
13902000000,-0.00179326325531,-0.0176542627984,-0.00748277863344,-0.00712331366553,0.17703084498,-4.8314008796,2.74953626693e-20,0.101838446419
13943000000,-0.00214909677058,-0.0172217410949,-0.00771185833676,-0.00734300843566,0.180345320126,-5.00054010931,2.85468885213e-20,0.0792236170702
13969000000,-0.00253392537785,-0.0168291144985,-0.0079869694919,-0.00757009945345,0.183796526175,-5.20135906262,2.98083043286e-20,0.0574035241324
14011000000,-0.00291125948485,-0.0165767615369,-0.00830155325268,-0.00783105498255,0.187257287602,-5.425321305,3.12398217661e-20,0.0366118665082
14053000000,-0.00320666620062,-0.0162078015289,-0.00848772952976,-0.00798595171936,0.190760373338,-5.56504603226,3.20685538159e-20,0.016976086982
14078000000,-0.00344434709867,-0.0156819130736,-0.00855611116947,-0.00798232215585,0.194240842437,-5.61699873327,3.23437805064e-20,-0.00133432045581
14119000000,-0.00359491434601,-0.0151702326258,-0.00853531299277,-0.00793397777676,0.19768637714,-5.61142834909,3.2192422027e-20,-0.0184179498734
14159000000,-0.00370180012716,-0.0146598726586,-0.00846754087471,-0.00777535856245,0.201112317337,-5.56663424183,3.18071208575e-20,-0.0339203418654
14211000000,-0.00376266475768,-0.014195902253,-0.00836759906194,-0.00757870616983,0.204575669125,-5.50343588717,3.12607187351e-20,-0.0478992553175
14256000000,-0.00380566242646,-0.0139836704135,-0.00833554100609,-0.00739038711609,0.208002944646,-5.47967319825,3.10039426945e-20,-0.0603526916353
14289000000,-0.00383626744338,-0.0139883967262,-0.00836448737964,-0.00730382484207,0.211450804901,-5.49893114526,3.10161562832e-20,-0.0712119830315
14318000000,-0.00384959332539,-0.0141916619826,-0.00844333227365,-0.00725840077402,0.214873278463,-5.54994020208,3.12430162565e-20,-0.0806016798376
14377000000,-0.00384854044136,-0.0144788195813,-0.008534111129,-0.00725666560117,0.218296682843,-5.60732380252,3.15177048269e-20,-0.088383750949
14419000000,-0.00384088813882,-0.0147992499196,-0.00862973443823,-0.00728039625278,0.221788770744,-5.67175798185,3.18122740373e-20,-0.0945515546309
14452000000,-0.00380550792186,-0.0151564917289,-0.00870685723587,-0.00725855335108,0.225213282841,-5.7163267392,3.20099472297e-20,-0.0992164755081
14487000000,-0.00378309522434,-0.0154174154071,-0.00876454234499,-0.00730459987248,0.228782664425,-5.7573981863,3.21314616304e-20,-0.102446158034
14535000000,-0.00373205079074,-0.0157313273802,-0.00880894849677,-0.00728662524231,0.232258313461,-5.78140113603,3.21781336477e-20,-0.104319002279
14565000000,-0.00371447308249,-0.0159904801625,-0.00887036245564,-0.0073600535564,0.235870207491,-5.82528899174,3.23178927479e-20,-0.104948547747
14599000000,-0.00368413752769,-0.0163658760158,-0.00895702822579,-0.00744924333461,0.239400933769,-5.88083954372,3.256420021e-20,-0.104439224947
14652000000,-0.00368639827369,-0.0166571879612,-0.0090495108032,-0.00759179367309,0.243028250973,-5.94569568845,3.28512239325e-20,-0.102807413028
14702000000,-0.0036881193202,-0.0169637114901,-0.0091467490582,-0.0077190207344,0.246629141091,-6.01181088153,3.31579563421e-20,-0.100169580036
14728000000,-0.00371149478584,-0.0172092640516,-0.00924665145261,-0.00785690651778,0.250283867817,-6.08255624048,3.3485181871e-20,-0.0967642703464
14769000000,-0.00373248830258,-0.0173354780496,-0.00930270376498,-0.00795186718118,0.253937888433,-6.12394115167,3.3616442875e-20,-0.0925575968348
14807000000,-0.00375066446773,-0.0173580144277,-0.00931933343518,-0.00800780978908,0.257570691378,-6.13724904686,3.35708266462e-20,-0.0876704697967
14867000000,-0.00380195070782,-0.0171853679605,-0.00930852086145,-0.00795873140099,0.261338077186,-6.13838656711,3.34125701742e-20,-0.0823847518687
14889000000,-0.00382444617695,-0.0171944972996,-0.00932530223267,-0.00802283176556,0.264923172973,-6.15262209215,3.33720784866e-20,-0.0766017538824
14931000000,-0.00385705632952,-0.0172186248451,-0.00935880320239,-0.00813276130362,0.268527659784,-6.18301263559,3.34138882811e-20,-0.0705819804518
14965000000,-0.00390818537487,-0.017240950049,-0.00941286600632,-0.00818607669884,0.272093442027,-6.22322509976,3.35496345151e-20,-0.0642618544871
15010000000,-0.00400096285616,-0.0170907282268,-0.00945625763156,-0.0081245547368,0.275749337449,-6.25883921206,3.36489558852e-20,-0.0578113643843
15058000000,-0.00404318489054,-0.0171590855944,-0.00951533904078,-0.00826154931878,0.279208846136,-6.30558912097,3.38126017722e-20,-0.0513383166565
15082000000,-0.00408668321368,-0.0172575257912,-0.00958784293403,-0.00837211247581,0.282633574381,-6.36182967686,3.40363863434e-20,-0.0448892078546
15140000000,-0.00413200087792,-0.0173922290334,-0.00967409371287,-0.00848679714424,0.285977193779,-6.42358650538,3.43220856413e-20,-0.0385974889656
15172000000,-0.00416199770792,-0.0175278224246,-0.00974315903585,-0.0086422696923,0.289264734138,-6.47599519528,3.45313252251e-20,-0.0324830374557
15229000000,-0.00418505032995,-0.0176363234671,-0.00979586502202,-0.00876072117113,0.292498292245,-6.51640715821,3.46651100991e-20,-0.0266224838622
15260000000,-0.0042685049612,-0.017445388152,-0.00981889951274,-0.00859838097789,0.295895033835,-6.53901564296,3.46764465893e-20,-0.021053655979
15295000000,-0.00425566232488,-0.0174923989965,-0.00981063833211,-0.00868917009774,0.298992837781,-6.53695606754,3.45307036017e-20,-0.0158011442691
15329000000,-0.00423622189266,-0.0174811551465,-0.00977638753691,-0.00873211922145,0.30207222838,-6.51878461018,3.42670410758e-20,-0.0109645959668
15373000000,-0.0042252782983,-0.0174597882179,-0.00974846555733,-0.00874600777164,0.305119732574,-6.50336156954,3.40330939339e-20,-0.00653193474989
15415000000,-0.00421623324422,-0.0174513514943,-0.00972787272388,-0.0087578523367,0.308146758598,-6.49419018897,3.38335252965e-20,-0.00253950802146
15451000000,-0.00420822903071,-0.0174062361916,-0.00969609768335,-0.00873721492271,0.311146336686,-6.47629996342,3.35838631788e-20,0.00102461280015
15493000000,-0.00419645718102,-0.0173351978019,-0.00965171582712,-0.00869759337069,0.314123337354,-6.45032278479,3.32772928737e-20,0.00412678420104
15523000000,-0.00418403983618,-0.017241362108,-0.00959903518675,-0.00863941213706,0.317078801834,-6.41838398881,3.29336143504e-20,0.00684605791522
15569000000,-0.00417266173441,-0.017164309264,-0.00955321604281,-0.00859108661875,0.320010249383,-6.39085992483,3.26219934088e-20,0.00909082397251
15619000000,-0.00416313515291,-0.0171071838246,-0.00951664604721,-0.00855212236859,0.322930833084,-6.37056068179,3.2353210396e-20,0.0108905851277
15646000000,-0.00417354503176,-0.0171410883058,-0.0095328659349,-0.00855551119567,0.325834430622,-6.38426808473,3.23264653475e-20,0.0122927959399
15676000000,-0.00419343229612,-0.0172933743693,-0.00960056588644,-0.00862157080063,0.328730988583,-6.43461251642,3.25346303205e-20,0.0132714403522
15726000000,-0.00423230417735,-0.0175013870271,-0.00970796132613,-0.00871255252149,0.331617414989,-6.51020665237,3.2925754022e-20,0.013876170014
15766000000,-0.0042674005978,-0.017734796552,-0.00982016267273,-0.00882202002342,0.334500425333,-6.59050565,3.33385098619e-20,0.0141167133724
15816000000,-0.00430809011648,-0.0179378049083,-0.00992785747719,-0.00891549100559,0.337383740343,-6.66664937895,3.37322105136e-20,0.0140285827858
15857000000,-0.00434559563976,-0.0181629802292,-0.0100396039244,-0.00902713557089,0.340266872815,-6.74625471221,3.41439192532e-20,0.0136343002672
15894000000,-0.00438813812606,-0.018383728934,-0.0101552345826,-0.00913729516843,0.343155102153,-6.82801376159,3.45741748297e-20,0.0129787863307
15937000000,-0.00443152769315,-0.0186103444064,-0.0102737715152,-0.00925331204881,0.346042536941,-6.91189265564,3.50180000541e-20,0.0120805646402
15973000000,-0.00447549878621,-0.0188242791591,-0.0103886627672,-0.00936466230138,0.3489440049,-6.9936498163,3.54455233031e-20,0.010961094437
16018000000,-0.00452127328573,-0.0190224057776,-0.0104999272622,-0.00946822341091,0.35185041551,-7.07233183838,3.58568386671e-20,0.00966242112711
16043000000,-0.00455161206234,-0.0191257292829,-0.0105616521618,-0.0095289097174,0.354769592493,-7.11794072253,3.60416213206e-20,0.00822211022747
16085000000,-0.00457076233316,-0.0191219197216,-0.0105740951191,-0.00953665292945,0.357698509267,-7.12952645602,3.60015980107e-20,0.00667041935956
16120000000,-0.00457638064352,-0.0190368888988,-0.0105437502231,-0.00950725917302,0.360633441145,-7.11246163178,3.57659471469e-20,0.00503129094779
16172000000,-0.00457262237427,-0.0188634994512,-0.0104726587171,-0.00943301111704,0.363582510373,-7.06739070096,3.53441653828e-20,0.00333479414235
16213000000,-0.00455722181383,-0.0186183941012,-0.0103640868315,-0.00932538774561,0.366541592227,-6.99708089767,3.4750835035e-20,0.00160172124552
16272000000,-0.00456015730479,-0.0184989987391,-0.0103190617703,-0.00927771804299,0.369518517194,-6.97034963055,3.44473223325e-20,-0.000164330815571
16289000000,-0.00458878677242,-0.0185310462192,-0.0103538079053,-0.00929877513893,0.372495898358,-6.99565766816,3.45072958352e-20,-0.00194626326937
16335000000,-0.00462774899791,-0.0187137878567,-0.0104519509728,-0.00940380475397,0.375482763712,-7.06614673414,3.48557599059e-20,-0.00371917876208
16367000000,-0.00467145668441,-0.0188732632224,-0.0105475706885,-0.00948724761188,0.378493815102,-7.13448244665,3.51929116158e-20,-0.0054509121149
16420000000,-0.00471267799585,-0.0190264522385,-0.0106381357078,-0.00956738291761,0.381508404736,-7.19898753159,3.55063166945e-20,-0.00712102687379
16455000000,-0.004734854505,-0.0190702373657,-0.0106703927368,-0.00959614687731,0.384401894011,-7.22397463919,3.55571343608e-20,-0.00870238496453
16490000000,-0.00474205031987,-0.0190045191116,-0.0106484122867,-0.00956876376846,0.387324185926,-7.21176611576,3.53590524171e-20,-0.0101809243813
16524000000,-0.00473440122307,-0.0188556751536,-0.0105814887053,-0.00950346701809,0.390268759646,-7.16947949567,3.49547227336e-20,-0.0115466040141
16571000000,-0.00473528354158,-0.0187658722416,-0.0105441122875,-0.00946439420276,0.393236323419,-7.14682051509,3.46841165967e-20,-0.0128083977403
16624000000,-0.00474305018455,-0.0187433878431,-0.0105374148404,-0.00946043675972,0.396224748473,-7.14538173149,3.4552612109e-20,-0.0139549099531
16667000000,-0.00474060689828,-0.0186311845598,-0.0104886975263,-0.00940742041783,0.399237565193,-7.11519070335,3.42284514953e-20,-0.0149726738333
16705000000,-0.00471402038251,-0.0184768390732,-0.0103979191189,-0.00935428587955,0.402234660479,-7.05632695015,3.37095025568e-20,-0.0158526360986
16740000000,-0.00469338640257,-0.018206609005,-0.01027519598,-0.00921636839517,0.405286893842,-6.9762521084,3.3046699545e-20,-0.0166089157445
16774000000,-0.00479843490302,-0.0177387769875,-0.0102186249903,-0.0092225328741,0.408607846503,-6.94684172558,-0.3,-0.0772508073167
16816000000,-0.00515519441948,-0.0166879794818,-0.0102195979707,-0.00973834683445,0.412471854943,-6.9731323515,-0.3,-0.137784244267
16857000000,-0.00608058052224,-0.0139548716038,-0.010251377339,-0.0103958307301,0.417704376245,-7.05082169323,-0.3,-0.198277049457
16890000000,-0.00756343831711,-0.00954648877801,-0.0103069378322,-0.0111160664603,0.424289836364,-7.17287290375,-0.3,-0.258702727717
16932000000,-0.00946310014601,-0.00389656799306,-0.0103855648279,-0.011819976754,0.431877104154,-7.3299106822,-0.3,-0.319020272379
16967000000,-0.0108940277895,0.000259014476779,-0.0104865730179,-0.0120684035263,0.438388377132,-7.47278102086,-0.3,-0.379094959435
17016000000,-0.0119880762942,0.003328271604,-0.0106032002054,-0.012091210284,0.444082562735,-7.60254417918,-0.3,-0.438688968861
17108000000,-0.0130400732373,0.00633380542082,-0.0106979983721,-0.0119902297661,0.449773006009,-7.71544316309,-0.3,-0.497506068191
17112000000,-0.0141266059093,0.00954519396711,-0.0107716888405,-0.0114573998719,0.455726983859,-7.8169347,-0.3,-0.554929978867
17131000000,-0.0151546456701,0.0126003806727,-0.0108302468815,-0.0109622463304,0.461489896954,-7.89588091906,-0.3,-0.611359321522
17171000000,-0.0161548901532,0.0155928757233,-0.0108886264075,-0.0101885762556,0.467362159697,-7.97686556472,-0.3,-0.666229662855
17206000000,-0.0171367223189,0.0185327220302,-0.0109471195088,-0.00927433464002,0.473264070165,-8.05132396521,-0.3,-0.719312950371
17257000000,-0.0180891367907,0.0213689032057,-0.0110163073791,-0.00818702865674,0.479333513373,-8.13769997367,-0.3,-0.770310670374
17295000000,-0.0190100161819,0.0240687245735,-0.0110929682023,-0.00719835818044,0.485376814754,-8.21896977153,-0.3,-0.819069391755
17329000000,-0.019882710509,0.0266080183242,-0.0111765531824,-0.0061675768529,0.491499878626,-8.31057635772,-0.3,-0.865359595105
17366000000,-0.0207137826814,0.0290873217392,-0.0112258390339,-0.00532150642477,0.497545084458,-8.36595996049,-0.3,-0.909743608476
17397000000,-0.0214707615227,0.031548667865,-0.011206568017,-0.00431465555627,0.503745118209,-8.38314202173,-0.3,-0.95154848252
17480000000,-0.0221092743213,0.033815651658,-0.011120777974,-0.00353267349973,0.509925966775,-8.35893544026,-0.3,-0.987621145311
17492000000,-0.0226132484441,0.0356048136095,-0.0110353960231,-0.00325280591199,0.515633191405,-8.31213673927,-0.3,-1.02288168082
17525000000,-0.0232927716387,0.0379151062717,-0.0109632397014,-0.00296702605504,0.522002738363,-8.29200618883,-0.3,-1.05475694575
17562000000,-0.0225721501978,0.0358196477827,-0.0108990824069,-0.00260131837758,0.525112201886,-8.20091700017,-0.3,-1.08317871347
17623000000,-0.0207983315911,0.030427970897,-0.0108379727401,-0.002219075007,0.525929417897,-8.06887330823,-0.3,-1.10803721243
17671000000,-0.0172396447888,0.0192057053877,-0.0108586557947,-0.00180944629565,0.522413889329,-7.88738557866,-0.3,-1.12916080701
17694000000,-0.0140719272582,0.00907261455785,-0.0109275183755,-0.00157450950188,0.520091647289,-7.77476795171,-0.3,-1.14648153035
17738000000,-0.00940023606548,-0.00595813080162,-0.0110565808044,-0.00138946144594,0.514050504805,-7.61128182479,-0.3,-1.15970842899
17764000000,-0.00589393148615,-0.017511144804,-0.0112445466209,-0.001449309999,0.511035634263,-7.56204914057,-0.3,-1.16887734349
17797000000,-0.00147688391332,-0.0321273058171,-0.0115008431836,-0.00160355590951,0.505747603517,-7.5005547206,-0.3,-1.17414271278
17846000000,0.0017517313722,-0.0432415986709,-0.011792629219,-0.00314022523208,0.503260572045,-7.53981915099,-0.3,-1.1754649948
17885000000,0.00488161375623,-0.0541348668774,-0.012154720513,-0.00354358082463,0.501209527468,-7.62377104115,-0.3,-1.17343273561
17938000000,0.00654949095738,-0.0605720609181,-0.0125484776981,-0.00426845994706,0.502606800229,-7.79702547995,-0.3,-1.16792423401
17969000000,0.00720890301105,-0.0638808904174,-0.0129516926419,-0.00514271150913,0.506514454582,-8.03797048066,-0.3,-1.15956258058
18032000000,0.00801601132557,-0.067711960483,-0.013373077023,-0.00603997955508,0.509966039376,-8.27582830601,-0.3,-1.14866108432
18068000000,0.0076853274504,-0.0677943281756,-0.0137310298632,-0.00695495624103,0.516241519279,-8.53765793944,-0.3,-1.13542362923
18108000000,0.00765610529748,-0.0686806140164,-0.0140388048471,-0.00781865289485,0.521719666901,-8.745501097,-0.3,-1.12033476477
18136000000,0.00690540725886,-0.0671527705987,-0.0142927325634,-0.00869945124388,0.528969773069,-8.95901525572,-0.3,-1.10365484753
18166000000,0.00620296351325,-0.0657883725429,-0.014551260926,-0.00957417649795,0.536014412348,-9.17261252446,-0.3,-1.08585651421
18218000000,0.00520537143385,-0.0635028846416,-0.0148120277359,-0.0104212745602,0.54369777839,-9.40259623458,-0.3,-1.06719555843
18247000000,0.00406112494204,-0.060822747794,-0.0150949494209,-0.0113101603878,0.551618277349,-9.65502850989,-0.3,-1.0479799091
18294000000,0.00275244881127,-0.0576823129559,-0.0153975495704,-0.0122005622878,0.559833253722,-9.92905228258,-0.3,-1.02852839617
18337000000,0.00140406963304,-0.0544697127418,-0.0157180868012,-0.0131136508432,0.568040876166,-10.2164908154,-0.3,-1.00910214514
18372000000,-8.34126478934e-05,-0.0510057746636,-0.0161022838386,-0.0141117807052,0.576442427895,-10.5544452413,-0.3,-0.98996658859
18411000000,-0.00152932841961,-0.0478349799238,-0.0165438559303,-0.0151194862032,0.584597592611,-10.9266699531,-0.3,-0.971371890958
18440000000,-0.0030776189382,-0.0444019637522,-0.0170033864086,-0.0162720895241,0.592927381929,-11.3213826393,-0.3,-0.953345538081
18485000000,-0.00421689340391,-0.042312840488,-0.0174900524492,-0.0172197567151,0.600118144531,-11.7063908695,-0.3,-0.936359839215
18535000000,-0.00596265031532,-0.038350139974,-0.0179870419705,-0.0181322109605,0.608685422555,-12.1290731012,-0.3,-0.920407354714
18564000000,-0.00760944419661,-0.0348515098685,-0.018539350024,-0.0190646219767,0.616922693103,-12.5858136888,-0.3,-0.905656349941
18602000000,-0.00895914078487,-0.0324345316132,-0.0191449182823,-0.0199751328215,0.624299032608,-13.0582399833,-0.3,-0.892209598274
18653000000,-0.0105304728912,-0.0291611842297,-0.0196945951811,-0.0208702273132,0.632218170232,-13.5091279375,-0.3,-0.880171977549
