%time,field0,field1,field2,field3
118000000,0.0522828168513,0.00856857276174,3.17259878256,7.9314969564
123000000,0.300371348712,0.0492275265945,18.2269784344,45.5674460861
126000000,0.390167211301,0.063944070741,23.6759244072,59.1898110181
169000000,0.390167211302,0.0639440707409,23.6759244072,59.1898110181
210000000,0.390930819607,0.0638517045489,23.6745175349,59.2017060657
248000000,0.302247751718,0.0498663301447,18.4139826349,45.9963136228
311000000,-0.390378197438,-0.0639187307409,-23.6755149566,-59.1951030815
346000000,-0.392809118261,-0.0636264218401,-23.670801507,-59.2559575791
378000000,-0.391764126335,-0.063754459838,-23.6728213831,-59.2301655403
410000000,-0.391161020098,-0.0638291029672,-23.6739787958,-59.2160579812
452000000,-0.390814020834,-0.063872140277,-23.6746450147,-59.2079047192
479000000,-0.390575366579,-0.0639013508488,-23.6751047237,-59.2021764656
531000000,-0.390389634196,-0.0639236438729,-23.6754631444,-59.1976897305
564000000,-0.390264027019,-0.0639384129942,-23.6757055487,-59.1946803256
610000000,-0.390201589573,-0.0639454787899,-23.6758259415,-59.1932172727
651000000,-0.390209440549,-0.0639441127401,-23.6758107404,-59.1934410116
691000000,-0.3902126516,-0.063943323067,-23.6758045166,-59.193550954
729000000,-0.390226224301,-0.0639413442822,-23.675778464,-59.1938886613
769000000,-0.390237069449,-0.0639397438266,-23.6757577655,-59.1941469042
804000000,-0.390241943016,-0.0639389008503,-23.6757486247,-59.1942543728
864000000,-0.390242063019,-0.0639386599121,-23.6757486701,-59.1942436309
907000000,-0.390247031247,-0.0639378628328,-23.6757393956,-59.1943430066
938000000,-0.336546054969,-0.05513796107,-20.4171193851,-51.0481905065
982000000,-0.198688110591,-0.0325454512955,-12.0516881342,-30.1350032385
997000000,0.00357804331466,0.000604536434252,0.222491967479,0.549917217676
1050000000,0.220237309638,0.0361114495905,13.3696265039,33.4174501183
1100000000,0.390107714011,0.0639485105895,23.6760683971,59.18590885
1123000000,0.390111582277,0.0639481529583,23.6760604649,59.1860419299
1172000000,0.390115054716,0.06394783489,23.6760532657,59.1861689664
1200000000,0.39011786314,0.0639475879274,23.6760473146,59.1862837239
1236000000,0.390120142665,0.0639473946698,23.6760423547,59.1863892884
1296000000,0.387230162744,0.0634736778765,23.5008058283,58.7479960698
1330000000,0.363456735503,0.0595774679506,22.0583411841,55.1415420456
1364000000,0.331366147444,0.0543182270039,20.1111847429,50.2733721787
1421000000,0.294211041515,0.0482290226923,17.8567108082,44.6369216311
1455000000,0.266155834406,0.0436312201807,16.1544304686,40.3809717428
1490000000,0.246229069327,0.0403656513224,14.9454043525,37.3581676166
1527000000,0.232600793613,0.0381323374271,14.1185734886,35.2908659496
1574000000,0.235452043997,0.0385996969443,14.2917068567,35.7235031423
1621000000,0.251172385187,0.0411762310991,15.2457644083,38.1084555354
1657000000,0.278445159828,0.0456444636903,16.9004519235,42.2451620139
1696000000,0.315878537657,0.0517801479801,19.1722145946,47.9243344756
1728000000,0.361141863083,0.0591987674589,21.9190372998,54.7911895803
1755000000,0.390134676961,0.0639464615963,23.6760074797,59.1873639758
1806000000,0.390130168547,0.0639470391886,23.6760160016,59.1872700914
1848000000,0.390126771705,0.063947489874,23.6760233713,59.1871057548
1888000000,0.390131579148,0.0639469588928,23.6760152256,59.1871049592
1931000000,0.390130420102,0.063947142534,23.6760182576,59.1869961166
1969000000,0.390127883115,0.0639474865607,23.6760236351,59.1868872508
2012000000,0.390127000524,0.0639476344597,23.6760257119,59.1868285651
2047000000,0.390128190922,0.0639475328549,23.676023841,59.1868140314
2086000000,0.390130461106,0.0639472990669,23.6760199995,59.1868139254
2128000000,0.390133000333,0.0639470300082,23.6760157482,59.1868093812
2170000000,0.390134915217,0.0639468332786,23.6760127688,59.1867829702
2212000000,0.390136329972,0.0639466964401,23.6760107954,59.1867404351
2253000000,0.39010997493,0.0639413961242,23.6740058447,59.1821592962
2298000000,0.390139345789,0.0639463970452,23.6760065342,59.1866542559
2326000000,0.390140312866,0.0639463098995,23.6760054413,59.1865991348
2374000000,0.390141161205,0.0639462334921,23.6760045496,59.1865437318
2406000000,0.39014213568,0.063946140501,23.676003364,59.1864964766
2450000000,0.390143731388,0.0639459723085,23.6760009238,59.1864698014
2497000000,0.390145215356,0.0639458171988,23.675998606,59.1864490607
2542000000,0.390147068811,0.063945616486,23.6759954681,59.1864482655
2580000000,0.390150254959,0.0639452499781,23.6759896687,59.1864891982
2615000000,0.390153955077,0.0639448168297,23.6759827366,59.1865563192
2651000000,0.390156937281,0.0639444687163,23.6759769964,59.1866243932
2685000000,0.390158588298,0.0639442802684,23.6759736079,59.1866810811
2722000000,0.390160140832,0.0639441029166,23.6759702152,59.186755143
2769000000,0.390162820903,0.0639437884062,23.6759644644,59.1868759931
2815000000,0.390171931101,0.0639427005972,23.6759461964,59.1871635216
2849000000,0.390166248413,0.0639433790654,23.6759560485,59.1871441341
2886000000,0.388969248259,0.0637463739455,23.6032035413,59.0053149574
2938000000,0.383367974418,0.0628278609471,23.2632600202,58.1555067488
2971000000,0.382926849462,0.0627472083959,23.2306526402,58.0836712523
3017000000,0.387434699249,0.0634757192414,23.4986849723,58.7618996014
3053000000,0.388347920778,0.0636201189009,23.5502596345,58.8973840531
3091000000,0.386062733688,0.0632426483258,23.4087434477,58.5489877903
3134000000,0.381113236299,0.0624287616486,23.1060177177,57.7967133698
3174000000,0.378007897004,0.0619170017531,22.9155135887,57.3242827681
3209000000,0.376511549966,0.0616692602213,22.8229993288,57.0961769995
3250000000,0.374513412626,0.0613399699415,22.700419295,56.7923297758
3294000000,0.371964820353,0.0609212315812,22.5448022444,56.4053859207
3327000000,0.369002332662,0.0604352697817,22.3643604332,55.955980804
3371000000,0.367700991975,0.0602218627745,22.2849176039,55.7587596819
3418000000,0.367924544799,0.0602586060268,22.2981704133,55.7930067409
3457000000,0.367913004664,0.0602570522555,22.2972681449,55.7898781275
3479000000,0.367610741333,0.0602156830622,22.2805011271,55.747550057
3558000000,0.367082625355,0.0601321641441,22.2489420859,55.6687958587
3570000000,0.366333008724,0.0600099476706,22.2034586503,55.5553607932
3612000000,0.365387413972,0.0598550086974,22.1460020233,55.4119003299
3651000000,0.3615249967,0.0592195900456,21.9096607394,54.8244265943
3693000000,0.354861085883,0.0581244552208,21.5034791922,53.8118405156
3735000000,0.345977658649,0.056666933989,20.9631553813,52.4638704194
3773000000,0.337030038299,0.0551971287123,20.4187287027,51.1044244188
3833000000,0.328164996942,0.0537443121034,19.8802424041,49.7591990017
3851000000,0.321692288688,0.0526821659269,19.4867402911,48.776428852
3907000000,0.317459364884,0.0519880306911,19.2294650863,48.1339554389
3930000000,0.315281355779,0.0516283185192,19.0964601244,47.8021423817
3970000000,0.313973612497,0.0514129558464,19.0167297805,47.6031268452
4006000000,0.313205387314,0.0512864113237,18.9698810132,47.4861142226
4060000000,0.312066670255,0.0510996539106,18.9007163583,47.3131208947
4085000000,0.31057533317,0.0508555135662,18.8102901728,47.0868212607
4133000000,0.30881441544,0.0505672532186,18.7035552008,46.8196574361
4163000000,0.306512260438,0.0501902124011,18.5639925539,46.4703559815
4205000000,0.303765306556,0.0497401722352,18.3974416913,46.0535355846
4251000000,0.300938110067,0.0492769321237,18.2260332008,45.6245266938
4302000000,0.298067151022,0.0488064931068,18.0519814613,45.1888762222
4335000000,0.295169005185,0.0483313410396,17.876255873,44.7505152675
4367000000,0.291485013898,0.0477217961064,17.6516025744,44.1891551044
4404000000,0.287079246242,0.0469983210668,17.3841221024,43.5200594083
4453000000,0.281974459964,0.0461627904921,17.0747862386,42.7461302845
4484000000,0.276271193161,0.0452292739279,16.7291612912,41.8814673929
4537000000,0.270077537519,0.0442149082806,16.3536776444,40.942282821
4561000000,0.264173788002,0.0432475187993,15.9956668277,40.0468202386
4606000000,0.258553363879,0.0423266613681,15.654869569,39.1943877364
4645000000,0.254220335078,0.0416174117877,15.3923261265,38.5375338792
4688000000,0.25104301562,0.04109816565,15.2000409467,38.0562567961
4726000000,0.24876855561,0.040726869795,15.0625404676,37.7123298215
4773000000,0.247782398115,0.0405655195198,15.0029452703,37.5630832476
4809000000,0.247917253428,0.0405883301229,15.0114672549,37.5840615733
4851000000,0.24702062392,0.0404441407195,14.9587471757,37.4498361086
4891000000,0.245195687843,0.0401482919055,14.8496529602,37.1750037083
4929000000,0.242590196045,0.0397229885575,14.6927240331,36.7809831106
4968000000,0.23947878094,0.0392140404455,14.50482205,36.3097973814
5005000000,0.235971788836,0.0386401011089,14.2927855674,35.7784652848
5045000000,0.232155018653,0.0380154990717,14.0618932046,35.2001430904
5129000000,0.228107026889,0.0373531582415,13.8169385259,34.5867802972
5141000000,0.223844674684,0.0366531076339,13.5583408843,33.9396683934
5182000000,0.220115270872,0.0360440823807,13.3328546941,33.3750726561
5210000000,0.216953648945,0.0355277986078,13.1417119191,32.8964093636
5251000000,0.213579388749,0.0349763695548,12.9375651923,32.3853043684
5291000000,0.210022874263,0.0343945657256,12.7222192183,31.8462744403
5325000000,0.206307809302,0.0337862720108,12.4970922443,31.2815621443
5368000000,0.202747411099,0.0332062045498,12.2819742826,30.7429587029
5412000000,0.199379361996,0.0326536053478,12.0776101357,30.2318119723
5449000000,0.196374654385,0.0321588186356,11.8949010545,29.7749509736
5502000000,0.193707858648,0.0317197814492,11.7327721925,29.3694435545
5545000000,0.191384015225,0.0313409925609,11.5923465939,29.0179496084
5579000000,0.189361731417,0.0310067410614,11.4691359971,28.7097439891
5612000000,0.187738015778,0.0307387585102,11.3703198452,28.4625128285
5644000000,0.184947609164,0.030279853647,11.200771807,28.0384310794
5693000000,0.18109343806,0.0296468397504,10.9667229784,27.4531108858
5727000000,0.176285817073,0.0288577753432,10.6748600159,26.7231760202
5770000000,0.172609728439,0.0282549219093,10.4518280095,26.1653458807
5810000000,0.1700469657,0.0278347939665,10.296408731,25.776411111
5852000000,0.167952160381,0.0274919807839,10.1695234698,25.4588744606
5906000000,0.166241736358,0.0272120870222,10.0659435621,25.1995174569
5957000000,0.164861965693,0.0269863886735,9.98242998403,24.9904236525
5965000000,0.163531115539,0.0267683948994,9.90179563934,24.7870191865
6017000000,0.162217361502,0.0265555428329,9.82274278959,24.5889718761
6059000000,0.160698292597,0.0263023021789,9.72973289267,24.3567014681
6096000000,0.158947581402,0.0260135221961,9.62319646882,24.0902495174
6131000000,0.157006815132,0.0256941044311,9.50523630232,23.7950905576
6174000000,0.154653191935,0.0253080731705,9.36245474395,23.4377755842
6211000000,0.151640133959,0.0248145941217,9.17981654321,22.9822265028
6257000000,0.150202444076,0.0245759896467,9.09206120001,22.7629428745
6291000000,0.150209494182,0.0245770250847,9.09261543208,22.7640359323
6333000000,0.151311262657,0.0247591034395,9.15995062754,22.9319265398
6375000000,0.151575495593,0.0248039242041,9.17644086349,22.9720678838
6410000000,0.150953377608,0.0247048333145,9.13944493482,22.8795514256
6454000000,0.149740009361,0.0245057277471,9.06586914086,22.6959096054
6486000000,0.147911169774,0.0242048851309,8.95474041532,22.4183585875
6560000000,0.145641593087,0.0238326489819,8.81704548341,22.0742609914
6609000000,0.142107103868,0.0232552476597,8.60306193591,21.5392654652
6609000000,0.1377290021,0.0225392736342,8.33780045286,20.8750190537
6642000000,0.133406887591,0.0218335100819,8.0761684596,20.220465737
6686000000,0.129169338773,0.0211401006059,7.81933265406,19.5783080527
6726000000,0.125012283953,0.0204578346465,7.56692310462,18.9473307571
6772000000,0.121167353488,0.0198220947835,7.33242288463,18.3616381574
6818000000,0.117856018279,0.0192798361981,7.13163180252,17.8594631504
6851000000,0.11537372505,0.0188737540981,6.9812140026,17.4832840407
6895000000,0.113584023956,0.0185811029219,6.87280509824,17.2121798979
6929000000,0.112364714174,0.0183816678946,6.79894603824,17.0273880945
6967000000,0.111483853783,0.0182379355089,6.74583769128,16.8955059749
7009000000,0.110858256535,0.0181325590662,6.70741252768,16.7992645632
7053000000,0.110626497729,0.0180950392536,6.69359149307,16.7642420824
7088000000,0.110703350208,0.018109205528,6.69871465316,16.7756179255
7130000000,0.111029760468,0.018165744896,6.71930463304,16.8265265711
7172000000,0.110562162248,0.0180894366855,6.69110159652,16.7558439424
7203000000,0.109323656236,0.0178853347412,6.61578731,16.5675564812
7245000000,0.107671064186,0.0176133299837,6.51532787175,16.3163621045
7297000000,0.105720008653,0.0172930906346,6.39690057373,16.0201472115
7326000000,0.103508580155,0.0169307297378,6.26279328677,15.6849814508
7376000000,0.101221487621,0.0165554946714,6.12397962957,15.3375672101
7422000000,0.098906112554,0.0161766690967,5.98367832395,14.986364782
7448000000,0.0962946156645,0.0157494236147,5.82543193433,14.5903595801
7474000000,0.0934280450179,0.0152798636047,5.6515929223,14.1554474675
7527000000,0.0903523136103,0.0147756630078,5.46498001511,13.6886264843
7570000000,0.087660957125,0.0143343888306,5.30167550028,13.2800633916
7620000000,0.0855946528802,0.0139956368952,5.17631803203,12.9663422622
7654000000,0.0837487214032,0.0136931126277,5.06435855968,12.6860951969
7689000000,0.0820546680787,0.0134156031581,4.96157443382,12.4288064733
7726000000,0.0805764241317,0.0131501659616,4.86798685447,12.1971594549
7727000000,0.0793715017366,0.012927311698,4.79279781832,12.0089080368
7806000000,0.0785291322953,0.0127725285836,4.74373728572,11.8842646135
7860000000,0.0781284784941,0.0127243926481,4.73079253744,11.8453920015
7892000000,0.0776114645322,0.0127830222112,4.73960961424,11.8503561553
7929000000,0.0780447270402,0.0128784284576,4.78139900718,11.948259179
7970000000,0.078236970433,0.0129405736431,4.8074539109,12.0080628474
8022000000,0.0779336703891,0.0129071024996,4.79647591305,11.9805715227
8046000000,0.0772538330514,0.012828927887,4.76842204524,11.9064332173
8091000000,0.0765869494886,0.012744085119,4.73638650351,11.8262887035
8127000000,0.0760768762054,0.0126334363602,4.70075256948,11.7451355643
8179000000,0.074936615412,0.0124609484009,4.63399044562,11.5790867507
8207000000,0.0733973239136,0.0122096079353,4.53642812513,11.345361031
8248000000,0.0714022324371,0.0118802668549,4.41031198661,11.0350972804
8286000000,0.0691525505485,0.0114855289941,4.25851770616,10.672549437
8332000000,0.0665665096095,0.0110277094348,4.08687208733,10.2545361941
8372000000,0.0648231441522,0.0106937832947,3.95911750286,9.95449452386
8428000000,0.0634895385942,0.0104629818208,3.8658849492,9.73238632971
8458000000,0.0629042958897,0.0103366769981,3.8161923955,9.62329015555
8496000000,0.06252388321,0.010225059227,3.76961910936,9.52806712475
8534000000,0.0621064621956,0.0101160506605,3.72551779173,9.43118425275
8569000000,0.0616383775636,0.00998300275599,3.67254173447,9.32177173263
8616000000,0.0608794709518,0.00982319995878,3.61197217123,9.18066932113
8655000000,0.0595471373236,0.00954697559937,3.50775965468,8.94145567205
8700000000,0.057376906769,0.00917691452349,3.36790394876,8.59910743188
8727000000,0.054718142497,0.00869838592561,3.18973962907,8.17081396979
8768000000,0.0523260393498,0.00828138402692,3.03565657936,7.79480468064
8812000000,0.0503595274281,0.00793176105923,2.90600672828,7.482357075
8851000000,0.0485838046044,0.00762532478722,2.79290017661,7.20872813412
8891000000,0.0469915779822,0.00735637256816,2.69394286928,6.96665570065
8938000000,0.045594528905,0.00711910471017,2.60634342362,6.75522149082
8973000000,0.0443020349372,0.00690911437669,2.52963786808,6.56616050417
9014000000,0.0431907697423,0.00672478763617,2.46206580341,6.40238990141
9051000000,0.0422620925863,0.00657802996869,2.40893343653,6.27157438287
9092000000,0.0415431729156,0.00646484769665,2.3680334784,6.17200898484
9132000000,0.0409616510235,0.00637902751215,2.33731581364,6.09642687136
9170000000,0.0404863966896,0.00631226231473,2.31349309478,6.03721788705
9210000000,0.0400931865304,0.00626121198507,2.29501472043,5.99205982427
9248000000,0.0391831676606,0.00612680812804,2.24630969374,5.87085496773
9290000000,0.0378825326981,0.00592853550022,2.17460630812,5.69033509296
9323000000,0.0362408239163,0.00567214420434,2.08083933839,5.45661858786
9370000000,0.0346033740389,0.00541748579851,1.98842786829,5.22398114477
9392000000,0.033039548327,0.00516967699374,1.89823808631,4.99995360473
9451000000,0.0315261146864,0.00493201775243,1.81271056446,4.78476277801
9493000000,0.0301142271714,0.00470825668735,1.73144910673,4.58298998483
9529000000,0.0285757847219,0.00451262437719,1.65425322554,4.38442141269
9584000000,0.0270492503955,0.00427015543241,1.56653744024,4.16660101334
9602000000,0.0251951388551,0.00397678004273,1.45933457385,3.89871387972
9643000000,0.0229424957928,0.00361879386478,1.32775287991,3.56922028631
9690000000,0.0203971218447,0.00321173272933,1.1774909427,3.19550820709
9729000000,0.0175553662211,0.00276049987494,1.01085658573,2.77820459907
9771000000,0.015588747606,0.00244895905979,0.895167337482,2.49156606312
9810000000,0.0143071161975,0.0022556442722,0.82328965103,2.31154002608
9847000000,0.0130927237842,0.00206949291807,0.753574926161,2.13979199419
9882000000,0.0118032223323,0.00187268756132,0.680844271779,1.95868405828
9930000000,0.010507119474,0.00167221166907,0.605698769766,1.77341628198
9972000000,0.00948015865101,0.00151697220888,0.547582639422,1.63025233391
10007000000,0.00870945670939,0.00139693333119,0.50312796293,1.52291986047
10044000000,0.00819520554843,0.00132133426845,0.474769419869,1.4550827815
10097000000,0.00776714201111,0.0012583456881,0.451122602051,1.40104109659
10129000000,0.00769870141811,0.00123719897851,0.442185161545,1.38483152129
10169000000,0.00737716824505,0.00113740403135,0.401008840317,1.2975249543
10201000000,0.0066573411595,0.000957448461607,0.32999429006,1.13989615603
10266000000,0.00571080619459,0.000735204932629,0.245152647218,0.947873607236
10291000000,0.00450924231027,0.000485221225674,0.150133707216,0.727548809104
10329000000,0.00308395161593,0.000213087137976,0.0473610081731,0.483887086508
10363000000,0.00173001269809,-3.20764191353e-05,-0.0452203593784,0.262911662646
10423000000,0.000590187110635,-0.000257878333092,-0.125849778662,0.0709657912693
10446000000,-0.000649035965277,-0.000438877025349,-0.197845994384,-0.106826915346
10484000000,-0.00190987486923,-0.000617252342994,-0.267648933699,-0.279102113866
10537000000,-0.0031485548026,-0.000794172657806,-0.335521822036,-0.449980632586
10583000000,-0.00391434189556,-0.000897942374133,-0.375834141827,-0.548311969265
10621000000,-0.00425835949979,-0.00094154893571,-0.392151451761,-0.589792844947
10647000000,-0.00431127093231,-0.000946551050541,-0.393511848138,-0.589850576928
10694000000,-0.00415051934962,-0.000921457370105,-0.38329762144,-0.563629559916
10746000000,-0.00381368729124,-0.000868607778519,-0.363392778525,-0.510368946282
10765000000,-0.00389501445637,-0.000891279976061,-0.37081105524,-0.525591429012
10812000000,-0.00435330431492,-0.000977515614222,-0.402047091585,-0.601467921013
10853000000,-0.00501149269861,-0.00109286770854,-0.444950544864,-0.703237570768
10896000000,-0.00579566949567,-0.00123196920698,-0.496538263396,-0.831106136172
10934000000,-0.00673634726427,-0.00138885553025,-0.555794405889,-0.972596072567
10971000000,-0.00786108166743,-0.00158832184494,-0.62935641491,-1.1543812214
11004000000,-0.00925224477202,-0.00181893063065,-0.715884338562,-1.36445671495
11045000000,-0.0105932731782,-0.00204920432534,-0.80137228917,-1.57506762595
11089000000,-0.0119483696762,-0.00227150880274,-0.884891838631,-1.77844862059
11131000000,-0.0132621357237,-0.00249088589446,-0.96673558231,-1.97928721065
11171000000,-0.0138132198161,-0.0025794455068,-1.00058978476,-2.06003632167
11209000000,-0.0136698668748,-0.00255290826002,-0.991753038258,-2.03285717907
11243000000,-0.013426447084,-0.00251046811076,-0.977029640973,-1.99261596007
11282000000,-0.0131471077005,-0.0024564735657,-0.958444901672,-1.93973806054
11339000000,-0.0127984272472,-0.00239530575806,-0.936560755963,-1.88126747228
11391000000,-0.0128279992823,-0.00238885942467,-0.935488335476,-1.87289058384
11415000000,-0.0131876095688,-0.00243121685583,-0.953297342359,-1.91408436677
11443000000,-0.0136908406802,-0.00250283195613,-0.98097893917,-1.97693618026
11491000000,-0.0143316558566,-0.00260028292307,-1.01781177306,-2.06409707962
11540000000,-0.0151441487652,-0.0027207647282,-1.06397199246,-2.17613831484
11602000000,-0.0159743468979,-0.00287131363946,-1.11735222945,-2.30242161706
11626000000,-0.0167606360371,-0.00301316052061,-1.16790772937,-2.41828875417
11658000000,-0.0176652202046,-0.003150396298,-1.22048966488,-2.54281535807
11695000000,-0.0186814596495,-0.00329035382971,-1.27655159628,-2.6774729739
11725000000,-0.0197273832956,-0.00343943966035,-1.33552917192,-2.81923512823
11766000000,-0.0206539162764,-0.00357211293342,-1.3881684216,-2.94357191715
11806000000,-0.0214536102212,-0.00369203580125,-1.43510981641,-3.05348420513
11846000000,-0.0221346564377,-0.00379895340731,-1.47659059471,-3.14753419135
11886000000,-0.0227074079523,-0.00389460586193,-1.51310285537,-3.22920985071
11926000000,-0.0231973651798,-0.00397952884136,-1.54549228059,-3.29943402408
11966000000,-0.0234200016863,-0.00402304976486,-1.56256326312,-3.33075285022
12001000000,-0.0233905450684,-0.00402637037654,-1.56472727116,-3.32480365917
12057000000,-0.0234142736043,-0.00403505212028,-1.56957362654,-3.32480396834
12098000000,-0.0234958993527,-0.0040507236719,-1.57744430373,-3.3343083595
12130000000,-0.0235324959036,-0.00406714517119,-1.587997929,-3.34607236612
12172000000,-0.0236751473443,-0.00408832459415,-1.60229494023,-3.3699044278
12209000000,-0.023956134427,-0.00411663077154,-1.62011991849,-3.40246773934
12262000000,-0.024193837102,-0.00413332874765,-1.6323309022,-3.42380693051
12296000000,-0.0244533660417,-0.00418541885022,-1.63956795593,-3.43621721406
12325000000,-0.024741823809,-0.00417076458492,-1.64232767999,-3.4411158738
12379000000,-0.0249912716348,-0.0041542891874,-1.64324251154,-3.44095808275
12399000000,-0.0252198157634,-0.00413369588281,-1.64254557102,-3.43923091304
12471000000,-0.0256924068187,-0.00415115999858,-1.65597370088,-3.47102292411
12492000000,-0.0262571288572,-0.00420648034088,-1.68171443697,-3.53402154022
12538000000,-0.0269792994027,-0.0042949903742,-1.71893165178,-3.62195553677
12577000000,-0.0277434256599,-0.00442521785686,-1.7693398479,-3.74156582805
12604000000,-0.0286516123325,-0.00458754699168,-1.8309832157,-3.88484461646
12657000000,-0.0292352952822,-0.00473431455968,-1.88494554686,-4.00773001823
12691000000,-0.0297117509881,-0.00485817664819,-1.93099789075,-4.10854232097
12740000000,-0.0299411886969,-0.0049651088128,-1.97038650326,-4.19163317235
12770000000,-0.0303100961338,-0.00509137183707,-2.01728806105,-4.29325086512
12810000000,-0.0307607117133,-0.0052380887472,-2.07195907526,-4.41226162571
12859000000,-0.0309252929861,-0.00534490555142,-2.11188045526,-4.49700137841
12886000000,-0.0309892056526,-0.00541148222277,-2.13791129966,-4.54465863044
12926000000,-0.0307038207694,-0.00544777183589,-2.15257842492,-4.56606498379
12969000000,-0.0307858035829,-0.00549926393237,-2.17485615703,-4.60636209219
13013000000,-0.0308569781196,-0.00557589695279,-2.20569338506,-4.66988348426
13049000000,-0.0311984614543,-0.00566801906471,-2.24253285812,-4.74807081518
13094000000,-0.0314941892219,-0.00577713428781,-2.28444419041,-4.83857862642
13130000000,-0.0320476455585,-0.00589685122684,-2.33081213984,-4.94357562268
13162000000,-0.0326281433179,-0.00603194288747,-2.38220893313,-5.05960672167
13194000000,-0.0333464043257,-0.00617838390452,-2.43791850983,-5.18998325281
13257000000,-0.0339786908894,-0.00627458687876,-2.4779233769,-5.28435057679
13292000000,-0.0343168213441,-0.00636406181206,-2.51119227845,-5.35582842162
13332000000,-0.034676063133,-0.00642507644984,-2.534750423,-5.40613571818
13366000000,-0.0350020544371,-0.00649467101901,-2.56123182949,-5.46470748565
13415000000,-0.0355127940591,-0.00656935501994,-2.59038603569,-5.53109743226
13454000000,-0.035877946102,-0.00662895208499,-2.61374406802,-5.58347101968
13486000000,-0.0362346688403,-0.0066707263265,-2.63103874981,-5.62180807945
13531000000,-0.0364952058116,-0.00669924800571,-2.643234795,-5.6473542936
13571000000,-0.0367202106488,-0.00671694871031,-2.65147158613,-5.66350827255
13611000000,-0.0370664961693,-0.00672748674761,-2.65602313805,-5.67538760984
13654000000,-0.0373192838671,-0.00679285403707,-2.67866060389,-5.72149053396
13697000000,-0.0377650877586,-0.00690291076852,-2.71782923428,-5.80708015349
13735000000,-0.0385149519405,-0.00704961115921,-2.77140248483,-5.93040512822
13780000000,-0.0395825080453,-0.00722495774766,-2.83684953915,-6.08702577261
13807000000,-0.0409524492666,-0.00742482625489,-2.9122308572,-6.27045541849
13846000000,-0.042502875949,-0.007639907027,-2.99379160804,-6.47215920172
13883000000,-0.0442319415717,-0.00786837902256,-3.08084566049,-6.6887659871
13919000000,-0.0460639800324,-0.00810883218154,-3.17252000932,-6.91771051572
13965000000,-0.0482086959446,-0.00839511848158,-3.2819404289,-7.19125965435
14006000000,-0.0505770527731,-0.00872253773245,-3.40669556076,-7.49938652562
14043000000,-0.0520619779806,-0.00891666258579,-3.4818948308,-7.68622948542
14095000000,-0.0527538718006,-0.00898463819809,-3.51118125015,-7.75078139027
14119000000,-0.052791658675,-0.00896185298543,-3.5062002128,-7.73248434208
14161000000,-0.0524785792165,-0.00888568533637,-3.48264385506,-7.66097725994
14201000000,-0.0519078153044,-0.00877532419232,-3.44667047483,-7.56187493774
14249000000,-0.0517124021355,-0.00873239207931,-3.43671429383,-7.52174584819
14285000000,-0.0518669809774,-0.00875609839757,-3.45073883339,-7.54271392836
14324000000,-0.0522947127934,-0.0088316100269,-3.48410146676,-7.61004318031
14365000000,-0.0527740557184,-0.00892172302478,-3.52231414251,-7.68739257108
14405000000,-0.053274784959,-0.00901823480756,-3.56261277266,-7.7733146071
14443000000,-0.0536212505454,-0.00909362805976,-3.59554394183,-7.83388490419
14498000000,-0.0538769685872,-0.00915426406047,-3.62157279933,-7.8856259788
14531000000,-0.0540069612926,-0.00919770269785,-3.64209249839,-7.91625992759
14568000000,-0.0542923964131,-0.00926379996503,-3.6697461785,-7.97192527628
14618000000,-0.0547091627579,-0.00935582676865,-3.70709653278,-8.04664166901
14652000000,-0.0552102144601,-0.00945699913758,-3.74702403129,-8.13240479671
14702000000,-0.0557373940663,-0.00956187184965,-3.78865482484,-8.2207220341
14731000000,-0.0563120127868,-0.00967003346778,-3.83138172313,-8.3143679766
14767000000,-0.0566208934464,-0.00973224149628,-3.85708406956,-8.36586551324
14807000000,-0.0566892384969,-0.00975311311493,-3.86745649799,-8.3777789998
14857000000,-0.0566391250962,-0.00974022416479,-3.86681656612,-8.36896091747
14889000000,-0.0567163472216,-0.00976177642719,-3.87724449043,-8.381972628
14934000000,-0.056911802768,-0.00980272994634,-3.89434410905,-8.41621084861
14969000000,-0.0572513344203,-0.00986027567694,-3.91890232677,-8.46580516184
15010000000,-0.057582852765,-0.00989998994254,-3.93875276552,-8.50695990033
15058000000,-0.0579462428972,-0.00996780654467,-3.9656207193,-8.56521911133
15097000000,-0.0583910144423,-0.0100471317217,-3.99743664936,-8.63678384292
15140000000,-0.0589195179549,-0.0101402738526,-4.03444916035,-8.71786806109
15173000000,-0.0593281486841,-0.0102191009355,-4.06509531555,-8.78507165538
15229000000,-0.0596279673263,-0.0102793888163,-4.08921490627,-8.83550388186
15260000000,-0.0598256677132,-0.0102924877002,-4.10044592326,-8.85787278065
15301000000,-0.059713462209,-0.0102909874831,-4.10101428411,-8.84853995096
15326000000,-0.0594360008646,-0.0102607526477,-4.09134448466,-8.81550375543
15366000000,-0.0592059981435,-0.0102348339574,-4.08386789671,-8.78687829664
15420000000,-0.059022908634,-0.0102159620107,-4.07915464292,-8.76666573339
15453000000,-0.058773253777,-0.0101839828986,-4.06994289475,-8.73438376991
15492000000,-0.0584429293662,-0.0101383407556,-4.05577724852,-8.69037058574
15536000000,-0.058061738386,-0.0100833267266,-4.03830741788,-8.63795682671
15569000000,-0.0577239342647,-0.0100357296962,-4.02350071951,-8.59201030842
15611000000,-0.0574446700198,-0.00999781890202,-4.01226971126,-8.55602751121
15649000000,-0.0575088377699,-0.0100146473902,-4.02143349227,-8.56932295062
15697000000,-0.0578962799408,-0.0100861974984,-4.05063649417,-8.63436707165
15730000000,-0.0585471165029,-0.0101984645919,-4.09513038666,-8.73608182694
15766000000,-0.0592228726425,-0.0103166451465,-4.14157457864,-8.84402982307
15808000000,-0.0598785854151,-0.0104293702221,-4.18619240678,-8.94639838063
15851000000,-0.0605552441069,-0.0105472638446,-4.23247474759,-9.05351092175
15884000000,-0.0612617397139,-0.0106688914448,-4.2802305325,-9.16384305932
15924000000,-0.0619871270871,-0.0107937608308,-4.3291308695,-9.27715936678
15963000000,-0.06269146863,-0.0109147411317,-4.37662288898,-9.38726650901
16004000000,-0.0633760630541,-0.0110316534898,-4.4226832578,-9.49318588127
16050000000,-0.0637424846803,-0.0110970134323,-4.44957878672,-9.55164581418
16095000000,-0.0637972867928,-0.0111104335802,-4.4573383904,-9.5616805105
16141000000,-0.0635770119035,-0.0110793192413,-4.4485395186,-9.5306458789
16168000000,-0.0630987829971,-0.0110051884009,-4.42391845107,-9.45968566136
16200000000,-0.0623797556073,-0.0108919986701,-4.38479327051,-9.35259166021
16244000000,-0.0620671599496,-0.010845261208,-4.3703198751,-9.3075312626
16282000000,-0.0622669873293,-0.0108815253146,-4.38672255317,-9.33759845078
16332000000,-0.0628631118269,-0.0109856285095,-4.42786577616,-9.43146355576
16367000000,-0.063449483897,-0.0110858687021,-4.46793563765,-9.52227785511
16418000000,-0.0640019555882,-0.0111809294015,-4.50606176892,-9.60778667197
16456000000,-0.0641804822156,-0.0112152221565,-4.52148698129,-9.63706803385
16494000000,-0.0640121086035,-0.0111924864331,-4.51588658975,-9.61329963431
16532000000,-0.0635536870805,-0.0111230475503,-4.49291757458,-9.5463889526
16573000000,-0.0632835585138,-0.0110844073861,-4.48141551304,-9.50763570193
16636000000,-0.0632070254941,-0.0110782497604,-4.48186700576,-9.49903218431
16669000000,-0.0628633134712,-0.0110275399266,-4.46599380111,-9.44935961583
16709000000,-0.0622350362012,-0.0109353746639,-4.43404515727,-9.35903732828
16740000000,-0.0614211003165,-0.0108062976714,-4.38942896099,-9.23782481699
16776000000,-0.0611867806684,-0.0107515631741,-4.37095947269,-9.18601673151
16814000000,-0.0616787552463,-0.010786763329,-4.37766984703,-9.20712897878
16857000000,-0.0631612810611,-0.0108616188493,-4.3974062703,-9.28499946472
16890000000,-0.0655804581758,-0.0109646729095,-4.42716151905,-9.41029958822
16934000000,-0.068725348512,-0.0110898263128,-4.46602490148,-9.5740813981
16964000000,-0.0713122973761,-0.0112073948135,-4.51050450428,-9.73135319433
17012000000,-0.0734973220223,-0.011325703039,-4.55941041521,-9.88136635897
17040000000,-0.0754788867272,-0.0114146597315,-4.59936983928,-10.0079041844
17112000000,-0.0773575297744,-0.011455298627,-4.629059243,-10.114617503
17131000000,-0.0790565593945,-0.0114834969691,-4.65308321946,-10.1948791622
17171000000,-0.080693495343,-0.0114939235937,-4.67571883251,-10.2760381037
17205000000,-0.0822912009606,-0.0114955644887,-4.69768536455,-10.349979817
17256000000,-0.0838986355127,-0.0114968341053,-4.7230572243,-10.4382139598
17289000000,-0.0855076523566,-0.0115117238425,-4.75182480367,-10.5237724103
17337000000,-0.0870880453209,-0.0115308011816,-4.78320698631,-10.6217479973
17366000000,-0.088413433727,-0.0115277347053,-4.8023979818,-10.674281617
17454000000,-0.0892180246334,-0.0114469361283,-4.79478194475,-10.6685325687
17480000000,-0.0894795017488,-0.0113146336788,-4.76305199802,-10.6037567128
17491000000,-0.089581616781,-0.0112143124796,-4.73384084213,-10.5192433927
17539000000,-0.0900120433357,-0.0111267597717,-4.71005482255,-10.4637191321
17584000000,-0.0885043489268,-0.0110408099143,-4.68776163073,-10.3490195713
17623000000,-0.0855303930612,-0.0109560268769,-4.66591862205,-10.2017095264
17657000000,-0.0805108907416,-0.0109486045833,-4.67362487008,-10.0410266408
17694000000,-0.0763443413878,-0.0109999683604,-4.70132780425,-9.9609709926
17736000000,-0.0704081470558,-0.0111128296262,-4.75098683128,-9.85829580171
17764000000,-0.0664865270162,-0.0113001380482,-4.82576400591,-9.87939229823
17817000000,-0.061685972784,-0.0115602803069,-4.92639096909,-9.91473950054
17846000000,-0.058836472307,-0.011944523073,-5.04933741854,-10.0589235286
17885000000,-0.0565005193559,-0.0123256292358,-5.19304537233,-10.2617962555
17942000000,-0.0564351065932,-0.012759881827,-5.3518938183,-10.553768405
17969000000,-0.0578622806947,-0.0132136384766,-5.51612029046,-10.9095574976
18032000000,-0.0591880353838,-0.0136866855859,-5.68719479453,-11.268612661
18068000000,-0.0617502119536,-0.0140991467852,-5.83512363222,-11.6252475651
18103000000,-0.0635835707042,-0.0144585990769,-5.96320397625,-11.9154092234
18147000000,-0.0661201790477,-0.0147666071759,-6.07141273742,-12.1906393078
18166000000,-0.0686162773666,-0.0150786678955,-6.18120705241,-12.4677397424
18218000000,-0.0715410057827,-0.0153912388764,-6.29184311971,-12.7597061105
18245000000,-0.0748093280811,-0.0157284927248,-6.41122668964,-13.0798289827
18297000000,-0.0784271363466,-0.0160852533139,-6.53816788453,-13.426186419
18334000000,-0.0822104505508,-0.0164612423221,-6.6720567913,-13.7911081199
18377000000,-0.0865750672969,-0.0169055290225,-6.83078691109,-14.2244969648
18411000000,-0.0912214219875,-0.0174068185002,-7.01132786417,-14.7092025586
18428000000,-0.0961313546452,-0.017935391517,-7.19965705893,-15.2217639481
18485000000,-0.100611012716,-0.0184770349503,-7.39664616274,-15.7345707054
18535000000,-0.106004862795,-0.0190268804507,-7.59777835919,-16.2835874807
18564000000,-0.111591124762,-0.0196325050194,-7.82005514547,-16.8836281076
